Day_Date,vaccinated,vaccinated_cum,vaccinated_population_perc,vaccinated_seconde_dose,vaccinated_seconde_dose_cum,vaccinated_seconde_dose_population_perc,vaccinated_third_dose,vaccinated_third_dose_cum,vaccinated_third_dose_population_perc,vaccinated_fourth_dose,vaccinated_fourth_dose_cum,vaccinated_fourth_dose_population_perc,vaccinated_validity_perc,vaccinated_expired_perc,not_vaccinated_perc
2020-12-19T00:00:00.000Z,46,70,0,0,4,0,0,0,0,0,0,0,0,0,100
2020-12-20T00:00:00.000Z,7394,7464,0.08,0,4,0,0,0,0,0,0,0,0,0,100
2020-12-21T00:00:00.000Z,24923,32387,0.35,0,4,0,0,0,0,0,0,0,0,0,100
2020-12-22T00:00:00.000Z,44663,77050,0.83,0,4,0,0,0,0,0,0,0,0,0,100
2020-12-23T00:00:00.000Z,62916,139966,1.51,0,4,0,0,0,0,0,0,0,0,0,100
2020-12-24T00:00:00.000Z,73428,213394,2.29,0,4,0,0,0,0,0,0,0,0,0,100
2020-12-25T00:00:00.000Z,38515,251909,2.71,0,4,0,0,0,0,0,0,0,0,0,100
2020-12-26T00:00:00.000Z,32617,284526,3.06,0,4,0,0,0,0,0,0,0,0,0,100
2020-12-27T00:00:00.000Z,104570,389096,4.18,0,4,0,0,0,0,0,0,0,0,0,100
2020-12-28T00:00:00.000Z,135033,524129,5.64,0,4,0,0,0,0,0,0,0,0,0,100
2020-12-29T00:00:00.000Z,156329,680458,7.32,2,6,0,0,0,0,0,0,0,0,0,100
2020-12-30T00:00:00.000Z,153175,833633,8.96,0,6,0,0,0,0,0,0,0,0,0,100
2020-12-31T00:00:00.000Z,158580,992213,10.67,0,6,0,0,0,0,0,0,0,0,0,100
2021-01-01T00:00:00.000Z,71433,1063646,11.44,0,6,0,0,0,0,0,0,0,0,0,100
2021-01-02T00:00:00.000Z,71740,1135386,12.21,0,6,0,0,0,0,0,0,0,0,0,100
2021-01-03T00:00:00.000Z,149760,1285146,13.82,0,6,0,0,0,0,0,0,0,0,0,100
2021-01-04T00:00:00.000Z,152196,1437342,15.46,1,7,0,0,0,0,0,0,0,0,0,100
2021-01-05T00:00:00.000Z,125213,1562555,16.8,4,11,0,0,0,0,0,0,0,0,0,100
2021-01-06T00:00:00.000Z,103362,1665917,17.91,2,13,0,0,0,0,0,0,0,0,0,100
2021-01-07T00:00:00.000Z,116059,1781976,19.16,9,22,0,0,0,0,0,0,0,0,0,100
2021-01-08T00:00:00.000Z,66459,1848435,19.88,4,26,0,0,0,0,0,0,0,0,0,100
2021-01-09T00:00:00.000Z,44548,1892983,20.36,24,50,0,0,0,0,0,0,0,0,0,100
2021-01-10T00:00:00.000Z,37647,1930630,20.76,6000,6050,0.07,0,0,0,0,0,0,0,0,100
2021-01-11T00:00:00.000Z,21174,1951804,20.99,19264,25314,0.27,0,0,0,0,0,0,0,0,100
2021-01-12T00:00:00.000Z,24073,1975877,21.25,35672,60986,0.66,0,0,0,0,0,0,0,0,100
2021-01-13T00:00:00.000Z,52072,2027949,21.81,56874,117860,1.27,0,0,0,0,0,0,0,0,100
2021-01-14T00:00:00.000Z,56473,2084422,22.41,68836,186696,2.01,0,0,0,0,0,0,0,0,100
2021-01-15T00:00:00.000Z,30775,2115197,22.75,35940,222636,2.39,0,0,0,0,0,0,0,0,100
2021-01-16T00:00:00.000Z,29479,2144676,23.06,26006,248642,2.67,0,0,0,0,0,0,0,0,100
2021-01-17T00:00:00.000Z,68440,2213116,23.8,84595,333237,3.58,0,0,0,0,0,0,0.31,0,99.69
2021-01-18T00:00:00.000Z,69815,2282931,24.55,120432,453669,4.88,0,0,0,0,0,0,0.58,0,99.42
2021-01-19T00:00:00.000Z,72891,2355822,25.33,137841,591510,6.36,0,0,0,0,0,0,1.09,0,98.91
2021-01-20T00:00:00.000Z,76914,2432736,26.16,143759,735269,7.91,0,0,0,0,0,0,1.9,0,98.1
2021-01-21T00:00:00.000Z,70000,2502736,26.91,164462,899731,9.68,0,0,0,0,0,0,2.88,0,97.12
2021-01-22T00:00:00.000Z,37927,2540663,27.32,71130,970861,10.44,0,0,0,0,0,0,3.39,0,96.61
2021-01-23T00:00:00.000Z,39964,2580627,27.75,53593,1024454,11.02,0,0,0,0,0,0,3.77,0,96.23
2021-01-24T00:00:00.000Z,69146,2649773,28.49,140703,1165157,12.53,0,0,0,0,0,0,4.96,0,95.04
2021-01-25T00:00:00.000Z,80942,2730715,29.36,139518,1304675,14.03,0,0,0,0,0,0,6.61,0,93.39
2021-01-26T00:00:00.000Z,78724,2809439,30.21,126440,1431115,15.39,0,0,0,0,0,0,8.45,0,91.55
2021-01-27T00:00:00.000Z,77974,2887413,31.05,125063,1556178,16.73,0,0,0,0,0,0,10.34,0,89.66
2021-01-28T00:00:00.000Z,79569,2966982,31.91,130624,1686802,18.14,0,0,0,0,0,0,12.43,0,87.57
2021-01-29T00:00:00.000Z,36703,3003685,32.3,64791,1751593,18.84,0,0,0,0,0,0,13.34,0,86.66
2021-01-30T00:00:00.000Z,34393,3038078,32.67,42763,1794356,19.3,0,0,0,0,0,0,14.02,0,85.98
2021-01-31T00:00:00.000Z,73330,3111408,33.46,59501,1853857,19.94,0,0,0,0,0,0,15.76,0,84.24
2021-02-01T00:00:00.000Z,82504,3193912,34.35,35356,1889213,20.32,0,0,0,0,0,0,17.48,0,82.52
2021-02-02T00:00:00.000Z,70100,3264012,35.1,31071,1920284,20.65,0,0,0,0,0,0,19.01,0,80.99
2021-02-03T00:00:00.000Z,60307,3324319,35.75,51440,1971724,21.2,0,0,0,0,0,0,20.47,0,79.53
2021-02-04T00:00:00.000Z,72626,3396945,36.53,58096,2029820,21.83,0,0,0,0,0,0,22,0,78
2021-02-05T00:00:00.000Z,33943,3430888,36.89,28804,2058624,22.14,0,0,0,0,0,0,22.75,0,77.25
2021-02-06T00:00:00.000Z,21621,3452509,37.13,22229,2080853,22.38,0,0,0,0,0,0,23.23,0,76.77
2021-02-07T00:00:00.000Z,54077,3506586,37.71,68737,2149590,23.12,0,0,0,0,0,0,23.99,0,76.01
2021-02-08T00:00:00.000Z,58638,3565224,38.34,65464,2215054,23.82,0,0,0,0,0,0,24.52,0,75.48
2021-02-09T00:00:00.000Z,66350,3631574,39.05,67572,2282626,24.55,0,0,0,0,0,0,25.04,0,74.96
2021-02-10T00:00:00.000Z,70565,3702139,39.81,72309,2354935,25.32,0,0,0,0,0,0,25.77,0,74.23
2021-02-11T00:00:00.000Z,81166,3783305,40.68,72104,2427039,26.1,0,0,0,0,0,0,26.61,0,73.39
2021-02-12T00:00:00.000Z,39100,3822405,41.1,37595,2464634,26.5,0,0,0,0,0,0,27.02,0,72.98
2021-02-13T00:00:00.000Z,27463,3849868,41.4,30440,2495074,26.83,0,0,0,0,0,0,27.33,0,72.67
2021-02-14T00:00:00.000Z,74914,3924782,42.21,69082,2564156,27.57,0,0,0,0,0,0,28.25,0,71.75
2021-02-15T00:00:00.000Z,81541,4006323,43.08,75718,2639874,28.39,0,0,0,0,0,0,29.17,0,70.83
2021-02-16T00:00:00.000Z,83416,4089739,43.98,78295,2718169,29.23,0,0,0,0,0,0,30.11,0,69.89
2021-02-17T00:00:00.000Z,61978,4151717,44.65,75640,2793809,30.04,0,0,0,0,0,0,31.01,0,68.99
2021-02-18T00:00:00.000Z,69153,4220870,45.39,79738,2873547,30.9,0,0,0,0,0,0,31.94,0,68.06
2021-02-19T00:00:00.000Z,39673,4260543,45.82,38160,2911707,31.31,0,0,0,0,0,0,32.45,0,67.55
2021-02-20T00:00:00.000Z,31649,4292192,46.16,28723,2940430,31.62,0,0,0,0,0,0,32.85,0,67.15
2021-02-21T00:00:00.000Z,79433,4371625,47.01,78444,3018874,32.46,0,0,0,0,0,0,33.8,0,66.2
2021-02-22T00:00:00.000Z,85057,4456682,47.93,80592,3099466,33.33,0,0,0,0,0,0,34.83,0,65.17
2021-02-23T00:00:00.000Z,77328,4534010,48.76,70483,3169949,34.09,0,0,0,0,0,0,35.84,0,64.16
2021-02-24T00:00:00.000Z,61064,4595074,49.41,63142,3233091,34.77,0,0,0,0,0,0,36.76,0,63.24
2021-02-25T00:00:00.000Z,51726,4646800,49.97,64802,3297893,35.46,0,0,0,0,0,0,37.66,0,62.34
2021-02-26T00:00:00.000Z,25910,4672710,50.25,32040,3329933,35.81,0,0,0,0,0,0,38.1,0,61.9
2021-02-27T00:00:00.000Z,18348,4691058,50.45,21195,3351128,36.04,0,0,0,0,0,0,38.42,0,61.58
2021-02-28T00:00:00.000Z,40362,4731420,50.88,55871,3406999,36.64,0,0,0,0,0,0,39.24,0,60.76
2021-03-01T00:00:00.000Z,45746,4777166,51.37,61438,3468437,37.3,0,0,0,0,0,0,40.1,0,59.9
2021-03-02T00:00:00.000Z,41198,4818364,51.81,64797,3533234,37.99,0,0,0,0,0,0,40.85,0,59.15
2021-03-03T00:00:00.000Z,42028,4860392,52.27,66787,3600021,38.71,0,0,0,0,0,0,41.55,0,58.45
2021-03-04T00:00:00.000Z,39716,4900108,52.69,79120,3679141,39.56,0,0,0,0,0,0,42.24,0,57.76
2021-03-05T00:00:00.000Z,17363,4917471,52.88,40464,3719605,40,0,0,0,0,0,0,42.57,0,57.43
2021-03-06T00:00:00.000Z,10718,4928189,53,25347,3744952,40.27,0,0,0,0,0,0,42.78,0,57.22
2021-03-07T00:00:00.000Z,31155,4959344,53.33,72845,3817797,41.05,0,0,0,0,0,0,43.36,0,56.64
2021-03-08T00:00:00.000Z,27384,4986728,53.62,73294,3891091,41.84,0,0,0,0,0,0,43.97,0,56.03
2021-03-09T00:00:00.000Z,26755,5013483,53.91,76598,3967689,42.67,0,0,0,0,0,0,44.62,0,55.38
2021-03-10T00:00:00.000Z,23370,5036853,54.16,58681,4026370,43.3,0,0,0,0,0,0,45.27,0,54.73
2021-03-11T00:00:00.000Z,23299,5060152,54.41,69090,4095460,44.04,0,0,0,0,0,0,45.99,0,54.01
2021-03-12T00:00:00.000Z,11295,5071447,54.54,41413,4136873,44.49,0,0,0,0,0,0,46.34,0,53.66
2021-03-13T00:00:00.000Z,7950,5079397,54.62,25239,4162112,44.76,0,0,0,0,0,0,46.57,0,53.43
2021-03-14T00:00:00.000Z,20988,5100385,54.85,73934,4236046,45.55,0,0,0,0,0,0,47.2,0,52.8
2021-03-15T00:00:00.000Z,20146,5120531,55.06,78279,4314325,46.39,0,0,0,0,0,0,47.81,0,52.19
2021-03-16T00:00:00.000Z,18755,5139286,55.27,71479,4385804,47.16,0,0,0,0,0,0,48.43,0,51.57
2021-03-17T00:00:00.000Z,17703,5156989,55.46,59005,4444809,47.8,0,0,0,0,0,0,48.92,0,51.08
2021-03-18T00:00:00.000Z,16047,5173036,55.63,58125,4502934,48.42,0,0,0,0,0,0,49.45,0,50.55
2021-03-19T00:00:00.000Z,6954,5179990,55.7,27979,4530913,48.72,0,0,0,0,0,0,49.75,0,50.25
2021-03-20T00:00:00.000Z,5226,5185216,55.76,15299,4546212,48.89,0,0,0,0,0,0,49.93,0,50.07
2021-03-21T00:00:00.000Z,13170,5198386,55.9,40508,4586720,49.32,0,0,0,0,0,0,50.46,0,49.54
2021-03-22T00:00:00.000Z,13575,5211961,56.05,40540,4627260,49.76,0,0,0,0,0,0,51,0,49
2021-03-23T00:00:00.000Z,2844,5214805,56.08,7299,4634559,49.84,0,0,0,0,0,0,51.43,0,48.57
2021-03-24T00:00:00.000Z,10997,5225802,56.2,46556,4681115,50.34,0,0,0,0,0,0,51.84,0,48.16
2021-03-25T00:00:00.000Z,10265,5236067,56.31,35436,4716551,50.72,0,0,0,0,0,0,52.22,0,47.78
2021-03-26T00:00:00.000Z,4185,5240252,56.35,13332,4729883,50.86,0,0,0,0,0,0,52.4,0,47.6
2021-03-27T00:00:00.000Z,1785,5242037,56.37,4267,4734150,50.91,0,0,0,0,0,0,52.5,0,47.5
2021-03-28T00:00:00.000Z,2111,5244148,56.39,4611,4738761,50.96,0,0,0,0,0,0,52.74,0,47.26
2021-03-29T00:00:00.000Z,6913,5251061,56.47,30016,4768777,51.28,0,0,0,0,0,0,53,0,47
2021-03-30T00:00:00.000Z,7888,5258949,56.55,22454,4791231,51.52,0,0,0,0,0,0,53.08,0,46.92
2021-03-31T00:00:00.000Z,8151,5267100,56.64,19499,4810730,51.73,0,0,0,0,0,0,53.38,0,46.62
2021-04-01T00:00:00.000Z,8206,5275306,56.73,18700,4829430,51.93,0,0,0,0,0,0,53.62,0,46.38
2021-04-02T00:00:00.000Z,2938,5278244,56.76,8129,4837559,52.02,0,0,0,0,0,0,53.71,0,46.29
2021-04-03T00:00:00.000Z,1433,5279677,56.77,2980,4840539,52.05,0,0,0,0,0,0,53.74,0,46.26
2021-04-04T00:00:00.000Z,9617,5289294,56.88,22832,4863371,52.3,0,0,0,0,0,0,53.82,0,46.18
2021-04-05T00:00:00.000Z,10358,5299652,56.99,21273,4884644,52.53,0,0,0,0,0,0,54.04,0,45.96
2021-04-06T00:00:00.000Z,9027,5308679,57.09,16790,4901434,52.71,0,0,0,0,0,0,54.21,0,45.79
2021-04-07T00:00:00.000Z,8926,5317605,57.18,15310,4916744,52.87,0,0,0,0,0,0,54.36,0,45.64
2021-04-08T00:00:00.000Z,9427,5327032,57.28,17008,4933752,53.06,0,0,0,0,0,0,54.52,0,45.48
2021-04-09T00:00:00.000Z,3606,5330638,57.32,6255,4940007,53.12,0,0,0,0,0,0,54.58,0,45.42
2021-04-10T00:00:00.000Z,1633,5332271,57.34,3519,4943526,53.16,0,0,0,0,0,0,54.61,0,45.39
2021-04-11T00:00:00.000Z,9043,5341314,57.44,14248,4957774,53.31,0,0,0,0,0,0,54.78,0,45.22
2021-04-12T00:00:00.000Z,8935,5350249,57.53,13230,4971004,53.46,0,0,0,0,0,0,54.95,0,45.05
2021-04-13T00:00:00.000Z,5839,5356088,57.6,4959,4975963,53.51,0,0,0,0,0,0,55.08,0,44.92
2021-04-14T00:00:00.000Z,3647,5359735,57.64,5308,4981271,53.57,0,0,0,0,0,0,55.18,0,44.82
2021-04-15T00:00:00.000Z,694,5360429,57.64,580,4981851,53.57,0,0,0,0,0,0,55.27,0,44.73
2021-04-16T00:00:00.000Z,3414,5363843,57.68,6647,4988498,53.64,0,0,0,0,0,0,55.33,0,44.67
2021-04-17T00:00:00.000Z,822,5364665,57.69,1971,4990469,53.66,0,0,0,0,0,0,55.35,0,44.65
2021-04-18T00:00:00.000Z,7096,5371761,57.77,7432,4997901,53.74,0,0,0,0,0,0,55.47,0,44.53
2021-04-19T00:00:00.000Z,6404,5378165,57.83,7129,5005030,53.82,0,0,0,0,0,0,55.58,0,44.42
2021-04-20T00:00:00.000Z,6277,5384442,57.9,6886,5011916,53.9,0,0,0,0,0,0,55.65,0,44.35
2021-04-21T00:00:00.000Z,6376,5390818,57.97,7107,5019023,53.97,0,0,0,0,0,0,55.71,0,44.29
2021-04-22T00:00:00.000Z,5946,5396764,58.03,7686,5026709,54.05,0,0,0,0,0,0,55.75,0,44.25
2021-04-23T00:00:00.000Z,2763,5399527,58.06,3387,5030096,54.09,0,0,0,0,0,0,55.8,0,44.2
2021-04-24T00:00:00.000Z,767,5400294,58.07,1290,5031386,54.11,0,0,0,0,0,0,55.82,0,44.18
2021-04-25T00:00:00.000Z,4828,5405122,58.12,6922,5038308,54.18,0,0,0,0,0,0,55.89,0,44.11
2021-04-26T00:00:00.000Z,5477,5410599,58.18,7887,5046195,54.26,0,0,0,0,0,0,55.96,0,44.04
2021-04-27T00:00:00.000Z,4504,5415103,58.23,6621,5052816,54.34,0,0,0,0,0,0,56.03,0,43.97
2021-04-28T00:00:00.000Z,4496,5419599,58.28,7328,5060144,54.41,0,0,0,0,0,0,56.09,0,43.91
2021-04-29T00:00:00.000Z,4376,5423975,58.33,7292,5067436,54.49,0,0,0,0,0,0,56.16,0,43.84
2021-04-30T00:00:00.000Z,1922,5425897,58.35,3199,5070635,54.53,0,0,0,0,0,0,56.19,0,43.81
2021-05-01T00:00:00.000Z,458,5426355,58.35,894,5071529,54.54,0,0,0,0,0,0,56.2,0,43.8
2021-05-02T00:00:00.000Z,3224,5429579,58.39,6090,5077619,54.6,0,0,0,0,0,0,56.26,0,43.74
2021-05-03T00:00:00.000Z,3535,5433114,58.43,5830,5083449,54.66,0,0,0,0,0,0,56.32,0,43.68
2021-05-04T00:00:00.000Z,3590,5436704,58.46,4733,5088182,54.72,0,0,0,0,0,0,56.38,0,43.62
2021-05-05T00:00:00.000Z,3290,5439994,58.5,4090,5092272,54.76,0,0,0,0,0,0,56.44,0,43.56
2021-05-06T00:00:00.000Z,3640,5443634,58.54,3142,5095414,54.79,0,0,0,0,0,0,56.5,0,43.5
2021-05-07T00:00:00.000Z,1841,5445475,58.56,2507,5097921,54.82,0,0,0,0,0,0,56.52,0,43.48
2021-05-08T00:00:00.000Z,237,5445712,58.56,506,5098427,54.83,0,0,0,0,0,0,56.53,0,43.47
2021-05-09T00:00:00.000Z,2851,5448563,58.59,4749,5103176,54.88,0,0,0,0,0,0,56.58,0,43.42
2021-05-10T00:00:00.000Z,2893,5451456,58.62,4709,5107885,54.93,0,0,0,0,0,0,56.63,0,43.37
2021-05-11T00:00:00.000Z,2620,5454076,58.65,3877,5111762,54.97,0,0,0,0,0,0,56.67,0,43.33
2021-05-12T00:00:00.000Z,2030,5456106,58.67,3339,5115101,55.01,0,0,0,0,0,0,56.7,0,43.3
2021-05-13T00:00:00.000Z,2040,5458146,58.69,3681,5118782,55.04,0,0,0,0,0,0,56.73,0,43.27
2021-05-14T00:00:00.000Z,976,5459122,58.7,1492,5120274,55.06,0,0,0,0,0,0,56.75,0,43.25
2021-05-15T00:00:00.000Z,254,5459376,58.71,258,5120532,55.06,0,0,0,0,0,0,56.75,0,43.25
2021-05-16T00:00:00.000Z,529,5459905,58.71,1204,5121736,55.08,0,0,0,0,0,0,56.78,0,43.22
2021-05-17T00:00:00.000Z,299,5460204,58.72,845,5122581,55.09,0,0,0,0,0,0,56.81,0,43.19
2021-05-18T00:00:00.000Z,1958,5462162,58.74,4936,5127517,55.14,0,0,0,0,0,0,56.84,0,43.16
2021-05-19T00:00:00.000Z,2229,5464391,58.76,5041,5132558,55.19,0,0,0,0,0,0,56.87,0,43.13
2021-05-20T00:00:00.000Z,2311,5466702,58.79,3878,5136436,55.23,0,0,0,0,0,0,56.9,0,43.1
2021-05-21T00:00:00.000Z,1188,5467890,58.8,1413,5137849,55.25,0,0,0,0,0,0,56.92,0,43.08
2021-05-22T00:00:00.000Z,206,5468096,58.8,395,5138244,55.25,0,0,0,0,0,0,56.92,0,43.08
2021-05-23T00:00:00.000Z,2271,5470367,58.83,3215,5141459,55.29,0,0,0,0,0,0,56.94,0,43.06
2021-05-24T00:00:00.000Z,2133,5472500,58.85,3595,5145054,55.33,0,0,0,0,0,0,56.96,0,43.04
2021-05-25T00:00:00.000Z,1817,5474317,58.87,2586,5147640,55.36,0,0,0,0,0,0,56.99,0,43.01
2021-05-26T00:00:00.000Z,1409,5475726,58.88,2501,5150141,55.38,0,0,0,0,0,0,57.03,0,42.97
2021-05-27T00:00:00.000Z,1858,5477584,58.9,3184,5153325,55.42,0,0,0,0,0,0,57.06,0,42.94
2021-05-28T00:00:00.000Z,782,5478366,58.91,1404,5154729,55.43,0,0,0,0,0,0,57.07,0,42.93
2021-05-29T00:00:00.000Z,190,5478556,58.91,223,5154952,55.43,0,0,0,0,0,0,57.07,0,42.93
2021-05-30T00:00:00.000Z,1644,5480200,58.93,1936,5156888,55.45,0,0,0,0,0,0,57.1,0,42.9
2021-05-31T00:00:00.000Z,1735,5481935,58.95,2093,5158981,55.48,0,0,0,0,0,0,57.13,0,42.87
2021-06-01T00:00:00.000Z,1377,5483312,58.96,1820,5160801,55.5,0,0,0,0,0,0,57.47,0,42.53
2021-06-02T00:00:00.000Z,1513,5484825,58.98,1606,5162407,55.51,0,0,0,0,0,0,57.25,0,42.75
2021-06-03T00:00:00.000Z,1683,5486508,59,1490,5163897,55.53,0,0,0,0,0,0,57.27,0,42.73
2021-06-04T00:00:00.000Z,1100,5487608,59.01,782,5164679,55.54,0,0,0,0,0,0,57.28,0,42.72
2021-06-05T00:00:00.000Z,183,5487791,59.01,159,5164838,55.54,0,0,0,0,0,0,57.29,0,42.71
2021-06-06T00:00:00.000Z,4289,5492080,59.06,1002,5165840,55.55,0,0,0,0,0,0,57.31,0,42.69
2021-06-07T00:00:00.000Z,4435,5496515,59.11,809,5166649,55.56,0,0,0,0,0,0,57.34,0,42.66
2021-06-08T00:00:00.000Z,3736,5500251,59.15,1172,5167821,55.57,0,0,0,0,0,0,57.36,0,42.64
2021-06-09T00:00:00.000Z,3612,5503863,59.19,1324,5169145,55.59,0,0,0,0,0,0,57.4,0,42.6
2021-06-10T00:00:00.000Z,3357,5507220,59.22,1296,5170441,55.6,0,0,0,0,0,0,57.42,0,42.58
2021-06-11T00:00:00.000Z,1395,5508615,59.24,584,5171025,55.61,0,0,0,0,0,0,57.43,0,42.57
2021-06-12T00:00:00.000Z,217,5508832,59.24,172,5171197,55.61,0,0,0,0,0,0,57.43,0,42.57
2021-06-13T00:00:00.000Z,3100,5511932,59.27,1260,5172457,55.62,0,0,0,0,0,0,57.45,0,42.55
2021-06-14T00:00:00.000Z,3056,5514988,59.31,1527,5173984,55.64,0,0,0,0,0,0,57.46,0,42.54
2021-06-15T00:00:00.000Z,3137,5518125,59.34,1373,5175357,55.65,0,0,0,0,0,0,57.48,0,42.52
2021-06-16T00:00:00.000Z,2729,5520854,59.37,999,5176356,55.66,0,0,0,0,0,0,57.49,0,42.51
2021-06-17T00:00:00.000Z,2726,5523580,59.4,1201,5177557,55.68,0,0,0,0,0,0,57.51,0,42.49
2021-06-18T00:00:00.000Z,1263,5524843,59.41,505,5178062,55.68,0,0,0,0,0,0,57.52,0,42.48
2021-06-19T00:00:00.000Z,242,5525085,59.41,139,5178201,55.68,0,0,0,0,0,0,57.52,0,42.48
2021-06-20T00:00:00.000Z,3315,5528400,59.45,1330,5179531,55.7,0,0,0,0,0,0,57.54,0,42.46
2021-06-21T00:00:00.000Z,5243,5533643,59.51,1213,5180744,55.71,0,0,0,0,0,0,57.56,0,42.44
2021-06-22T00:00:00.000Z,6927,5540570,59.58,1098,5181842,55.72,0,0,0,0,0,0,57.58,0,42.42
2021-06-23T00:00:00.000Z,10754,5551324,59.7,1302,5183144,55.74,0,0,0,0,0,0,57.6,0,42.4
2021-06-24T00:00:00.000Z,12045,5563369,59.83,1466,5184610,55.75,0,0,0,0,0,0,57.62,0,42.38
2021-06-25T00:00:00.000Z,7111,5570480,59.9,943,5185553,55.76,0,0,0,0,0,0,57.62,0,42.38
2021-06-26T00:00:00.000Z,2273,5572753,59.93,198,5185751,55.77,0,0,0,0,0,0,57.63,0,42.37
2021-06-27T00:00:00.000Z,13631,5586384,60.07,3436,5189187,55.8,0,0,0,0,0,0,57.65,0,42.35
2021-06-28T00:00:00.000Z,14517,5600901,60.23,3675,5192862,55.84,0,0,0,0,0,0,57.68,0,42.32
2021-06-29T00:00:00.000Z,16706,5617607,60.41,3742,5196604,55.88,0,0,0,0,0,0,57.69,0,42.31
2021-06-30T00:00:00.000Z,16483,5634090,60.59,3395,5199999,55.92,0,0,0,0,0,0,57.72,0,42.28
2021-07-01T00:00:00.000Z,16828,5650918,60.77,3372,5203371,55.95,121,121,0,0,0,0,57.78,0,42.22
2021-07-02T00:00:00.000Z,9834,5660752,60.87,1603,5204974,55.97,7,128,0,0,0,0,57.79,0,42.21
2021-07-03T00:00:00.000Z,2677,5663429,60.9,296,5205270,55.97,1,129,0,0,0,0,57.79,0,42.21
2021-07-04T00:00:00.000Z,17734,5681163,61.09,3160,5208430,56.01,2,131,0,0,0,0,57.85,0,42.15
2021-07-05T00:00:00.000Z,17845,5699008,61.28,3043,5211473,56.04,7,138,0,0,0,0,57.91,0,42.09
2021-07-06T00:00:00.000Z,17845,5716853,61.48,3406,5214879,56.08,11,149,0,0,0,0,57.99,0,42.01
2021-07-07T00:00:00.000Z,15525,5732378,61.64,2699,5217578,56.11,12,161,0,0,0,0,58.05,0,41.95
2021-07-08T00:00:00.000Z,16585,5748963,61.82,2874,5220452,56.14,17,178,0,0,0,0,58.12,0,41.88
2021-07-09T00:00:00.000Z,11123,5760086,61.94,1534,5221986,56.15,4,182,0,0,0,0,58.15,0,41.85
2021-07-10T00:00:00.000Z,4988,5765074,61.99,388,5222374,56.16,6,188,0,0,0,0,58.15,0,41.85
2021-07-11T00:00:00.000Z,1456,5766530,62.01,2848,5225222,56.19,8,196,0,0,0,0,58.22,0,41.78
2021-07-12T00:00:00.000Z,2422,5768952,62.04,3688,5228910,56.23,56,252,0,0,0,0,58.29,0,41.71
2021-07-13T00:00:00.000Z,2962,5771914,62.07,5458,5234368,56.29,124,376,0,0,0,0,58.36,0,41.64
2021-07-14T00:00:00.000Z,2744,5774658,62.1,7530,5241898,56.37,441,817,0.01,0,0,0,58.42,0,41.58
2021-07-15T00:00:00.000Z,3001,5777659,62.13,9295,5251193,56.47,374,1191,0.01,0,0,0,58.5,0,41.5
2021-07-16T00:00:00.000Z,1291,5778950,62.14,5896,5257089,56.53,66,1257,0.01,0,0,0,58.54,0,41.46
2021-07-17T00:00:00.000Z,369,5779319,62.15,1391,5258480,56.55,7,1264,0.01,0,0,0,58.55,0,41.44
2021-07-18T00:00:00.000Z,2073,5781392,62.17,9768,5268248,56.65,235,1499,0.02,0,0,0,58.6,0,41.4
2021-07-19T00:00:00.000Z,3209,5784601,62.2,11344,5279592,56.77,461,1960,0.02,0,0,0,58.65,0,41.35
2021-07-20T00:00:00.000Z,2682,5787283,62.23,11908,5291500,56.9,373,2333,0.03,0,0,0,58.72,0,41.28
2021-07-21T00:00:00.000Z,2402,5789685,62.26,11878,5303378,57.03,325,2658,0.03,0,0,0,58.81,0,41.19
2021-07-22T00:00:00.000Z,2873,5792558,62.29,13270,5316648,57.17,391,3049,0.03,0,0,0,58.93,0,41.07
2021-07-23T00:00:00.000Z,2035,5794593,62.31,8242,5324890,57.26,106,3155,0.03,0,0,0,58.99,0,41.01
2021-07-24T00:00:00.000Z,641,5795234,62.32,1482,5326372,57.28,7,3162,0.03,0,0,0,58.99,0,41
2021-07-25T00:00:00.000Z,4416,5799650,62.37,15495,5341867,57.44,223,3385,0.04,0,0,0,59.1,0,40.89
2021-07-26T00:00:00.000Z,5169,5804819,62.42,13532,5355399,57.59,325,3710,0.04,0,0,0,59.24,0,40.75
2021-07-27T00:00:00.000Z,5490,5810309,62.48,13575,5368974,57.74,414,4124,0.04,0,0,0,59.37,0.01,40.62
2021-07-28T00:00:00.000Z,3987,5814296,62.52,12341,5381315,57.87,472,4596,0.05,0,0,0,59.5,0.01,40.49
2021-07-29T00:00:00.000Z,4660,5818956,62.57,14197,5395512,58.02,532,5128,0.06,0,0,0,59.65,0.01,40.33
2021-07-30T00:00:00.000Z,2651,5821607,62.6,10852,5406364,58.14,4122,9250,0.1,0,0,0,59.74,0.02,40.25
2021-07-31T00:00:00.000Z,1404,5823011,62.62,3551,5409915,58.18,6159,15409,0.17,0,0,0,59.75,0.02,40.23
2021-08-01T00:00:00.000Z,3074,5826085,62.65,3363,5413278,58.21,31047,46456,0.5,0,0,0,59.91,0.02,40.06
2021-08-02T00:00:00.000Z,3130,5829215,62.68,3170,5416448,58.25,58514,104970,1.13,0,0,0,60.06,0.03,39.91
2021-08-03T00:00:00.000Z,3383,5832598,62.72,3324,5419772,58.28,78953,183923,1.98,0,0,0,60.21,0.03,39.76
2021-08-04T00:00:00.000Z,3524,5836122,62.76,3254,5423026,58.32,80763,264686,2.85,0,0,0,60.34,0.03,39.63
2021-08-05T00:00:00.000Z,4511,5840633,62.81,3569,5426595,58.35,88442,353128,3.8,0,0,0,60.49,0.04,39.47
2021-08-06T00:00:00.000Z,2434,5843067,62.83,1855,5428450,58.37,44743,397871,4.28,0,0,0,60.6,0.04,39.36
2021-08-07T00:00:00.000Z,1032,5844099,62.84,697,5429147,58.38,27353,425224,4.57,0,0,0,60.63,0.04,39.32
2021-08-08T00:00:00.000Z,4988,5849087,62.9,3080,5432227,58.42,80087,505311,5.43,0,0,0,60.68,0.04,39.28
2021-08-09T00:00:00.000Z,5339,5854426,62.96,3057,5435284,58.45,76488,581799,6.26,0,0,0,60.72,0.04,39.24
2021-08-10T00:00:00.000Z,5551,5859977,63.02,3201,5438485,58.48,75427,657226,7.07,0,0,0,60.75,0.04,39.2
2021-08-11T00:00:00.000Z,5694,5865671,63.08,2943,5441428,58.51,62637,719863,7.74,0,0,0,60.79,0.04,39.17
2021-08-12T00:00:00.000Z,7033,5872704,63.15,3287,5444715,58.55,59459,779322,8.38,0,0,0,60.83,0.04,39.12
2021-08-13T00:00:00.000Z,3815,5876519,63.19,2066,5446781,58.57,43869,823191,8.85,0,0,0,60.84,0.05,39.11
2021-08-14T00:00:00.000Z,2252,5878771,63.22,850,5447631,58.58,44486,867677,9.33,0,0,0,60.85,0.05,39.1
2021-08-15T00:00:00.000Z,7142,5885913,63.29,4530,5452161,58.63,97982,965659,10.38,0,0,0,60.89,0.05,39.06
2021-08-16T00:00:00.000Z,6987,5892900,63.37,4743,5456904,58.68,89518,1055177,11.35,0,0,0,60.92,0.04,39.03
2021-08-17T00:00:00.000Z,7570,5900470,63.45,5132,5462036,58.74,83318,1138495,12.24,0,0,0,60.96,0.04,39
2021-08-18T00:00:00.000Z,8642,5909112,63.54,4603,5466639,58.79,69266,1207761,12.99,0,0,0,60.99,0.04,38.96
2021-08-19T00:00:00.000Z,10079,5919191,63.65,5215,5471854,58.84,65973,1273734,13.7,0,0,0,61.03,0.04,38.92
2021-08-20T00:00:00.000Z,4767,5923958,63.7,2825,5474679,58.87,60451,1334185,14.35,0,0,0,61.05,0.05,38.9
2021-08-21T00:00:00.000Z,3497,5927455,63.74,1580,5476259,58.89,50725,1384910,14.89,0,0,0,61.06,0.05,38.89
2021-08-22T00:00:00.000Z,9820,5937275,63.85,4805,5481064,58.94,105105,1490015,16.02,0,0,0,61.12,0.04,38.84
2021-08-23T00:00:00.000Z,10924,5948199,63.96,4447,5485511,58.99,94025,1584040,17.03,0,0,0,61.17,0.04,38.79
2021-08-24T00:00:00.000Z,11721,5959920,64.09,4702,5490213,59.04,98551,1682591,18.09,0,0,0,61.23,0.04,38.73
2021-08-25T00:00:00.000Z,9614,5969534,64.19,4480,5494693,59.09,99540,1782131,19.16,0,0,0,61.29,0.04,38.67
2021-08-26T00:00:00.000Z,10107,5979641,64.3,5057,5499750,59.14,101224,1883355,20.25,0,0,0,61.36,0.03,38.61
2021-08-27T00:00:00.000Z,4325,5983966,64.35,2780,5502530,59.17,56694,1940049,20.86,0,0,0,61.35,0.04,38.61
2021-08-28T00:00:00.000Z,3697,5987663,64.39,1497,5504027,59.19,33538,1973587,21.22,0,0,0,61.4,0.04,38.57
2021-08-29T00:00:00.000Z,10323,5997986,64.5,5931,5509958,59.25,79544,2053131,22.08,0,0,0,61.46,0.03,38.5
2021-08-30T00:00:00.000Z,12335,6010321,64.63,7015,5516973,59.33,116000,2169131,23.33,0,0,0,61.53,0.03,38.44
2021-08-31T00:00:00.000Z,12075,6022396,64.76,6527,5523500,59.4,114873,2284004,24.56,0,0,0,61.6,0.03,38.37
2021-09-01T00:00:00.000Z,9034,6031430,64.86,6037,5529537,59.46,112484,2396488,25.77,0,0,0,61.43,0.03,38.54
2021-09-02T00:00:00.000Z,8784,6040214,64.95,7177,5536714,59.54,111539,2508027,26.97,0,0,0,61.49,0.03,38.48
2021-09-03T00:00:00.000Z,3749,6043963,64.99,4114,5540828,59.58,58882,2566909,27.6,0,0,0,61.56,0.03,38.42
2021-09-04T00:00:00.000Z,2693,6046656,65.02,2020,5542848,59.61,29949,2596858,27.93,0,0,0,61.59,0.03,38.38
2021-09-05T00:00:00.000Z,6990,6053646,65.1,6460,5549308,59.67,73325,2670183,28.71,0,0,0,61.68,0.03,38.29
2021-09-06T00:00:00.000Z,2832,6056478,65.13,2708,5552016,59.7,22796,2692979,28.96,0,0,0,61.77,0.03,38.2
2021-09-07T00:00:00.000Z,1199,6057677,65.14,878,5552894,59.71,5397,2698376,29.02,0,0,0,61.85,0.03,38.12
2021-09-08T00:00:00.000Z,1379,6059056,65.16,1193,5554087,59.73,6621,2704997,29.09,0,0,0,61.93,0.03,38.05
2021-09-09T00:00:00.000Z,7087,6066143,65.23,12573,5566660,59.86,73843,2778840,29.88,0,0,0,62.02,0.03,37.95
2021-09-10T00:00:00.000Z,3257,6069400,65.27,5015,5571675,59.91,37933,2816773,30.29,0,0,0,62.06,0.03,37.91
2021-09-11T00:00:00.000Z,2108,6071508,65.29,2505,5574180,59.94,14816,2831589,30.45,0,0,0,62.08,0.03,37.89
2021-09-12T00:00:00.000Z,6107,6077615,65.36,8585,5582765,60.03,54134,2885723,31.03,0,0,0,62.16,0.03,37.81
2021-09-13T00:00:00.000Z,5610,6083225,65.42,8256,5591021,60.12,47981,2933704,31.55,0,0,0,62.15,0.03,37.82
2021-09-14T00:00:00.000Z,4959,6088184,65.47,7417,5598438,60.2,48852,2982556,32.07,0,0,0,62.2,0.03,37.77
2021-09-15T00:00:00.000Z,1749,6089933,65.49,2715,5601153,60.23,16686,2999242,32.25,0,0,0,62.25,0.03,37.72
2021-09-16T00:00:00.000Z,343,6090276,65.49,548,5601701,60.24,1740,3000982,32.27,0,0,0,62.37,0.03,37.6
2021-09-17T00:00:00.000Z,3682,6093958,65.53,7016,5608717,60.31,42903,3043885,32.73,0,0,0,62.42,0.03,37.54
2021-09-18T00:00:00.000Z,2257,6096215,65.56,2942,5611659,60.35,12783,3056668,32.87,0,0,0,62.45,0.03,37.52
2021-09-19T00:00:00.000Z,5941,6102156,65.62,10709,5622368,60.46,44332,3101000,33.35,0,0,0,62.55,0.03,37.42
2021-09-20T00:00:00.000Z,3245,6105401,65.65,4645,5627013,60.51,16707,3117707,33.53,0,0,0,62.63,0.03,37.34
2021-09-21T00:00:00.000Z,1339,6106740,65.67,2058,5629071,60.53,3474,3121181,33.56,0,0,0,62.69,0.03,37.28
2021-09-22T00:00:00.000Z,4256,6110996,65.71,7249,5636320,60.61,25071,3146252,33.83,0,0,0,62.72,0.03,37.25
2021-09-23T00:00:00.000Z,4389,6115385,65.76,5912,5642232,60.67,27833,3174085,34.13,0,0,0,62.75,0.03,37.22
2021-09-24T00:00:00.000Z,3202,6118587,65.8,4184,5646416,60.72,27720,3201805,34.43,0,0,0,62.82,0.03,37.15
2021-09-25T00:00:00.000Z,2078,6120665,65.82,2260,5648676,60.74,10443,3212248,34.54,0,0,0,62.85,0.03,37.12
2021-09-26T00:00:00.000Z,5605,6126270,65.88,5971,5654647,60.81,36266,3248514,34.93,0,0,0,62.96,0.03,37
2021-09-27T00:00:00.000Z,4693,6130963,65.93,4467,5659114,60.86,30452,3278966,35.26,0,0,0,63.02,0.03,36.94
2021-09-28T00:00:00.000Z,1470,6132433,65.95,1180,5660294,60.87,6249,3285215,35.33,0,0,0,63.06,0.04,36.91
2021-09-29T00:00:00.000Z,9621,6142054,66.05,8345,5668639,60.96,60323,3345538,35.98,0,0,0,63.13,0.03,36.84
2021-09-30T00:00:00.000Z,10974,6153028,66.17,8571,5677210,61.05,79694,3425232,36.83,0,0,0,63.18,0.03,36.79
2021-10-01T00:00:00.000Z,5122,6158150,66.22,3874,5681084,61.09,46543,3471775,37.33,0,0,0,63.23,0.03,36.73
2021-10-02T00:00:00.000Z,2862,6161012,66.25,2127,5683211,61.11,22432,3494207,37.57,0,0,0,63.26,0.03,36.71
2021-10-03T00:00:00.000Z,11667,6172679,66.38,7273,5690484,61.19,70724,3564931,38.34,0,0,0,63.35,0.03,36.62
2021-10-04T00:00:00.000Z,10320,6182999,66.49,6756,5697240,61.27,51905,3616836,38.89,0,0,0,63.4,0.03,36.57
2021-10-05T00:00:00.000Z,8459,6191458,66.58,5312,5702552,61.32,40476,3657312,39.33,0,0,0,63.41,0.03,36.55
2021-10-06T00:00:00.000Z,7540,6198998,66.66,4181,5706733,61.37,34142,3691454,39.7,0,0,0,63.52,0.03,36.45
2021-10-07T00:00:00.000Z,6890,6205888,66.74,4007,5710740,61.41,34065,3725519,40.06,0,0,0,63.63,0.03,36.34
2021-10-08T00:00:00.000Z,3085,6208973,66.77,2642,5713382,61.44,19248,3744767,40.27,0,0,0,63.68,0.03,36.29
2021-10-09T00:00:00.000Z,1337,6210310,66.78,1443,5714825,61.45,7441,3752208,40.35,0,0,0,63.71,0.03,36.26
2021-10-10T00:00:00.000Z,4674,6214984,66.83,3744,5718569,61.49,21518,3773726,40.58,0,0,0,63.82,0.04,36.14
2021-10-11T00:00:00.000Z,4297,6219281,66.88,2942,5721511,61.53,17264,3790990,40.77,0,0,0,63.91,0.04,36.05
2021-10-12T00:00:00.000Z,3973,6223254,66.92,3003,5724514,61.56,15356,3806346,40.93,0,0,0,63.99,0.05,35.96
2021-10-13T00:00:00.000Z,3486,6226740,66.96,2450,5726964,61.58,13586,3819932,41.08,0,0,0,64.09,0.05,35.86
2021-10-14T00:00:00.000Z,3867,6230607,67,2684,5729648,61.61,16566,3836498,41.26,0,0,0,64.19,0.06,35.75
2021-10-15T00:00:00.000Z,1702,6232309,67.02,1682,5731330,61.63,9007,3845505,41.35,0,0,0,64.23,0.07,35.7
2021-10-16T00:00:00.000Z,726,6233035,67.03,953,5732283,61.64,4034,3849539,41.4,0,0,0,64.25,0.08,35.67
2021-10-17T00:00:00.000Z,3088,6236123,67.06,2524,5734807,61.67,12797,3862336,41.53,0,0,0,64.36,0.09,35.56
2021-10-18T00:00:00.000Z,2458,6238581,67.09,1689,5736496,61.69,10068,3872404,41.64,0,0,0,64.43,0.1,35.47
2021-10-19T00:00:00.000Z,2397,6240978,67.11,1281,5737777,61.7,9295,3881699,41.74,0,0,0,64.49,0.1,35.4
2021-10-20T00:00:00.000Z,2434,6243412,67.14,2304,5740081,61.73,10097,3891796,41.85,0,0,0,64.14,0.52,35.34
2021-10-21T00:00:00.000Z,3032,6246444,67.17,3092,5743173,61.76,12162,3903958,41.98,0,0,0,54.23,10.41,35.36
2021-10-22T00:00:00.000Z,1278,6247722,67.18,1433,5744606,61.77,5831,3909789,42.04,0,0,0,54.36,10.26,35.38
2021-10-23T00:00:00.000Z,572,6248294,67.19,1266,5745872,61.79,2563,3912352,42.07,0,0,0,54.42,10.19,35.39
2021-10-24T00:00:00.000Z,2515,6250809,67.22,2653,5748525,61.82,9855,3922207,42.18,0,0,0,54.22,10.43,35.35
2021-10-25T00:00:00.000Z,2635,6253444,67.25,2747,5751272,61.85,8506,3930713,42.27,0,0,0,54.59,10.22,35.19
2021-10-26T00:00:00.000Z,2377,6255821,67.27,2055,5753327,61.87,8520,3939233,42.36,0,0,0,54.64,10.26,35.1
2021-10-27T00:00:00.000Z,2288,6258109,67.3,2566,5755893,61.9,7952,3947185,42.45,0,0,0,54.58,10.37,35.06
2021-10-28T00:00:00.000Z,2501,6260610,67.32,2774,5758667,61.93,8669,3955854,42.54,0,0,0,54.69,10.76,34.55
2021-10-29T00:00:00.000Z,898,6261508,67.33,1151,5759818,61.94,4132,3959986,42.58,0,0,0,54.73,10.75,34.52
2021-10-30T00:00:00.000Z,364,6261872,67.34,530,5760348,61.94,1710,3961696,42.6,0,0,0,54.68,10.81,34.52
2021-10-31T00:00:00.000Z,2260,6264132,67.36,2495,5762843,61.97,8252,3969948,42.69,0,0,0,54.83,10.7,34.47
2021-11-01T00:00:00.000Z,1735,6265867,67.38,2090,5764933,61.99,6478,3976426,42.76,0,0,0,54.95,10.63,34.42
2021-11-02T00:00:00.000Z,2026,6267893,67.4,2043,5766976,62.02,6292,3982718,42.83,0,0,0,54.89,10.69,34.42
2021-11-03T00:00:00.000Z,1761,6269654,67.42,1896,5768872,62.04,5555,3988273,42.89,0,0,0,54.86,10.75,34.39
2021-11-04T00:00:00.000Z,2109,6271763,67.44,2801,5771673,62.07,7126,3995399,42.96,0,0,0,54.85,10.81,34.33
2021-11-05T00:00:00.000Z,788,6272551,67.45,903,5772576,62.08,3482,3998881,43,0,0,0,54.85,10.83,34.32
2021-11-06T00:00:00.000Z,345,6272896,67.46,385,5772961,62.08,1372,4000253,43.02,0,0,0,54.82,10.86,34.32
2021-11-07T00:00:00.000Z,1578,6274474,67.47,1769,5774730,62.1,6134,4006387,43.08,0,0,0,54.92,10.8,34.28
2021-11-08T00:00:00.000Z,1518,6275992,67.49,1602,5776332,62.12,5405,4011792,43.14,0,0,0,55.01,10.75,34.24
2021-11-09T00:00:00.000Z,1428,6277420,67.5,1606,5777938,62.13,5330,4017122,43.2,0,0,0,55.05,10.74,34.21
2021-11-10T00:00:00.000Z,1423,6278843,67.52,1658,5779596,62.15,4777,4021899,43.25,0,0,0,55.08,10.73,34.19
2021-11-11T00:00:00.000Z,1627,6280470,67.54,1944,5781540,62.17,5711,4027610,43.31,0,0,0,55.15,10.69,34.15
2021-11-12T00:00:00.000Z,633,6281103,67.54,824,5782364,62.18,2921,4030531,43.34,0,0,0,55.17,10.69,34.14
2021-11-13T00:00:00.000Z,255,6281358,67.55,286,5782650,62.18,1129,4031660,43.35,0,0,0,55.14,10.72,34.14
2021-11-14T00:00:00.000Z,1536,6282894,67.56,1637,5784287,62.2,5108,4036768,43.41,0,0,0,55.21,10.68,34.11
2021-11-15T00:00:00.000Z,1274,6284168,67.58,1622,5785909,62.22,4768,4041536,43.46,0,0,0,55.28,10.63,34.09
2021-11-16T00:00:00.000Z,1270,6285438,67.59,1414,5787323,62.23,4347,4045883,43.51,0,0,0,55.32,10.62,34.07
2021-11-17T00:00:00.000Z,1204,6286642,67.6,1562,5788885,62.25,3914,4049797,43.55,0,0,0,55.35,10.6,34.05
2021-11-18T00:00:00.000Z,1360,6288002,67.62,1691,5790576,62.27,5009,4054806,43.6,0,0,0,55.41,10.58,34.02
2021-11-19T00:00:00.000Z,588,6288590,67.62,762,5791338,62.28,2455,4057261,43.63,0,0,0,55.42,10.57,34.01
2021-11-20T00:00:00.000Z,237,6288827,67.63,254,5791592,62.28,929,4058190,43.64,0,0,0,55.41,10.58,34
2021-11-21T00:00:00.000Z,1408,6290235,67.64,1540,5793132,62.3,4878,4063068,43.69,0,0,0,55.47,10.54,33.98
2021-11-22T00:00:00.000Z,1680,6291915,67.66,1520,5794652,62.31,4235,4067303,43.74,0,0,0,55.54,10.5,33.96
2021-11-23T00:00:00.000Z,8621,6300536,67.75,1685,5796337,62.33,4004,4071307,43.78,0,0,0,55.57,10.48,33.95
2021-11-24T00:00:00.000Z,9348,6309884,67.85,1316,5797653,62.35,3922,4075229,43.82,0,0,0,55.6,10.44,33.95
2021-11-25T00:00:00.000Z,9812,6319696,67.96,1600,5799253,62.36,4838,4080067,43.88,0,0,0,55.64,10.43,33.93
2021-11-26T00:00:00.000Z,5610,6325306,68.02,747,5800000,62.37,2798,4082865,43.91,0,0,0,55.63,10.45,33.92
2021-11-27T00:00:00.000Z,4779,6330085,68.07,323,5800323,62.37,1162,4084027,43.92,0,0,0,55.62,10.46,33.92
2021-11-28T00:00:00.000Z,10152,6340237,68.18,1475,5801798,62.39,4901,4088928,43.97,0,0,0,55.67,10.43,33.9
2021-11-29T00:00:00.000Z,9042,6349279,68.28,1130,5802928,62.4,4372,4093300,44.02,0,0,0,55.73,10.39,33.88
2021-11-30T00:00:00.000Z,10044,6359323,68.38,1035,5803963,62.41,4084,4097384,44.06,0,0,0,55.77,10.37,33.86
2021-12-01T00:00:00.000Z,8628,6367951,68.48,1095,5805058,62.42,4439,4101823,44.11,5,5,0,55.79,10.36,33.84
2021-12-02T00:00:00.000Z,9175,6377126,68.58,1453,5806511,62.44,5119,4106942,44.16,6,11,0,55.84,10.34,33.82
2021-12-03T00:00:00.000Z,6331,6383457,68.64,673,5807184,62.45,2867,4109809,44.19,1,12,0,55.86,10.33,33.81
2021-12-04T00:00:00.000Z,2508,6385965,68.67,235,5807419,62.45,918,4110727,44.2,3,15,0,55.85,10.34,33.81
2021-12-05T00:00:00.000Z,8335,6394300,68.76,1253,5808672,62.46,4682,4115409,44.26,1,16,0,55.9,10.31,33.79
2021-12-06T00:00:00.000Z,6723,6401023,68.83,1197,5809869,62.48,4348,4119757,44.3,4,20,0,55.95,10.27,33.78
2021-12-07T00:00:00.000Z,5553,6406576,68.89,1500,5811369,62.49,3964,4123721,44.34,9,29,0,55.99,10.25,33.76
2021-12-08T00:00:00.000Z,4933,6411509,68.95,1199,5812568,62.51,3877,4127598,44.39,10,39,0,56.03,10.22,33.75
2021-12-09T00:00:00.000Z,6236,6417745,69.01,1236,5813804,62.52,4506,4132104,44.43,8,47,0,56.08,10.19,33.73
2021-12-10T00:00:00.000Z,3005,6420750,69.05,702,5814506,62.53,2685,4134789,44.46,4,51,0,56.1,10.18,33.72
2021-12-11T00:00:00.000Z,1491,6422241,69.06,251,5814757,62.53,1016,4135805,44.47,0,51,0,56.1,10.18,33.71
2021-12-12T00:00:00.000Z,7273,6429514,69.14,1444,5816201,62.54,5246,4141051,44.53,3,54,0,56.16,10.15,33.69
2021-12-13T00:00:00.000Z,6178,6435692,69.21,1374,5817575,62.56,4347,4145398,44.58,5,59,0,56.21,10.11,33.67
2021-12-14T00:00:00.000Z,7317,6443009,69.28,6100,5823675,62.62,4937,4150335,44.63,12,71,0,56.27,10.09,33.65
2021-12-15T00:00:00.000Z,7203,6450212,69.36,7403,5831078,62.7,5442,4155777,44.69,7,78,0,56.34,10.06,33.6
2021-12-16T00:00:00.000Z,8079,6458291,69.45,8613,5839691,62.8,6559,4162336,44.76,8,86,0,56.53,10.05,33.42
2021-12-17T00:00:00.000Z,4405,6462696,69.5,5139,5844830,62.85,3952,4166288,44.8,3,89,0,56.64,10.05,33.3
2021-12-18T00:00:00.000Z,3940,6466636,69.54,2913,5847743,62.88,1360,4167648,44.82,2,91,0,56.73,10.07,33.2
2021-12-19T00:00:00.000Z,6980,6473616,69.61,9331,5857074,62.98,6272,4173920,44.88,6,97,0,56.92,10.04,33.04
2021-12-20T00:00:00.000Z,7969,6481585,69.7,7517,5864591,63.06,5441,4179361,44.94,9,106,0,57.07,10.02,32.91
2021-12-21T00:00:00.000Z,9549,6491134,69.8,8648,5873239,63.16,6489,4185850,45.01,8,114,0,57.27,10.01,32.71
2021-12-22T00:00:00.000Z,9664,6500798,69.91,8155,5881394,63.25,6246,4192096,45.08,12,126,0,57.49,10,32.52
2021-12-23T00:00:00.000Z,11538,6512336,70.03,10263,5891657,63.36,8152,4200248,45.17,16,142,0,57.7,9.97,32.33
2021-12-24T00:00:00.000Z,5872,6518208,70.09,6240,5897897,63.42,5277,4205525,45.22,12,154,0,57.83,9.96,32.21
2021-12-25T00:00:00.000Z,3338,6521546,70.13,2565,5900462,63.45,2021,4207546,45.25,6,160,0,57.9,9.96,32.15
2021-12-26T00:00:00.000Z,10653,6532199,70.24,8909,5909371,63.55,8200,4215746,45.33,8,168,0,58.1,9.92,31.98
2021-12-27T00:00:00.000Z,10370,6542569,70.36,7145,5916516,63.62,8182,4223928,45.42,21,189,0,58.27,9.9,31.83
2021-12-28T00:00:00.000Z,11374,6553943,70.48,7452,5923968,63.7,9638,4233566,45.53,24,213,0,58.46,9.88,31.66
2021-12-29T00:00:00.000Z,9933,6563876,70.58,5963,5929931,63.77,8374,4241940,45.62,19,232,0,58.64,9.85,31.51
2021-12-30T00:00:00.000Z,11012,6574888,70.7,7735,5937666,63.85,12239,4254179,45.75,10,242,0,58.84,9.82,31.34
2021-12-31T00:00:00.000Z,4829,6579717,70.75,3672,5941338,63.89,7294,4261473,45.83,135,377,0,58.9,9.79,31.3
2022-01-01T00:00:00.000Z,1992,6581709,70.78,1591,5942929,63.91,2741,4264214,45.86,66,443,0,58.93,9.79,31.28
2022-01-02T00:00:00.000Z,10217,6591926,70.89,6487,5949416,63.98,13001,4277215,46,590,1033,0.01,59.14,9.76,31.1
2022-01-03T00:00:00.000Z,9383,6601309,70.99,5257,5954673,64.03,11335,4288550,46.12,25055,26088,0.28,59.29,9.71,31
2022-01-04T00:00:00.000Z,8967,6610276,71.08,5946,5960619,64.1,10521,4299071,46.23,50657,76745,0.83,59.46,9.68,30.86
2022-01-05T00:00:00.000Z,8551,6618827,71.18,5737,5966356,64.16,10489,4309560,46.34,59588,136333,1.47,59.56,9.65,30.79
2022-01-06T00:00:00.000Z,10339,6629166,71.29,7958,5974314,64.24,13530,4323090,46.49,63999,200332,2.15,59.81,9.63,30.56
2022-01-07T00:00:00.000Z,4759,6633925,71.34,4556,5978870,64.29,8160,4331250,46.58,31135,231467,2.49,59.89,9.61,30.49
2022-01-08T00:00:00.000Z,2750,6636675,71.37,2450,5981320,64.32,5500,4336750,46.64,27629,259096,2.79,59.9,9.64,30.46
2022-01-09T00:00:00.000Z,9307,6645982,71.47,7722,5989042,64.4,11866,4348616,46.76,66763,325859,3.5,60.06,9.59,30.35
2022-01-10T00:00:00.000Z,8351,6654333,71.56,7644,5996686,64.49,11876,4360492,46.89,64773,390632,4.2,60.21,9.54,30.25
2022-01-11T00:00:00.000Z,8102,6662435,71.64,8621,6005307,64.58,11966,4372458,47.02,56656,447288,4.81,60.38,9.49,30.13
2022-01-12T00:00:00.000Z,7277,6669712,71.72,8304,6013611,64.67,11111,4383569,47.14,44630,491918,5.29,60.51,9.45,30.04
2022-01-13T00:00:00.000Z,7510,6677222,71.8,9617,6023228,64.77,11540,4395109,47.26,34761,526679,5.66,60.7,9.35,29.94
2022-01-14T00:00:00.000Z,2555,6679777,71.83,4933,6028161,64.82,6140,4401249,47.33,11141,537820,5.78,60.79,9.31,29.9
2022-01-15T00:00:00.000Z,1466,6681243,71.85,3166,6031327,64.86,3882,4405131,47.37,5716,543536,5.84,60.83,9.29,29.87
2022-01-16T00:00:00.000Z,3819,6685062,71.89,8523,6039850,64.95,7682,4412813,47.45,19991,563527,6.06,60.97,9.2,29.82
2022-01-17T00:00:00.000Z,2808,6687870,71.92,7045,6046895,65.03,6169,4418982,47.52,17832,581359,6.25,61.09,9.13,29.78
2022-01-18T00:00:00.000Z,2477,6690347,71.94,7385,6054280,65.1,5530,4424512,47.58,14816,596175,6.41,61.23,9.07,29.7
2022-01-19T00:00:00.000Z,1915,6692262,71.97,6367,6060647,65.17,4520,4429032,47.63,8460,604635,6.5,61.37,8.98,29.65
2022-01-20T00:00:00.000Z,1777,6694039,71.98,6967,6067614,65.25,4790,4433822,47.68,8041,612676,6.59,61.44,8.85,29.71
2022-01-21T00:00:00.000Z,905,6694944,71.99,3725,6071339,65.29,2643,4436465,47.71,3358,616034,6.62,61.51,8.81,29.68
2022-01-22T00:00:00.000Z,328,6695272,72,1461,6072800,65.3,1065,4437530,47.72,1113,617147,6.64,61.51,8.75,29.74
2022-01-23T00:00:00.000Z,1068,6696340,72.01,5632,6078432,65.36,2878,4440408,47.75,6083,623230,6.7,61.61,8.7,29.69
2022-01-24T00:00:00.000Z,758,6697098,72.02,4481,6082913,65.41,2265,4442673,47.77,5054,628284,6.76,61.73,8.62,29.65
2022-01-25T00:00:00.000Z,743,6697841,72.03,4400,6087313,65.46,2178,4444851,47.8,7102,635386,6.83,61.9,8.51,29.59
2022-01-26T00:00:00.000Z,614,6698455,72.03,3284,6090597,65.5,1610,4446461,47.82,4262,639648,6.88,62.02,8.42,29.57
2022-01-27T00:00:00.000Z,797,6699252,72.04,4406,6095003,65.54,2002,4448463,47.84,5441,645089,6.94,62.12,8.35,29.52
2022-01-28T00:00:00.000Z,395,6699647,72.04,2376,6097379,65.57,1176,4449639,47.85,3450,648539,6.97,62.16,8.33,29.5
2022-01-29T00:00:00.000Z,124,6699771,72.05,1045,6098424,65.58,424,4450063,47.85,1162,649701,6.99,62.23,8.29,29.48
2022-01-30T00:00:00.000Z,769,6700540,72.05,4719,6103143,65.63,2019,4452082,47.88,8099,657800,7.07,62.3,8.24,29.46
2022-01-31T00:00:00.000Z,528,6701068,72.06,3184,6106327,65.66,1609,4453691,47.89,6472,664272,7.14,62.39,8.17,29.43
2022-02-01T00:00:00.000Z,480,6701548,72.07,2806,6109133,65.69,1522,4455213,47.91,5721,669993,7.2,62.45,8.15,29.4
2022-02-02T00:00:00.000Z,374,6701922,72.07,2393,6111526,65.72,1381,4456594,47.92,5074,675067,7.26,62.28,8.13,29.59
2022-02-03T00:00:00.000Z,446,6702368,72.07,2775,6114301,65.75,1460,4458054,47.94,5607,680674,7.32,62.34,8.08,29.57
2022-02-04T00:00:00.000Z,174,6702542,72.08,990,6115291,65.76,753,4458807,47.95,2455,683129,7.35,62.37,8.06,29.57
2022-02-05T00:00:00.000Z,62,6702604,72.08,340,6115631,65.76,221,4459028,47.95,420,683549,7.35,62.34,8.09,29.56
2022-02-06T00:00:00.000Z,406,6703010,72.08,2320,6117951,65.79,1343,4460371,47.96,5686,689235,7.41,62.41,8.05,29.55
2022-02-07T00:00:00.000Z,282,6703292,72.08,1306,6119257,65.8,982,4461353,47.98,5960,695195,7.48,62.47,8.01,29.52
2022-02-08T00:00:00.000Z,317,6703609,72.09,1498,6120755,65.82,1067,4462420,47.99,6137,701332,7.54,62.54,7.97,29.49
2022-02-09T00:00:00.000Z,254,6703863,72.09,1102,6121857,65.83,944,4463364,48,4570,705902,7.59,62.6,7.95,29.45
2022-02-10T00:00:00.000Z,272,6704135,72.09,1293,6123150,65.85,936,4464300,48.01,4815,710717,7.64,62.63,7.93,29.44
2022-02-11T00:00:00.000Z,211,6704346,72.1,557,6123707,65.85,516,4464816,48.01,2539,713256,7.67,62.67,7.91,29.42
2022-02-12T00:00:00.000Z,32,6704378,72.1,90,6123797,65.85,130,4464946,48.01,269,713525,7.67,62.67,7.91,29.41
2022-02-13T00:00:00.000Z,286,6704664,72.1,946,6124743,65.86,966,4465912,48.02,4998,718523,7.73,62.73,7.87,29.39
2022-02-14T00:00:00.000Z,180,6704844,72.1,627,6125370,65.87,758,4466670,48.03,3143,721666,7.76,62.89,7.74,29.36
2022-02-15T00:00:00.000Z,266,6705110,72.1,763,6126133,65.88,932,4467602,48.04,3817,725483,7.8,62.92,7.73,29.35
2022-02-16T00:00:00.000Z,179,6705289,72.11,577,6126710,65.88,802,4468404,48.05,2487,727970,7.83,62.95,7.72,29.34
2022-02-17T00:00:00.000Z,246,6705535,72.11,739,6127449,65.89,773,4469177,48.06,3061,731031,7.86,62.96,7.7,29.34
2022-02-18T00:00:00.000Z,131,6705666,72.11,341,6127790,65.9,435,4469612,48.06,1118,732149,7.87,62.98,7.69,29.33
2022-02-19T00:00:00.000Z,33,6705699,72.11,84,6127874,65.9,82,4469694,48.06,79,732228,7.87,62.99,7.69,29.32
2022-02-20T00:00:00.000Z,203,6705902,72.11,604,6128478,65.9,720,4470414,48.07,2574,734802,7.9,63.01,7.67,29.32
2022-02-21T00:00:00.000Z,173,6706075,72.11,412,6128890,65.91,488,4470902,48.08,1542,736344,7.92,63.04,7.65,29.31
2022-02-22T00:00:00.000Z,158,6706233,72.12,454,6129344,65.91,567,4471469,48.08,1871,738215,7.94,63.05,7.65,29.3
2022-02-23T00:00:00.000Z,108,6706341,72.12,353,6129697,65.92,451,4471920,48.09,1153,739368,7.95,63.06,7.65,29.29
2022-02-24T00:00:00.000Z,138,6706479,72.12,461,6130158,65.92,567,4472487,48.09,1492,740860,7.97,63.05,7.66,29.29
2022-02-25T00:00:00.000Z,59,6706538,72.12,141,6130299,65.92,188,4472675,48.1,456,741316,7.97,63.06,7.66,29.28
2022-02-26T00:00:00.000Z,15,6706553,72.12,28,6130327,65.92,161,4472836,48.1,35,741351,7.97,63.05,7.67,29.28
2022-02-27T00:00:00.000Z,112,6706665,72.12,341,6130668,65.93,449,4473285,48.1,1118,742469,7.98,63.05,7.67,29.28
2022-02-28T00:00:00.000Z,108,6706773,72.12,271,6130939,65.93,421,4473706,48.11,907,743376,7.99,63.07,7.65,29.28
2022-03-01T00:00:00.000Z,95,6706868,72.12,280,6131219,65.93,372,4474078,48.11,797,744173,8,63.1,7.63,29.27
2022-03-02T00:00:00.000Z,77,6706945,72.12,199,6131418,65.93,324,4474402,48.12,697,744870,8.01,63.11,7.62,29.27
2022-03-03T00:00:00.000Z,156,6707101,72.12,371,6131789,65.94,496,4474898,48.12,987,745857,8.02,63.05,7.67,29.27
2022-03-04T00:00:00.000Z,53,6707154,72.13,170,6131959,65.94,167,4475065,48.12,227,746084,8.02,63.05,7.68,29.27
2022-03-05T00:00:00.000Z,4,6707158,72.13,25,6131984,65.94,43,4475108,48.12,32,746116,8.02,63.04,7.69,29.27
2022-03-06T00:00:00.000Z,98,6707256,72.13,258,6132242,65.94,417,4475525,48.13,760,746876,8.03,63.04,7.69,29.27
2022-03-07T00:00:00.000Z,87,6707343,72.13,260,6132502,65.95,348,4475873,48.13,604,747480,8.04,63.05,7.69,29.26
2022-03-08T00:00:00.000Z,98,6707441,72.13,263,6132765,65.95,333,4476206,48.13,550,748030,8.04,63.04,7.7,29.26
2022-03-09T00:00:00.000Z,89,6707530,72.13,213,6132978,65.95,335,4476541,48.14,492,748522,8.05,63.02,7.72,29.25
2022-03-10T00:00:00.000Z,115,6707645,72.13,373,6133351,65.95,427,4476968,48.14,620,749142,8.06,63.01,7.74,29.25
2022-03-11T00:00:00.000Z,24,6707669,72.13,86,6133437,65.96,122,4477090,48.14,144,749286,8.06,63,7.75,29.25
2022-03-12T00:00:00.000Z,10,6707679,72.13,11,6133448,65.96,31,4477121,48.14,28,749314,8.06,62.98,7.77,29.24
2022-03-13T00:00:00.000Z,100,6707779,72.13,271,6133719,65.96,358,4477479,48.15,595,749909,8.06,62.98,7.78,29.24
2022-03-14T00:00:00.000Z,65,6707844,72.13,252,6133971,65.96,316,4477795,48.15,559,750468,8.07,62.98,7.78,29.24
2022-03-15T00:00:00.000Z,79,6707923,72.13,185,6134156,65.96,293,4478088,48.16,591,751059,8.08,62.95,7.81,29.24
2022-03-16T00:00:00.000Z,77,6708000,72.13,205,6134361,65.97,302,4478390,48.16,667,751726,8.08,62.94,7.82,29.24
2022-03-17T00:00:00.000Z,65,6708065,72.14,121,6134482,65.97,286,4478676,48.16,613,752339,8.09,62.94,7.82,29.24
2022-03-18T00:00:00.000Z,19,6708084,72.14,54,6134536,65.97,100,4478776,48.16,234,752573,8.09,62.94,7.82,29.24
2022-03-19T00:00:00.000Z,5,6708089,72.14,10,6134546,65.97,28,4478804,48.16,39,752612,8.09,62.89,7.88,29.23
2022-03-20T00:00:00.000Z,119,6708208,72.14,259,6134805,65.97,486,4479290,48.17,1429,754041,8.11,62.87,7.89,29.23
2022-03-21T00:00:00.000Z,97,6708305,72.14,247,6135052,65.97,377,4479667,48.17,1132,755173,8.12,62.87,7.9,29.23
2022-03-22T00:00:00.000Z,140,6708445,72.14,342,6135394,65.98,506,4480173,48.18,1770,756943,8.14,62.84,7.94,29.23
2022-03-23T00:00:00.000Z,108,6708553,72.14,212,6135606,65.98,462,4480635,48.18,1676,758619,8.16,62.81,7.97,29.22
2022-03-24T00:00:00.000Z,174,6708727,72.14,345,6135951,65.98,768,4481403,48.19,2361,760980,8.18,62.78,8,29.22
2022-03-25T00:00:00.000Z,39,6708766,72.14,82,6136033,65.98,156,4481559,48.19,629,761609,8.19,62.78,8,29.23
2022-03-26T00:00:00.000Z,12,6708778,72.14,13,6136046,65.98,34,4481593,48.19,91,761700,8.19,62.77,8,29.22
2022-03-27T00:00:00.000Z,165,6708943,72.14,342,6136388,65.99,758,4482351,48.2,3192,764892,8.23,62.75,8.02,29.22
2022-03-28T00:00:00.000Z,113,6709056,72.15,270,6136658,65.99,623,4482974,48.21,2416,767308,8.25,62.75,8.03,29.22
2022-03-29T00:00:00.000Z,125,6709181,72.15,257,6136915,65.99,641,4483615,48.21,2770,770078,8.28,62.7,8.07,29.22
2022-03-30T00:00:00.000Z,132,6709313,72.15,207,6137122,66,538,4484153,48.22,2370,772448,8.31,62.81,8.11,29.07
2022-03-31T00:00:00.000Z,166,6709479,72.15,302,6137424,66,729,4484882,48.23,2852,775300,8.34,62.79,8.11,29.1
2022-04-01T00:00:00.000Z,122,6709601,72.15,160,6137584,66,277,4485159,48.23,585,775885,8.34,62.72,8.13,29.15
2022-04-02T00:00:00.000Z,6,6709607,72.15,6,6137590,66,37,4485196,48.23,52,775937,8.34,62.69,8.15,29.16
2022-04-03T00:00:00.000Z,159,6709766,72.15,270,6137860,66,569,4485765,48.24,2478,778415,8.37,62.65,8.16,29.19
2022-04-04T00:00:00.000Z,103,6709869,72.15,207,6138067,66.01,483,4486248,48.24,2222,780637,8.39,62.62,8.16,29.22
2022-04-05T00:00:00.000Z,122,6709991,72.16,219,6138286,66.01,513,4486761,48.25,2242,782879,8.42,62.57,8.19,29.25
2022-04-06T00:00:00.000Z,92,6710083,72.16,155,6138441,66.01,381,4487142,48.25,2019,784898,8.44,62.55,8.2,29.25
2022-04-07T00:00:00.000Z,191,6710274,72.16,215,6138656,66.01,641,4487783,48.26,2554,787452,8.47,62.56,8.2,29.24
2022-04-08T00:00:00.000Z,30,6710304,72.16,59,6138715,66.01,153,4487936,48.26,479,787931,8.47,62.54,8.22,29.23
2022-04-09T00:00:00.000Z,6,6710310,72.16,17,6138732,66.01,27,4487963,48.26,46,787977,8.47,62.52,8.25,29.23
2022-04-10T00:00:00.000Z,103,6710413,72.16,264,6138996,66.02,429,4488392,48.27,1845,789822,8.49,62.51,8.26,29.23
2022-04-11T00:00:00.000Z,78,6710491,72.16,201,6139197,66.02,371,4488763,48.27,1425,791247,8.51,62.54,8.26,29.2
2022-04-12T00:00:00.000Z,204,6710695,72.16,168,6139365,66.02,373,4489136,48.27,1360,792607,8.52,62.58,8.29,29.12
2022-04-13T00:00:00.000Z,119,6710814,72.16,150,6139515,66.02,296,4489432,48.28,1217,793824,8.54,62.58,8.31,29.1
2022-04-14T00:00:00.000Z,85,6710899,72.17,221,6139736,66.02,320,4489752,48.28,1068,794892,8.55,62.57,8.33,29.1
2022-04-15T00:00:00.000Z,9,6710908,72.17,51,6139787,66.02,47,4489799,48.28,82,794974,8.55,62.55,8.35,29.1
2022-04-16T00:00:00.000Z,3,6710911,72.17,8,6139795,66.02,21,4489820,48.28,29,795003,8.55,62.53,8.37,29.1
2022-04-17T00:00:00.000Z,62,6710973,72.17,131,6139926,66.03,229,4490049,48.28,807,795810,8.56,62.52,8.38,29.1
2022-04-18T00:00:00.000Z,69,6711042,72.17,107,6140033,66.03,252,4490301,48.29,749,796559,8.57,62.51,8.38,29.1
2022-04-19T00:00:00.000Z,62,6711104,72.17,144,6140177,66.03,273,4490574,48.29,841,797400,8.57,62.5,8.4,29.1
2022-04-20T00:00:00.000Z,60,6711164,72.17,117,6140294,66.03,235,4490809,48.29,654,798054,8.58,62.48,8.42,29.1
2022-04-21T00:00:00.000Z,53,6711217,72.17,109,6140403,66.03,195,4491004,48.29,479,798533,8.59,62.47,8.43,29.1
2022-04-22T00:00:00.000Z,2,6711219,72.17,16,6140419,66.03,19,4491023,48.29,19,798552,8.59,62.45,8.44,29.11
2022-04-23T00:00:00.000Z,6,6711225,72.17,9,6140428,66.03,14,4491037,48.29,13,798565,8.59,62.43,8.46,29.11
2022-04-24T00:00:00.000Z,92,6711317,72.17,250,6140678,66.03,329,4491366,48.3,872,799437,8.6,62.43,8.47,29.1
2022-04-25T00:00:00.000Z,105,6711422,72.17,191,6140869,66.04,316,4491682,48.3,738,800175,8.6,62.43,8.47,29.1
2022-04-26T00:00:00.000Z,75,6711497,72.17,175,6141044,66.04,303,4491985,48.3,787,800962,8.61,62.42,8.48,29.1
2022-04-27T00:00:00.000Z,54,6711551,72.17,160,6141204,66.04,227,4492212,48.31,640,801602,8.62,62.41,8.49,29.1
2022-04-28T00:00:00.000Z,96,6711647,72.17,232,6141436,66.04,329,4492541,48.31,869,802471,8.63,62.41,8.5,29.1
2022-04-29T00:00:00.000Z,112,6711759,72.17,159,6141595,66.04,183,4492724,48.31,195,802666,8.63,62.39,8.51,29.1
2022-04-30T00:00:00.000Z,1,6711760,72.17,3,6141598,66.04,24,4492748,48.31,22,802688,8.63,62.38,8.52,29.1
2022-05-01T00:00:00.000Z,135,6711895,72.18,185,6141783,66.05,316,4493064,48.32,630,803318,8.64,62.38,8.53,29.09
2022-05-02T00:00:00.000Z,62,6711957,72.18,153,6141936,66.05,235,4493299,48.32,489,803807,8.64,62.37,8.54,29.09
2022-05-03T00:00:00.000Z,72,6712029,72.18,151,6142087,66.05,288,4493587,48.32,506,804313,8.65,62.36,8.55,29.09
2022-05-04T00:00:00.000Z,23,6712052,72.18,56,6142143,66.05,63,4493650,48.32,126,804439,8.65,62.35,8.57,29.08
2022-05-05T00:00:00.000Z,4,6712056,72.18,1,6142144,66.05,7,4493657,48.32,13,804452,8.65,62.34,8.58,29.08
2022-05-06T00:00:00.000Z,19,6712075,72.18,59,6142203,66.05,64,4493721,48.32,151,804603,8.65,62.33,8.59,29.08
2022-05-07T00:00:00.000Z,1,6712076,72.18,7,6142210,66.05,26,4493747,48.32,24,804627,8.65,62.32,8.6,29.08
2022-05-08T00:00:00.000Z,118,6712194,72.18,207,6142417,66.05,270,4494017,48.33,457,805084,8.66,62.31,8.61,29.08
2022-05-09T00:00:00.000Z,59,6712253,72.18,162,6142579,66.05,251,4494268,48.33,504,805588,8.66,62.31,8.61,29.08
2022-05-10T00:00:00.000Z,130,6712383,72.18,169,6142748,66.06,260,4494528,48.33,508,806096,8.67,62.3,8.62,29.08
2022-05-11T00:00:00.000Z,58,6712441,72.18,118,6142866,66.06,182,4494710,48.33,464,806560,8.67,62.3,8.63,29.08
2022-05-12T00:00:00.000Z,119,6712560,72.18,200,6143066,66.06,277,4494987,48.34,664,807224,8.68,62.29,8.64,29.07
2022-05-13T00:00:00.000Z,11,6712571,72.18,42,6143108,66.06,71,4495058,48.34,110,807334,8.68,62.28,8.65,29.07
2022-05-14T00:00:00.000Z,6,6712577,72.18,12,6143120,66.06,11,4495069,48.34,22,807356,8.68,62.26,8.66,29.07
2022-05-15T00:00:00.000Z,89,6712666,72.18,175,6143295,66.06,245,4495314,48.34,665,808021,8.69,62.26,8.67,29.07
2022-05-16T00:00:00.000Z,68,6712734,72.19,141,6143436,66.06,230,4495544,48.34,508,808529,8.69,62.19,8.65,29.16
2022-05-17T00:00:00.000Z,73,6712807,72.19,153,6143589,66.07,268,4495812,48.35,617,809146,8.7,62.18,8.66,29.16
2022-05-18T00:00:00.000Z,43,6712850,72.19,99,6143688,66.07,169,4495981,48.35,445,809591,8.71,62.17,8.67,29.16
2022-05-19T00:00:00.000Z,64,6712914,72.19,170,6143858,66.07,212,4496193,48.35,499,810090,8.71,62.16,8.68,29.16
2022-05-20T00:00:00.000Z,75,6712989,72.19,114,6143972,66.07,128,4496321,48.35,138,810228,8.71,62.15,8.69,29.16
2022-05-21T00:00:00.000Z,4,6712993,72.19,7,6143979,66.07,14,4496335,48.35,18,810246,8.71,62.14,8.7,29.16
2022-05-22T00:00:00.000Z,87,6713080,72.19,188,6144167,66.07,216,4496551,48.35,426,810672,8.72,62.14,8.71,29.16
2022-05-23T00:00:00.000Z,64,6713144,72.19,120,6144287,66.07,155,4496706,48.36,345,811017,8.72,62.14,8.71,29.16
2022-05-24T00:00:00.000Z,43,6713187,72.19,119,6144406,66.07,156,4496862,48.36,394,811411,8.73,62.13,8.71,29.15
2022-05-25T00:00:00.000Z,61,6713248,72.19,103,6144509,66.07,165,4497027,48.36,337,811748,8.73,62.12,8.72,29.15
2022-05-26T00:00:00.000Z,72,6713320,72.19,136,6144645,66.08,185,4497212,48.36,348,812096,8.73,62.11,8.73,29.16
2022-05-27T00:00:00.000Z,12,6713332,72.19,29,6144674,66.08,43,4497255,48.36,59,812155,8.73,62.1,8.74,29.16
2022-05-28T00:00:00.000Z,2,6713334,72.19,4,6144678,66.08,7,4497262,48.36,12,812167,8.73,62.09,8.75,29.16
2022-05-29T00:00:00.000Z,89,6713423,72.19,152,6144830,66.08,163,4497425,48.36,314,812481,8.74,62.09,8.75,29.16
2022-05-30T00:00:00.000Z,56,6713479,72.19,133,6144963,66.08,125,4497550,48.36,291,812772,8.74,62.09,8.76,29.16
2022-05-31T00:00:00.000Z,45,6713524,72.19,104,6145067,66.08,153,4497703,48.37,351,813123,8.74,62.07,8.78,29.15
2022-06-01T00:00:00.000Z,63,6713587,72.19,90,6145157,66.08,117,4497820,48.37,276,813399,8.75,61.95,8.9,29.16
2022-06-02T00:00:00.000Z,77,6713664,72.2,156,6145313,66.08,177,4497997,48.37,255,813654,8.75,45.96,24.88,29.15
2022-06-03T00:00:00.000Z,10,6713674,72.2,23,6145336,66.08,21,4498018,48.37,33,813687,8.75,45.9,24.95,29.16
2022-06-04T00:00:00.000Z,0,6713674,72.2,7,6145343,66.08,8,4498026,48.37,5,813692,8.75,45.84,25,29.16
2022-06-05T00:00:00.000Z,11,6713685,72.2,14,6145357,66.08,7,4498033,48.37,2,813694,8.75,45.8,25.05,29.16
2022-06-06T00:00:00.000Z,58,6713743,72.2,144,6145501,66.09,162,4498195,48.37,261,813955,8.75,39.96,30.89,29.16
2022-06-07T00:00:00.000Z,54,6713797,72.2,134,6145635,66.09,141,4498336,48.37,375,814330,8.76,39.92,30.93,29.15
2022-06-08T00:00:00.000Z,57,6713854,72.2,104,6145739,66.09,131,4498467,48.37,497,814827,8.76,39.89,30.96,29.15
2022-06-09T00:00:00.000Z,84,6713938,72.2,206,6145945,66.09,234,4498701,48.38,641,815468,8.77,39.86,30.99,29.15
2022-06-10T00:00:00.000Z,14,6713952,72.2,51,6145996,66.09,59,4498760,48.38,141,815609,8.77,39.83,31.02,29.15
2022-06-11T00:00:00.000Z,0,6713952,72.2,3,6145999,66.09,7,4498767,48.38,19,815628,8.77,39.8,31.05,29.15
2022-06-12T00:00:00.000Z,109,6714061,72.2,199,6146198,66.09,191,4498958,48.38,767,816395,8.78,39.8,31.05,29.15
2022-06-13T00:00:00.000Z,81,6714142,72.2,142,6146340,66.09,168,4499126,48.38,625,817020,8.79,39.81,31.04,29.15
2022-06-14T00:00:00.000Z,116,6714258,72.2,173,6146513,66.1,208,4499334,48.38,759,817779,8.79,39.79,31.06,29.15
2022-06-15T00:00:00.000Z,71,6714329,72.2,141,6146654,66.1,207,4499541,48.39,699,818478,8.8,39.78,31.08,29.15
2022-06-16T00:00:00.000Z,94,6714423,72.2,136,6146790,66.1,217,4499758,48.39,742,819220,8.81,39.74,31.11,29.14
2022-06-17T00:00:00.000Z,16,6714439,72.2,63,6146853,66.1,52,4499810,48.39,123,819343,8.81,39.72,31.14,29.15
2022-06-18T00:00:00.000Z,3,6714442,72.2,4,6146857,66.1,11,4499821,48.39,15,819358,8.81,39.68,31.17,29.14
2022-06-19T00:00:00.000Z,115,6714557,72.2,207,6147064,66.1,317,4500138,48.39,877,820235,8.82,39.53,31.33,29.15
2022-06-20T00:00:00.000Z,99,6714656,72.21,152,6147216,66.1,307,4500445,48.4,922,821157,8.83,33.92,36.85,29.23
2022-06-21T00:00:00.000Z,94,6714750,72.21,154,6147370,66.11,375,4500820,48.4,1229,822386,8.84,33.58,37.19,29.23
2022-06-22T00:00:00.000Z,110,6714860,72.21,135,6147505,66.11,339,4501159,48.4,894,823280,8.85,33.28,37.49,29.23
2022-06-23T00:00:00.000Z,133,6714993,72.21,217,6147722,66.11,524,4501683,48.41,1146,824426,8.87,32.84,37.92,29.23
2022-06-24T00:00:00.000Z,19,6715012,72.21,35,6147757,66.11,110,4501793,48.41,207,824633,8.87,32.43,38.34,29.24
2022-06-25T00:00:00.000Z,1,6715013,72.21,3,6147760,66.11,12,4501805,48.41,16,824649,8.87,32.04,38.72,29.24
2022-06-26T00:00:00.000Z,107,6715120,72.21,158,6147918,66.11,379,4502184,48.41,933,825582,8.88,31.63,39.13,29.24
2022-06-27T00:00:00.000Z,86,6715206,72.21,172,6148090,66.11,391,4502575,48.42,1028,826610,8.89,31.29,39.47,29.24
2022-06-28T00:00:00.000Z,84,6715290,72.21,151,6148241,66.12,364,4502939,48.42,932,827542,8.9,30.86,39.91,29.24
2022-06-29T00:00:00.000Z,76,6715366,72.21,106,6148347,66.12,265,4503204,48.43,816,828358,8.91,30.48,40.28,29.24
2022-06-30T00:00:00.000Z,86,6715452,72.21,165,6148512,66.12,356,4503560,48.43,1057,829415,8.92,30.05,40.71,29.24
2022-07-01T00:00:00.000Z,22,6715474,72.21,28,6148540,66.12,55,4503615,48.43,80,829495,8.92,29.62,41.14,29.24
2022-07-02T00:00:00.000Z,1,6715475,72.21,2,6148542,66.12,8,4503623,48.43,18,829513,8.92,29.2,41.56,29.24
2022-07-03T00:00:00.000Z,100,6715575,72.22,177,6148719,66.12,322,4503945,48.43,637,830150,8.93,28.81,41.95,29.24
2022-07-04T00:00:00.000Z,76,6715651,72.22,141,6148860,66.12,278,4504223,48.44,748,830898,8.94,28.5,42.26,29.24
2022-07-05T00:00:00.000Z,59,6715710,72.22,142,6149002,66.12,302,4504525,48.44,688,831586,8.94,28.06,42.7,29.24
2022-07-06T00:00:00.000Z,78,6715788,72.22,124,6149126,66.12,211,4504736,48.44,645,832231,8.95,27.39,43.37,29.24
2022-07-07T00:00:00.000Z,82,6715870,72.22,163,6149289,66.13,267,4505003,48.44,721,832952,8.96,26.48,44.28,29.24
2022-07-08T00:00:00.000Z,17,6715887,72.22,33,6149322,66.13,69,4505072,48.45,131,833083,8.96,25.47,45.29,29.24
2022-07-09T00:00:00.000Z,0,6715887,72.22,1,6149323,66.13,2,4505074,48.45,2,833085,8.96,24.42,46.34,29.24
2022-07-10T00:00:00.000Z,90,6715977,72.22,164,6149487,66.13,229,4505303,48.45,470,833555,8.96,23.77,46.99,29.24
2022-07-11T00:00:00.000Z,64,6716041,72.22,140,6149627,66.13,247,4505550,48.45,574,834129,8.97,23.22,47.54,29.24
2022-07-12T00:00:00.000Z,69,6716110,72.22,128,6149755,66.13,207,4505757,48.45,557,834686,8.98,22.13,48.63,29.24
2022-07-13T00:00:00.000Z,43,6716153,72.22,101,6149856,66.13,164,4505921,48.45,488,835174,8.98,21.1,49.66,29.24
2022-07-14T00:00:00.000Z,69,6716222,72.22,147,6150003,66.13,209,4506130,48.46,512,835686,8.99,20.12,50.63,29.24
2022-07-15T00:00:00.000Z,64,6716286,72.22,88,6150091,66.14,127,4506257,48.46,166,835852,8.99,19.27,51.48,29.25
2022-07-16T00:00:00.000Z,0,6716286,72.22,6,6150097,66.14,7,4506264,48.46,7,835859,8.99,18.29,52.46,29.25
2022-07-17T00:00:00.000Z,76,6716362,72.22,183,6150280,66.14,241,4506505,48.46,468,836327,8.99,17.83,52.92,29.25
2022-07-18T00:00:00.000Z,62,6716424,72.23,158,6150438,66.14,207,4506712,48.46,511,836838,9,17.48,53.26,29.26
2022-07-19T00:00:00.000Z,61,6716485,72.23,147,6150585,66.14,174,4506886,48.46,368,837206,9,16.77,53.97,29.26
2022-07-20T00:00:00.000Z,52,6716537,72.23,133,6150718,66.14,136,4507022,48.47,422,837628,9.01,16.09,54.64,29.26
2022-07-21T00:00:00.000Z,61,6716598,72.23,158,6150876,66.14,176,4507198,48.47,341,837969,9.01,15.43,55.3,29.27
2022-07-22T00:00:00.000Z,10,6716608,72.23,36,6150912,66.14,43,4507241,48.47,56,838025,9.01,14.64,56.08,29.28
2022-07-23T00:00:00.000Z,0,6716608,72.23,4,6150916,66.14,4,4507245,48.47,9,838034,9.01,14.17,56.55,29.28
2022-07-24T00:00:00.000Z,58,6716666,72.23,128,6151044,66.15,196,4507441,48.47,364,838398,9.02,13.55,57.16,29.29
2022-07-25T00:00:00.000Z,48,6716714,72.23,107,6151151,66.15,172,4507613,48.47,336,838734,9.02,13.09,57.61,29.3
2022-07-26T00:00:00.000Z,47,6716761,72.23,99,6151250,66.15,110,4507723,48.47,270,839004,9.02,12.46,58.23,29.3
2022-07-27T00:00:00.000Z,43,6716804,72.23,125,6151375,66.15,132,4507855,48.48,243,839247,9.02,11.89,58.8,29.31
2022-07-28T00:00:00.000Z,62,6716866,72.23,142,6151517,66.15,147,4508002,48.48,220,839467,9.03,11.35,59.34,29.31
2022-07-29T00:00:00.000Z,10,6716876,72.23,25,6151542,66.15,27,4508029,48.48,31,839498,9.03,10.85,59.83,29.32
2022-07-30T00:00:00.000Z,0,6716876,72.23,0,6151542,66.15,1,4508030,48.48,1,839499,9.03,10.34,60.33,29.33
2022-07-31T00:00:00.000Z,56,6716932,72.23,134,6151676,66.15,131,4508161,48.48,252,839751,9.03,9.97,60.7,29.33
2022-08-01T00:00:00.000Z,54,6716986,72.23,76,6151752,66.15,88,4508249,48.48,152,839903,9.03,9.47,61.19,29.34
2022-08-02T00:00:00.000Z,111,6717097,72.23,119,6151871,66.15,157,4508406,48.48,264,840167,9.03,8.92,61.73,29.35
2022-08-03T00:00:00.000Z,76,6717173,72.23,71,6151942,66.16,92,4508498,48.48,178,840345,9.04,8.46,62.19,29.35
2022-08-04T00:00:00.000Z,133,6717306,72.23,133,6152075,66.16,111,4508609,48.48,246,840591,9.04,8.04,62.61,29.36
2022-08-05T00:00:00.000Z,30,6717336,72.23,23,6152098,66.16,13,4508622,48.48,23,840614,9.04,7.71,62.93,29.36
2022-08-06T00:00:00.000Z,1,6717337,72.23,2,6152100,66.16,1,4508623,48.48,5,840619,9.04,7.32,63.32,29.36
2022-08-07T00:00:00.000Z,89,6717426,72.24,97,6152197,66.16,69,4508692,48.48,169,840788,9.04,6.92,63.71,29.37
2022-08-08T00:00:00.000Z,76,6717502,72.24,95,6152292,66.16,122,4508814,48.49,172,840960,9.04,6.74,63.89,29.37
2022-08-09T00:00:00.000Z,96,6717598,72.24,88,6152380,66.16,99,4508913,48.49,213,841173,9.05,6.25,64.37,29.38
2022-08-10T00:00:00.000Z,77,6717675,72.24,58,6152438,66.16,75,4508988,48.49,115,841288,9.05,5.91,64.71,29.38
2022-08-11T00:00:00.000Z,54,6717729,72.24,101,6152539,66.16,91,4509079,48.49,155,841443,9.05,5.59,65.03,29.38
2022-08-12T00:00:00.000Z,8,6717737,72.24,12,6152551,66.16,17,4509096,48.49,29,841472,9.05,5.35,65.27,29.38
2022-08-13T00:00:00.000Z,0,6717737,72.24,2,6152553,66.16,2,4509098,48.49,3,841475,9.05,5.1,65.52,29.38
2022-08-14T00:00:00.000Z,74,6717811,72.24,75,6152628,66.16,82,4509180,48.49,150,841625,9.05,4.87,65.75,29.39
2022-08-15T00:00:00.000Z,68,6717879,72.24,81,6152709,66.16,93,4509273,48.49,143,841768,9.05,4.74,65.87,29.39
2022-08-16T00:00:00.000Z,82,6717961,72.24,84,6152793,66.16,84,4509357,48.49,187,841955,9.05,4.46,66.15,29.39
2022-08-17T00:00:00.000Z,48,6718009,72.24,55,6152848,66.16,36,4509393,48.49,114,842069,9.06,4.16,66.44,29.39
2022-08-18T00:00:00.000Z,68,6718077,72.24,93,6152941,66.17,120,4509513,48.49,173,842242,9.06,3.98,66.63,29.39
2022-08-19T00:00:00.000Z,77,6718154,72.24,67,6153008,66.17,56,4509569,48.49,38,842280,9.06,3.83,66.78,29.39
2022-08-20T00:00:00.000Z,1,6718155,72.24,1,6153009,66.17,3,4509572,48.49,3,842283,9.06,3.67,66.94,29.39
2022-08-21T00:00:00.000Z,51,6718206,72.24,85,6153094,66.17,84,4509656,48.49,195,842478,9.06,3.52,67.08,29.4
2022-08-22T00:00:00.000Z,89,6718295,72.25,74,6153168,66.17,103,4509759,48.5,143,842621,9.06,3.44,67.16,29.4
2022-08-23T00:00:00.000Z,72,6718367,72.25,106,6153274,66.17,84,4509843,48.5,180,842801,9.06,3.27,67.33,29.4
2022-08-24T00:00:00.000Z,38,6718405,72.25,80,6153354,66.17,49,4509892,48.5,133,842934,9.06,3.15,67.46,29.4
2022-08-25T00:00:00.000Z,53,6718458,72.25,75,6153429,66.17,97,4509989,48.5,193,843127,9.07,3.03,67.57,29.4
2022-08-26T00:00:00.000Z,4,6718462,72.25,15,6153444,66.17,9,4509998,48.5,14,843141,9.07,2.94,67.66,29.4
2022-08-27T00:00:00.000Z,0,6718462,72.25,0,6153444,66.17,0,4509998,48.5,0,843141,9.07,2.84,67.76,29.4
2022-08-28T00:00:00.000Z,55,6718517,72.25,80,6153524,66.17,85,4510083,48.5,102,843243,9.07,2.75,67.85,29.4
2022-08-29T00:00:00.000Z,48,6718565,72.25,68,6153592,66.17,89,4510172,48.5,107,843350,9.07,2.69,67.91,29.4
2022-08-30T00:00:00.000Z,85,6718650,72.25,112,6153704,66.17,85,4510257,48.5,130,843480,9.07,2.6,68,29.4
2022-08-31T00:00:00.000Z,42,6718692,72.25,88,6153792,66.17,70,4510327,48.5,95,843575,9.07,2.53,68.07,29.4
2022-09-01T00:00:00.000Z,29,6718721,72.25,84,6153876,66.18,58,4510385,48.5,113,843688,9.07,2.46,68.14,29.4
2022-09-02T00:00:00.000Z,6,6718727,72.25,20,6153896,66.18,13,4510398,48.5,10,843698,9.07,2.4,68.2,29.4
2022-09-03T00:00:00.000Z,2,6718729,72.25,0,6153896,66.18,3,4510401,48.5,1,843699,9.07,2.33,68.27,29.4
2022-09-04T00:00:00.000Z,63,6718792,72.25,132,6154028,66.18,80,4510481,48.5,121,843820,9.07,2.27,68.32,29.4
2022-09-05T00:00:00.000Z,44,6718836,72.25,77,6154105,66.18,58,4510539,48.5,89,843909,9.08,2.23,68.37,29.4
2022-09-06T00:00:00.000Z,60,6718896,72.25,104,6154209,66.18,78,4510617,48.5,130,844039,9.08,2.17,68.42,29.4
2022-09-07T00:00:00.000Z,27,6718923,72.25,63,6154272,66.18,53,4510670,48.51,94,844133,9.08,2.12,68.47,29.4
2022-09-08T00:00:00.000Z,50,6718973,72.25,101,6154373,66.18,70,4510740,48.51,77,844210,9.08,2.07,68.53,29.4
2022-09-09T00:00:00.000Z,10,6718983,72.25,21,6154394,66.18,16,4510756,48.51,17,844227,9.08,2.03,68.57,29.4
2022-09-10T00:00:00.000Z,0,6718983,72.25,0,6154394,66.18,5,4510761,48.51,2,844229,9.08,1.97,68.62,29.4
2022-09-11T00:00:00.000Z,39,6719022,72.25,117,6154511,66.18,78,4510839,48.51,116,844345,9.08,1.92,68.67,29.41
2022-09-12T00:00:00.000Z,24,6719046,72.25,72,6154583,66.18,52,4510891,48.51,68,844413,9.08,1.88,68.71,29.41
2022-09-13T00:00:00.000Z,44,6719090,72.25,112,6154695,66.18,54,4510945,48.51,103,844516,9.08,1.82,68.77,29.41
2022-09-14T00:00:00.000Z,21,6719111,72.25,64,6154759,66.19,53,4510998,48.51,62,844578,9.08,1.78,68.82,29.41
2022-09-15T00:00:00.000Z,32,6719143,72.25,77,6154836,66.19,63,4511061,48.51,107,844685,9.08,1.73,68.86,29.41
2022-09-16T00:00:00.000Z,50,6719193,72.25,52,6154888,66.19,27,4511088,48.51,28,844713,9.08,1.7,68.89,29.41
2022-09-17T00:00:00.000Z,3,6719196,72.25,0,6154888,66.19,1,4511089,48.51,0,844713,9.08,1.66,68.93,29.41
2022-09-18T00:00:00.000Z,27,6719223,72.26,66,6154954,66.19,52,4511141,48.51,114,844827,9.08,1.63,68.96,29.41
2022-09-19T00:00:00.000Z,27,6719250,72.26,74,6155028,66.19,44,4511185,48.51,57,844884,9.09,1.61,68.98,29.41
2022-09-20T00:00:00.000Z,41,6719291,72.26,93,6155121,66.19,75,4511260,48.51,102,844986,9.09,1.56,69.03,29.41
2022-09-21T00:00:00.000Z,22,6719313,72.26,55,6155176,66.19,31,4511291,48.51,67,845053,9.09,1.55,69.05,29.41
2022-09-22T00:00:00.000Z,42,6719355,72.26,62,6155238,66.19,49,4511340,48.51,306,845359,9.09,1.52,69.07,29.4
2022-09-23T00:00:00.000Z,22,6719377,72.26,29,6155267,66.19,34,4511374,48.51,248,845607,9.09,1.5,69.1,29.41
2022-09-24T00:00:00.000Z,0,6719377,72.26,0,6155267,66.19,0,4511374,48.51,0,845607,9.09,1.47,69.13,29.41
2022-09-25T00:00:00.000Z,9,6719386,72.26,24,6155291,66.19,28,4511402,48.51,222,845829,9.1,1.46,69.13,29.41
2022-09-26T00:00:00.000Z,3,6719389,72.26,16,6155307,66.19,30,4511432,48.51,64,845893,9.1,1.46,69.13,29.41
2022-09-27T00:00:00.000Z,2,6719391,72.26,1,6155308,66.19,4,4511436,48.51,8,845901,9.1,1.42,69.17,29.41
2022-09-28T00:00:00.000Z,38,6719429,72.26,52,6155360,66.19,94,4511530,48.51,710,846611,9.1,1.39,69.21,29.41
2022-09-29T00:00:00.000Z,77,6719506,72.26,92,6155452,66.19,111,4511641,48.52,905,847516,9.11,1.37,69.22,29.41
2022-09-30T00:00:00.000Z,8,6719514,72.26,18,6155470,66.19,16,4511657,48.52,289,847805,9.12,1.35,69.24,29.41
2022-10-01T00:00:00.000Z,0,6719514,72.26,2,6155472,66.19,0,4511657,48.52,7,847812,9.12,1.31,69.29,29.41
2022-10-02T00:00:00.000Z,40,6719554,72.26,75,6155547,66.19,112,4511769,48.52,859,848671,9.13,1.31,69.29,29.41
2022-10-03T00:00:00.000Z,45,6719599,72.26,46,6155593,66.19,91,4511860,48.52,886,849557,9.14,1.31,69.28,29.4
2022-10-04T00:00:00.000Z,9,6719608,72.26,14,6155607,66.19,21,4511881,48.52,244,849801,9.14,1.27,69.32,29.4
2022-10-05T00:00:00.000Z,0,6719608,72.26,0,6155607,66.19,0,4511881,48.52,0,849801,9.14,1.28,69.31,29.4
2022-10-06T00:00:00.000Z,39,6719647,72.26,74,6155681,66.2,128,4512009,48.52,1276,851077,9.15,1.31,69.28,29.4
2022-10-07T00:00:00.000Z,8,6719655,72.26,10,6155691,66.2,16,4512025,48.52,247,851324,9.15,1.3,69.29,29.41
2022-10-08T00:00:00.000Z,0,6719655,72.26,1,6155692,66.2,0,4512025,48.52,0,851324,9.15,1.26,69.33,29.41
2022-10-09T00:00:00.000Z,10,6719665,72.26,32,6155724,66.2,45,4512070,48.52,431,851755,9.16,1.31,69.28,29.41
2022-10-10T00:00:00.000Z,5,6719670,72.26,5,6155729,66.2,2,4512072,48.52,13,851768,9.16,1.38,69.22,29.4
2022-10-11T00:00:00.000Z,33,6719703,72.26,71,6155800,66.2,102,4512174,48.52,858,852626,9.17,1.36,69.24,29.4
2022-10-12T00:00:00.000Z,36,6719739,72.26,46,6155846,66.2,91,4512265,48.52,927,853553,9.18,1.34,69.26,29.4
2022-10-13T00:00:00.000Z,28,6719767,72.26,29,6155875,66.2,48,4512313,48.52,719,854272,9.19,1.4,69.2,29.4
2022-10-14T00:00:00.000Z,8,6719775,72.26,9,6155884,66.2,27,4512340,48.52,257,854529,9.19,1.4,69.2,29.4
2022-10-15T00:00:00.000Z,0,6719775,72.26,0,6155884,66.2,0,4512340,48.52,2,854531,9.19,1.38,69.22,29.4
2022-10-16T00:00:00.000Z,8,6719783,72.26,17,6155901,66.2,38,4512378,48.52,384,854915,9.19,1.39,69.2,29.4
2022-10-17T00:00:00.000Z,1,6719784,72.26,2,6155903,66.2,2,4512380,48.52,8,854923,9.19,1.39,69.2,29.4
2022-10-18T00:00:00.000Z,38,6719822,72.26,67,6155970,66.2,108,4512488,48.53,940,855863,9.2,1.43,69.17,29.4
2022-10-19T00:00:00.000Z,42,6719864,72.26,56,6156026,66.2,109,4512597,48.53,1188,857051,9.22,1.47,69.12,29.4
2022-10-20T00:00:00.000Z,69,6719933,72.26,78,6156104,66.2,146,4512743,48.53,1053,858104,9.23,1.5,69.1,29.4
2022-10-21T00:00:00.000Z,7,6719940,72.26,16,6156120,66.2,24,4512767,48.53,273,858377,9.23,1.5,69.09,29.4
2022-10-22T00:00:00.000Z,0,6719940,72.26,0,6156120,66.2,1,4512768,48.53,1,858378,9.23,1.49,69.1,29.4
2022-10-23T00:00:00.000Z,48,6719988,72.26,61,6156181,66.2,95,4512863,48.53,845,859223,9.24,1.51,69.08,29.4
2022-10-24T00:00:00.000Z,63,6720051,72.26,47,6156228,66.2,105,4512968,48.53,764,859987,9.25,1.51,69.08,29.41
2022-10-25T00:00:00.000Z,41,6720092,72.26,65,6156293,66.2,133,4513101,48.53,1128,861115,9.26,1.55,69.04,29.4
2022-10-26T00:00:00.000Z,55,6720147,72.27,59,6156352,66.2,99,4513200,48.53,1201,862316,9.27,1.61,68.99,29.4
2022-10-27T00:00:00.000Z,65,6720212,72.27,68,6156420,66.2,141,4513341,48.53,1331,863647,9.29,1.67,68.93,29.4
2022-10-28T00:00:00.000Z,50,6720262,72.27,59,6156479,66.2,59,4513400,48.53,376,864023,9.29,1.67,68.93,29.4
2022-10-29T00:00:00.000Z,0,6720262,72.27,0,6156479,66.2,0,4513400,48.53,9,864032,9.29,1.66,68.94,29.4
2022-10-30T00:00:00.000Z,37,6720299,72.27,50,6156529,66.2,133,4513533,48.54,1005,865037,9.3,1.71,68.89,29.4
2022-10-31T00:00:00.000Z,40,6720339,72.27,51,6156580,66.2,153,4513686,48.54,1057,866094,9.31,1.76,68.84,29.4
2022-11-01T00:00:00.000Z,4,6720343,72.27,6,6156586,66.2,18,4513704,48.54,149,866243,9.32,1.82,68.78,29.4
2022-11-02T00:00:00.000Z,51,6720394,72.27,34,6156620,66.21,128,4513832,48.54,1049,867292,9.33,1.88,68.72,29.4
2022-11-03T00:00:00.000Z,38,6720432,72.27,47,6156667,66.21,132,4513964,48.54,1124,868416,9.34,1.96,68.64,29.4
2022-11-04T00:00:00.000Z,5,6720437,72.27,11,6156678,66.21,26,4513990,48.54,305,868721,9.34,1.98,68.63,29.4
2022-11-05T00:00:00.000Z,0,6720437,72.27,0,6156678,66.21,1,4513991,48.54,3,868724,9.34,1.97,68.63,29.4
2022-11-06T00:00:00.000Z,63,6720500,72.27,58,6156736,66.21,133,4514124,48.54,1200,869924,9.35,2.03,68.57,29.4
2022-11-07T00:00:00.000Z,36,6720536,72.27,33,6156769,66.21,115,4514239,48.54,1276,871200,9.37,2.1,68.51,29.4
2022-11-08T00:00:00.000Z,61,6720597,72.27,50,6156819,66.21,134,4514373,48.55,1118,872318,9.38,2.1,68.5,29.4
2022-11-09T00:00:00.000Z,36,6720633,72.27,49,6156868,66.21,133,4514506,48.55,1308,873626,9.39,2.16,68.45,29.4
2022-11-10T00:00:00.000Z,50,6720683,72.27,50,6156918,66.21,119,4514625,48.55,1706,875332,9.41,2.22,68.39,29.4
2022-11-11T00:00:00.000Z,6,6720689,72.27,26,6156944,66.21,29,4514654,48.55,511,875843,9.42,2.23,68.37,29.4
2022-11-12T00:00:00.000Z,1,6720690,72.27,0,6156944,66.21,2,4514656,48.55,16,875859,9.42,2.22,68.38,29.4
2022-11-13T00:00:00.000Z,43,6720733,72.27,51,6156995,66.21,146,4514802,48.55,1199,877058,9.43,2.29,68.31,29.4
2022-11-14T00:00:00.000Z,49,6720782,72.27,51,6157046,66.21,153,4514955,48.55,1467,878525,9.45,2.37,68.23,29.4
2022-11-15T00:00:00.000Z,72,6720854,72.27,59,6157105,66.21,163,4515118,48.55,1477,880002,9.46,2.43,68.17,29.4
2022-11-16T00:00:00.000Z,50,6720904,72.27,59,6157164,66.21,144,4515262,48.55,1548,881550,9.48,2.5,68.1,29.4
2022-11-17T00:00:00.000Z,54,6720958,72.27,76,6157240,66.21,180,4515442,48.56,1674,883224,9.5,2.59,68.02,29.4
2022-11-18T00:00:00.000Z,23,6720981,72.27,35,6157275,66.21,64,4515506,48.56,686,883910,9.51,2.61,67.99,29.4
2022-11-19T00:00:00.000Z,0,6720981,72.27,0,6157275,66.21,0,4515506,48.56,3,883913,9.51,2.6,68,29.4
2022-11-20T00:00:00.000Z,42,6721023,72.27,48,6157323,66.21,134,4515640,48.56,1380,885293,9.52,2.67,67.93,29.4
2022-11-21T00:00:00.000Z,45,6721068,72.28,41,6157364,66.21,133,4515773,48.56,1272,886565,9.53,2.76,67.85,29.4
2022-11-22T00:00:00.000Z,62,6721130,72.28,57,6157421,66.21,168,4515941,48.56,1520,888085,9.55,2.83,67.77,29.4
2022-11-23T00:00:00.000Z,61,6721191,72.28,58,6157479,66.21,168,4516109,48.56,1526,889611,9.57,2.9,67.7,29.4
2022-11-24T00:00:00.000Z,36,6721227,72.28,50,6157529,66.22,161,4516270,48.57,1639,891250,9.58,2.98,67.62,29.4
2022-11-25T00:00:00.000Z,31,6721258,72.28,36,6157565,66.22,53,4516323,48.57,531,891781,9.59,3,67.6,29.4
2022-11-26T00:00:00.000Z,0,6721258,72.28,2,6157567,66.22,2,4516325,48.57,2,891783,9.59,3,67.61,29.4
2022-11-27T00:00:00.000Z,31,6721289,72.28,35,6157602,66.22,139,4516464,48.57,1342,893125,9.6,3.06,67.54,29.4
2022-11-28T00:00:00.000Z,24,6721313,72.28,43,6157645,66.22,106,4516570,48.57,1166,894291,9.62,3.14,67.47,29.4
2022-11-29T00:00:00.000Z,60,6721373,72.28,78,6157723,66.22,188,4516758,48.57,1431,895722,9.63,3.2,67.4,29.4
2022-11-30T00:00:00.000Z,49,6721422,72.28,83,6157806,66.22,172,4516930,48.57,1517,897239,9.65,3.27,67.34,29.39
2022-12-01T00:00:00.000Z,13,6721435,72.28,17,6157823,66.22,79,4517009,48.57,489,897728,9.65,3.34,67.26,29.39
