Day_Date,vaccinated,vaccinated_cum,vaccinated_population_perc,vaccinated_seconde_dose,vaccinated_seconde_dose_cum,vaccinated_seconde_dose_population_perc,vaccinated_third_dose,vaccinated_third_dose_cum,vaccinated_third_dose_population_perc,vaccinated_fourth_dose,vaccinated_fourth_dose_cum,vaccinated_fourth_dose_population_perc,vaccinated_validity_perc,vaccinated_expired_perc,not_vaccinated_perc
2020-12-19T00:00:00.000Z,46,69,0,0,4,0,0,0,0,0,0,0,0,0,100
2020-12-20T00:00:00.000Z,7393,7462,0.08,0,4,0,0,0,0,0,0,0,0,0,100
2020-12-21T00:00:00.000Z,24921,32383,0.35,0,4,0,0,0,0,0,0,0,0,0,100
2020-12-22T00:00:00.000Z,44662,77045,0.83,0,4,0,0,0,0,0,0,0,0,0,100
2020-12-23T00:00:00.000Z,62911,139956,1.5,0,4,0,0,0,0,0,0,0,0,0,100
2020-12-24T00:00:00.000Z,73422,213378,2.29,0,4,0,0,0,0,0,0,0,0,0,100
2020-12-25T00:00:00.000Z,38511,251889,2.71,0,4,0,0,0,0,0,0,0,0,0,100
2020-12-26T00:00:00.000Z,32615,284504,3.06,0,4,0,0,0,0,0,0,0,0,0,100
2020-12-27T00:00:00.000Z,104560,389064,4.18,0,4,0,0,0,0,0,0,0,0,0,100
2020-12-28T00:00:00.000Z,135012,524076,5.64,0,4,0,0,0,0,0,0,0,0,0,100
2020-12-29T00:00:00.000Z,156299,680375,7.32,2,6,0,0,0,0,0,0,0,0,0,100
2020-12-30T00:00:00.000Z,153151,833526,8.96,0,6,0,0,0,0,0,0,0,0,0,100
2020-12-31T00:00:00.000Z,158558,992084,10.67,0,6,0,0,0,0,0,0,0,0,0,100
2021-01-01T00:00:00.000Z,71423,1063507,11.44,0,6,0,0,0,0,0,0,0,0,0,100
2021-01-02T00:00:00.000Z,71728,1135235,12.21,0,6,0,0,0,0,0,0,0,0,0,100
2021-01-03T00:00:00.000Z,149739,1284974,13.82,0,6,0,0,0,0,0,0,0,0,0,100
2021-01-04T00:00:00.000Z,152176,1437150,15.45,1,7,0,0,0,0,0,0,0,0,0,100
2021-01-05T00:00:00.000Z,125186,1562336,16.8,3,10,0,0,0,0,0,0,0,0,0,100
2021-01-06T00:00:00.000Z,103344,1665680,17.91,2,12,0,0,0,0,0,0,0,0,0,100
2021-01-07T00:00:00.000Z,116030,1781710,19.16,9,21,0,0,0,0,0,0,0,0,0,100
2021-01-08T00:00:00.000Z,66448,1848158,19.87,4,25,0,0,0,0,0,0,0,0,0,100
2021-01-09T00:00:00.000Z,44539,1892697,20.35,24,49,0,0,0,0,0,0,0,0,0,100
2021-01-10T00:00:00.000Z,37640,1930337,20.76,5999,6048,0.07,0,0,0,0,0,0,0,0,100
2021-01-11T00:00:00.000Z,21163,1951500,20.99,19263,25311,0.27,0,0,0,0,0,0,0,0,100
2021-01-12T00:00:00.000Z,24066,1975566,21.24,35671,60982,0.66,0,0,0,0,0,0,0,0,100
2021-01-13T00:00:00.000Z,52062,2027628,21.8,56869,117851,1.27,0,0,0,0,0,0,0,0,100
2021-01-14T00:00:00.000Z,56465,2084093,22.41,68833,186684,2.01,0,0,0,0,0,0,0,0,100
2021-01-15T00:00:00.000Z,30761,2114854,22.74,35937,222621,2.39,0,0,0,0,0,0,0,0,100
2021-01-16T00:00:00.000Z,29473,2144327,23.06,26004,248625,2.67,0,0,0,0,0,0,0,0,100
2021-01-17T00:00:00.000Z,68425,2212752,23.79,84589,333214,3.58,0,0,0,0,0,0,0.31,0,99.69
2021-01-18T00:00:00.000Z,69803,2282555,24.55,120419,453633,4.88,0,0,0,0,0,0,0.58,0,99.42
2021-01-19T00:00:00.000Z,72880,2355435,25.33,137823,591456,6.36,0,0,0,0,0,0,1.09,0,98.91
2021-01-20T00:00:00.000Z,76894,2432329,26.16,143746,735202,7.91,0,0,0,0,0,0,1.9,0,98.1
2021-01-21T00:00:00.000Z,69989,2502318,26.91,164436,899638,9.67,0,0,0,0,0,0,2.88,0,97.12
2021-01-22T00:00:00.000Z,37915,2540233,27.32,71125,970763,10.44,0,0,0,0,0,0,3.39,0,96.61
2021-01-23T00:00:00.000Z,39961,2580194,27.75,53577,1024340,11.02,0,0,0,0,0,0,3.77,0,96.23
2021-01-24T00:00:00.000Z,69135,2649329,28.49,140690,1165030,12.53,0,0,0,0,0,0,4.96,0,95.04
2021-01-25T00:00:00.000Z,80933,2730262,29.36,139499,1304529,14.03,0,0,0,0,0,0,6.61,0,93.39
2021-01-26T00:00:00.000Z,78710,2808972,30.21,126417,1430946,15.39,0,0,0,0,0,0,8.45,0,91.55
2021-01-27T00:00:00.000Z,77964,2886936,31.04,125050,1555996,16.73,0,0,0,0,0,0,10.34,0,89.66
2021-01-28T00:00:00.000Z,79561,2966497,31.9,130604,1686600,18.14,0,0,0,0,0,0,12.43,0,87.57
2021-01-29T00:00:00.000Z,36695,3003192,32.29,64781,1751381,18.83,0,0,0,0,0,0,13.34,0,86.66
2021-01-30T00:00:00.000Z,34392,3037584,32.66,42758,1794139,19.29,0,0,0,0,0,0,14.02,0,85.98
2021-01-31T00:00:00.000Z,73320,3110904,33.45,59493,1853632,19.93,0,0,0,0,0,0,15.76,0,84.24
2021-02-01T00:00:00.000Z,82491,3193395,34.34,35347,1888979,20.31,0,0,0,0,0,0,17.48,0,82.52
2021-02-02T00:00:00.000Z,70086,3263481,35.09,31062,1920041,20.65,0,0,0,0,0,0,19.01,0,80.99
2021-02-03T00:00:00.000Z,60299,3323780,35.74,51433,1971474,21.2,0,0,0,0,0,0,20.47,0,79.53
2021-02-04T00:00:00.000Z,72611,3396391,36.52,58084,2029558,21.82,0,0,0,0,0,0,22,0,78
2021-02-05T00:00:00.000Z,33939,3430330,36.89,28796,2058354,22.13,0,0,0,0,0,0,22.75,0,77.25
2021-02-06T00:00:00.000Z,21617,3451947,37.12,22228,2080582,22.37,0,0,0,0,0,0,23.23,0,76.77
2021-02-07T00:00:00.000Z,54076,3506023,37.7,68724,2149306,23.11,0,0,0,0,0,0,23.99,0,76.01
2021-02-08T00:00:00.000Z,58627,3564650,38.33,65455,2214761,23.82,0,0,0,0,0,0,24.52,0,75.48
2021-02-09T00:00:00.000Z,66339,3630989,39.05,67562,2282323,24.54,0,0,0,0,0,0,25.04,0,74.96
2021-02-10T00:00:00.000Z,70559,3701548,39.8,72296,2354619,25.32,0,0,0,0,0,0,25.77,0,74.23
2021-02-11T00:00:00.000Z,81153,3782701,40.68,72094,2426713,26.1,0,0,0,0,0,0,26.61,0,73.39
2021-02-12T00:00:00.000Z,39093,3821794,41.1,37584,2464297,26.5,0,0,0,0,0,0,27.02,0,72.98
2021-02-13T00:00:00.000Z,27456,3849250,41.39,30439,2494736,26.83,0,0,0,0,0,0,27.33,0,72.67
2021-02-14T00:00:00.000Z,74905,3924155,42.2,69076,2563812,27.57,0,0,0,0,0,0,28.25,0,71.75
2021-02-15T00:00:00.000Z,81536,4005691,43.08,75709,2639521,28.38,0,0,0,0,0,0,29.17,0,70.83
2021-02-16T00:00:00.000Z,83412,4089103,43.97,78281,2717802,29.23,0,0,0,0,0,0,30.11,0,69.89
2021-02-17T00:00:00.000Z,61974,4151077,44.64,75631,2793433,30.04,0,0,0,0,0,0,31.01,0,68.99
2021-02-18T00:00:00.000Z,69144,4220221,45.38,79725,2873158,30.9,0,0,0,0,0,0,31.94,0,68.06
2021-02-19T00:00:00.000Z,39663,4259884,45.81,38151,2911309,31.31,0,0,0,0,0,0,32.45,0,67.55
2021-02-20T00:00:00.000Z,31648,4291532,46.15,28723,2940032,31.62,0,0,0,0,0,0,32.85,0,67.15
2021-02-21T00:00:00.000Z,79423,4370955,47,78436,3018468,32.46,0,0,0,0,0,0,33.8,0,66.2
2021-02-22T00:00:00.000Z,85052,4456007,47.92,80585,3099053,33.33,0,0,0,0,0,0,34.83,0,65.17
2021-02-23T00:00:00.000Z,77321,4533328,48.75,70471,3169524,34.08,0,0,0,0,0,0,35.84,0,64.16
2021-02-24T00:00:00.000Z,61063,4594391,49.41,63131,3232655,34.76,0,0,0,0,0,0,36.76,0,63.24
2021-02-25T00:00:00.000Z,51722,4646113,49.96,64792,3297447,35.46,0,0,0,0,0,0,37.66,0,62.34
2021-02-26T00:00:00.000Z,25905,4672018,50.24,32035,3329482,35.8,0,0,0,0,0,0,38.1,0,61.9
2021-02-27T00:00:00.000Z,18347,4690365,50.44,21195,3350677,36.03,0,0,0,0,0,0,38.42,0,61.58
2021-02-28T00:00:00.000Z,40357,4730722,50.87,55870,3406547,36.63,0,0,0,0,0,0,39.24,0,60.76
2021-03-01T00:00:00.000Z,45731,4776453,51.36,61433,3467980,37.29,0,0,0,0,0,0,40.1,0,59.9
2021-03-02T00:00:00.000Z,41193,4817646,51.81,64789,3532769,37.99,0,0,0,0,0,0,40.85,0,59.15
2021-03-03T00:00:00.000Z,42021,4859667,52.26,66784,3599553,38.71,0,0,0,0,0,0,41.55,0,58.45
2021-03-04T00:00:00.000Z,39704,4899371,52.69,79107,3678660,39.56,0,0,0,0,0,0,42.24,0,57.76
2021-03-05T00:00:00.000Z,17354,4916725,52.87,40460,3719120,39.99,0,0,0,0,0,0,42.57,0,57.43
2021-03-06T00:00:00.000Z,10715,4927440,52.99,25341,3744461,40.27,0,0,0,0,0,0,42.78,0,57.22
2021-03-07T00:00:00.000Z,31151,4958591,53.32,72834,3817295,41.05,0,0,0,0,0,0,43.36,0,56.64
2021-03-08T00:00:00.000Z,27377,4985968,53.62,73289,3890584,41.84,0,0,0,0,0,0,43.97,0,56.03
2021-03-09T00:00:00.000Z,26746,5012714,53.9,76594,3967178,42.66,0,0,0,0,0,0,44.62,0,55.38
2021-03-10T00:00:00.000Z,23359,5036073,54.16,58677,4025855,43.29,0,0,0,0,0,0,45.27,0,54.73
2021-03-11T00:00:00.000Z,23294,5059367,54.41,69080,4094935,44.03,0,0,0,0,0,0,45.99,0,54.01
2021-03-12T00:00:00.000Z,11290,5070657,54.53,41404,4136339,44.48,0,0,0,0,0,0,46.34,0,53.66
2021-03-13T00:00:00.000Z,7943,5078600,54.61,25236,4161575,44.75,0,0,0,0,0,0,46.57,0,53.43
2021-03-14T00:00:00.000Z,20981,5099581,54.84,73928,4235503,45.55,0,0,0,0,0,0,47.2,0,52.8
2021-03-15T00:00:00.000Z,20137,5119718,55.05,78271,4313774,46.39,0,0,0,0,0,0,47.81,0,52.19
2021-03-16T00:00:00.000Z,18746,5138464,55.26,71474,4385248,47.16,0,0,0,0,0,0,48.43,0,51.57
2021-03-17T00:00:00.000Z,17696,5156160,55.45,59000,4444248,47.79,0,0,0,0,0,0,48.92,0,51.08
2021-03-18T00:00:00.000Z,16040,5172200,55.62,58124,4502372,48.42,0,0,0,0,0,0,49.45,0,50.55
2021-03-19T00:00:00.000Z,6944,5179144,55.69,27973,4530345,48.72,0,0,0,0,0,0,49.75,0,50.25
2021-03-20T00:00:00.000Z,5223,5184367,55.75,15295,4545640,48.88,0,0,0,0,0,0,49.93,0,50.07
2021-03-21T00:00:00.000Z,13161,5197528,55.89,40503,4586143,49.32,0,0,0,0,0,0,50.46,0,49.54
2021-03-22T00:00:00.000Z,13570,5211098,56.04,40532,4626675,49.75,0,0,0,0,0,0,51,0,49
2021-03-23T00:00:00.000Z,2835,5213933,56.07,7295,4633970,49.83,0,0,0,0,0,0,51.43,0,48.57
2021-03-24T00:00:00.000Z,10990,5224923,56.19,46550,4680520,50.33,0,0,0,0,0,0,51.84,0,48.16
2021-03-25T00:00:00.000Z,10257,5235180,56.3,35428,4715948,50.71,0,0,0,0,0,0,52.22,0,47.78
2021-03-26T00:00:00.000Z,4179,5239359,56.34,13326,4729274,50.86,0,0,0,0,0,0,52.4,0,47.6
2021-03-27T00:00:00.000Z,1782,5241141,56.36,4265,4733539,50.9,0,0,0,0,0,0,52.5,0,47.5
2021-03-28T00:00:00.000Z,2109,5243250,56.38,4605,4738144,50.95,0,0,0,0,0,0,52.74,0,47.26
2021-03-29T00:00:00.000Z,6903,5250153,56.46,30012,4768156,51.27,0,0,0,0,0,0,53,0,47
2021-03-30T00:00:00.000Z,7877,5258030,56.54,22446,4790602,51.52,0,0,0,0,0,0,53.08,0,46.92
2021-03-31T00:00:00.000Z,8145,5266175,56.63,19486,4810088,51.73,0,0,0,0,0,0,53.38,0,46.62
2021-04-01T00:00:00.000Z,8195,5274370,56.72,18697,4828785,51.93,0,0,0,0,0,0,53.62,0,46.38
2021-04-02T00:00:00.000Z,2925,5277295,56.75,8125,4836910,52.01,0,0,0,0,0,0,53.71,0,46.29
2021-04-03T00:00:00.000Z,1430,5278725,56.76,2975,4839885,52.05,0,0,0,0,0,0,53.74,0,46.26
2021-04-04T00:00:00.000Z,9614,5288339,56.87,22829,4862714,52.29,0,0,0,0,0,0,53.82,0,46.18
2021-04-05T00:00:00.000Z,10354,5298693,56.98,21267,4883981,52.52,0,0,0,0,0,0,54.04,0,45.96
2021-04-06T00:00:00.000Z,9017,5307710,57.08,16784,4900765,52.7,0,0,0,0,0,0,54.21,0,45.79
2021-04-07T00:00:00.000Z,8919,5316629,57.17,15301,4916066,52.86,0,0,0,0,0,0,54.36,0,45.64
2021-04-08T00:00:00.000Z,9415,5326044,57.27,17000,4933066,53.05,0,0,0,0,0,0,54.52,0,45.48
2021-04-09T00:00:00.000Z,3598,5329642,57.31,6242,4939308,53.11,0,0,0,0,0,0,54.58,0,45.42
2021-04-10T00:00:00.000Z,1630,5331272,57.33,3519,4942827,53.15,0,0,0,0,0,0,54.61,0,45.39
2021-04-11T00:00:00.000Z,9030,5340302,57.43,14241,4957068,53.31,0,0,0,0,0,0,54.78,0,45.22
2021-04-12T00:00:00.000Z,8928,5349230,57.52,13223,4970291,53.45,0,0,0,0,0,0,54.95,0,45.05
2021-04-13T00:00:00.000Z,5832,5355062,57.59,4951,4975242,53.5,0,0,0,0,0,0,55.08,0,44.92
2021-04-14T00:00:00.000Z,3638,5358700,57.62,5300,4980542,53.56,0,0,0,0,0,0,55.18,0,44.82
2021-04-15T00:00:00.000Z,688,5359388,57.63,572,4981114,53.56,0,0,0,0,0,0,55.27,0,44.73
2021-04-16T00:00:00.000Z,3406,5362794,57.67,6640,4987754,53.64,0,0,0,0,0,0,55.33,0,44.67
2021-04-17T00:00:00.000Z,815,5363609,57.68,1970,4989724,53.66,0,0,0,0,0,0,55.35,0,44.65
2021-04-18T00:00:00.000Z,7090,5370699,57.75,7431,4997155,53.74,0,0,0,0,0,0,55.47,0,44.53
2021-04-19T00:00:00.000Z,6392,5377091,57.82,7122,5004277,53.81,0,0,0,0,0,0,55.58,0,44.42
2021-04-20T00:00:00.000Z,6269,5383360,57.89,6880,5011157,53.89,0,0,0,0,0,0,55.65,0,44.35
2021-04-21T00:00:00.000Z,6368,5389728,57.96,7095,5018252,53.96,0,0,0,0,0,0,55.71,0,44.29
2021-04-22T00:00:00.000Z,5940,5395668,58.02,7679,5025931,54.05,0,0,0,0,0,0,55.75,0,44.25
2021-04-23T00:00:00.000Z,2754,5398422,58.05,3379,5029310,54.08,0,0,0,0,0,0,55.8,0,44.2
2021-04-24T00:00:00.000Z,766,5399188,58.06,1285,5030595,54.1,0,0,0,0,0,0,55.82,0,44.18
2021-04-25T00:00:00.000Z,4826,5404014,58.11,6915,5037510,54.17,0,0,0,0,0,0,55.89,0,44.11
2021-04-26T00:00:00.000Z,5472,5409486,58.17,7884,5045394,54.26,0,0,0,0,0,0,55.96,0,44.04
2021-04-27T00:00:00.000Z,4498,5413984,58.22,6619,5052013,54.33,0,0,0,0,0,0,56.03,0,43.97
2021-04-28T00:00:00.000Z,4483,5418467,58.27,7319,5059332,54.41,0,0,0,0,0,0,56.09,0,43.91
2021-04-29T00:00:00.000Z,4369,5422836,58.31,7282,5066614,54.48,0,0,0,0,0,0,56.16,0,43.84
2021-04-30T00:00:00.000Z,1916,5424752,58.34,3190,5069804,54.52,0,0,0,0,0,0,56.19,0,43.81
2021-05-01T00:00:00.000Z,454,5425206,58.34,891,5070695,54.53,0,0,0,0,0,0,56.2,0,43.8
2021-05-02T00:00:00.000Z,3224,5428430,58.37,6084,5076779,54.59,0,0,0,0,0,0,56.26,0,43.74
2021-05-03T00:00:00.000Z,3533,5431963,58.41,5823,5082602,54.66,0,0,0,0,0,0,56.32,0,43.68
2021-05-04T00:00:00.000Z,3582,5435545,58.45,4720,5087322,54.71,0,0,0,0,0,0,56.38,0,43.62
2021-05-05T00:00:00.000Z,3284,5438829,58.49,4082,5091404,54.75,0,0,0,0,0,0,56.44,0,43.56
2021-05-06T00:00:00.000Z,3636,5442465,58.53,3136,5094540,54.78,0,0,0,0,0,0,56.5,0,43.5
2021-05-07T00:00:00.000Z,1828,5444293,58.55,2498,5097038,54.81,0,0,0,0,0,0,56.52,0,43.48
2021-05-08T00:00:00.000Z,235,5444528,58.55,503,5097541,54.82,0,0,0,0,0,0,56.53,0,43.47
2021-05-09T00:00:00.000Z,2844,5447372,58.58,4743,5102284,54.87,0,0,0,0,0,0,56.58,0,43.42
2021-05-10T00:00:00.000Z,2890,5450262,58.61,4700,5106984,54.92,0,0,0,0,0,0,56.63,0,43.37
2021-05-11T00:00:00.000Z,2618,5452880,58.64,3870,5110854,54.96,0,0,0,0,0,0,56.67,0,43.33
2021-05-12T00:00:00.000Z,2021,5454901,58.66,3332,5114186,55,0,0,0,0,0,0,56.7,0,43.3
2021-05-13T00:00:00.000Z,2035,5456936,58.68,3675,5117861,55.04,0,0,0,0,0,0,56.73,0,43.27
2021-05-14T00:00:00.000Z,968,5457904,58.69,1487,5119348,55.05,0,0,0,0,0,0,56.75,0,43.25
2021-05-15T00:00:00.000Z,246,5458150,58.69,255,5119603,55.05,0,0,0,0,0,0,56.75,0,43.25
2021-05-16T00:00:00.000Z,527,5458677,58.7,1201,5120804,55.07,0,0,0,0,0,0,56.78,0,43.22
2021-05-17T00:00:00.000Z,294,5458971,58.7,839,5121643,55.08,0,0,0,0,0,0,56.81,0,43.19
2021-05-18T00:00:00.000Z,1956,5460927,58.72,4931,5126574,55.13,0,0,0,0,0,0,56.84,0,43.16
2021-05-19T00:00:00.000Z,2218,5463145,58.75,5031,5131605,55.18,0,0,0,0,0,0,56.87,0,43.13
2021-05-20T00:00:00.000Z,2304,5465449,58.77,3873,5135478,55.22,0,0,0,0,0,0,56.9,0,43.1
2021-05-21T00:00:00.000Z,1177,5466626,58.79,1400,5136878,55.24,0,0,0,0,0,0,56.92,0,43.08
2021-05-22T00:00:00.000Z,204,5466830,58.79,393,5137271,55.24,0,0,0,0,0,0,56.92,0,43.08
2021-05-23T00:00:00.000Z,2269,5469099,58.81,3213,5140484,55.28,0,0,0,0,0,0,56.94,0,43.06
2021-05-24T00:00:00.000Z,2124,5471223,58.83,3594,5144078,55.32,0,0,0,0,0,0,56.96,0,43.04
2021-05-25T00:00:00.000Z,1814,5473037,58.85,2583,5146661,55.34,0,0,0,0,0,0,56.99,0,43.01
2021-05-26T00:00:00.000Z,1399,5474436,58.87,2499,5149160,55.37,0,0,0,0,0,0,57.03,0,42.97
2021-05-27T00:00:00.000Z,1842,5476278,58.89,3180,5152340,55.41,0,0,0,0,0,0,57.06,0,42.94
2021-05-28T00:00:00.000Z,773,5477051,58.9,1399,5153739,55.42,0,0,0,0,0,0,57.07,0,42.93
2021-05-29T00:00:00.000Z,184,5477235,58.9,223,5153962,55.42,0,0,0,0,0,0,57.07,0,42.93
2021-05-30T00:00:00.000Z,1637,5478872,58.92,1930,5155892,55.44,0,0,0,0,0,0,57.1,0,42.9
2021-05-31T00:00:00.000Z,1727,5480599,58.94,2088,5157980,55.47,0,0,0,0,0,0,57.13,0,42.87
2021-06-01T00:00:00.000Z,1367,5481966,58.95,1815,5159795,55.49,0,0,0,0,0,0,57.47,0,42.53
2021-06-02T00:00:00.000Z,1502,5483468,58.97,1603,5161398,55.5,0,0,0,0,0,0,57.25,0,42.75
2021-06-03T00:00:00.000Z,1675,5485143,58.98,1484,5162882,55.52,0,0,0,0,0,0,57.27,0,42.73
2021-06-04T00:00:00.000Z,1082,5486225,59,773,5163655,55.53,0,0,0,0,0,0,57.28,0,42.72
2021-06-05T00:00:00.000Z,179,5486404,59,158,5163813,55.53,0,0,0,0,0,0,57.29,0,42.71
2021-06-06T00:00:00.000Z,4284,5490688,59.04,1001,5164814,55.54,0,0,0,0,0,0,57.31,0,42.69
2021-06-07T00:00:00.000Z,4429,5495117,59.09,807,5165621,55.55,0,0,0,0,0,0,57.34,0,42.66
2021-06-08T00:00:00.000Z,3731,5498848,59.13,1166,5166787,55.56,0,0,0,0,0,0,57.36,0,42.64
2021-06-09T00:00:00.000Z,3605,5502453,59.17,1319,5168106,55.58,0,0,0,0,0,0,57.4,0,42.6
2021-06-10T00:00:00.000Z,3350,5505803,59.21,1290,5169396,55.59,0,0,0,0,0,0,57.42,0,42.58
2021-06-11T00:00:00.000Z,1387,5507190,59.22,576,5169972,55.6,0,0,0,0,0,0,57.43,0,42.57
2021-06-12T00:00:00.000Z,212,5507402,59.22,165,5170137,55.6,0,0,0,0,0,0,57.43,0,42.57
2021-06-13T00:00:00.000Z,3099,5510501,59.26,1254,5171391,55.61,0,0,0,0,0,0,57.45,0,42.55
2021-06-14T00:00:00.000Z,3047,5513548,59.29,1521,5172912,55.63,0,0,0,0,0,0,57.46,0,42.54
2021-06-15T00:00:00.000Z,3132,5516680,59.32,1365,5174277,55.64,0,0,0,0,0,0,57.48,0,42.52
2021-06-16T00:00:00.000Z,2720,5519400,59.35,989,5175266,55.65,0,0,0,0,0,0,57.49,0,42.51
2021-06-17T00:00:00.000Z,2717,5522117,59.38,1191,5176457,55.67,0,0,0,0,0,0,57.51,0,42.49
2021-06-18T00:00:00.000Z,1260,5523377,59.4,496,5176953,55.67,0,0,0,0,0,0,57.52,0,42.48
2021-06-19T00:00:00.000Z,234,5523611,59.4,137,5177090,55.67,0,0,0,0,0,0,57.52,0,42.48
2021-06-20T00:00:00.000Z,3311,5526922,59.43,1329,5178419,55.69,0,0,0,0,0,0,57.54,0,42.46
2021-06-21T00:00:00.000Z,5233,5532155,59.49,1210,5179629,55.7,0,0,0,0,0,0,57.56,0,42.44
2021-06-22T00:00:00.000Z,6915,5539070,59.56,1092,5180721,55.71,0,0,0,0,0,0,57.58,0,42.42
2021-06-23T00:00:00.000Z,10740,5549810,59.68,1285,5182006,55.72,0,0,0,0,0,0,57.6,0,42.4
2021-06-24T00:00:00.000Z,12036,5561846,59.81,1458,5183464,55.74,0,0,0,0,0,0,57.62,0,42.38
2021-06-25T00:00:00.000Z,7103,5568949,59.89,935,5184399,55.75,0,0,0,0,0,0,57.62,0,42.38
2021-06-26T00:00:00.000Z,2263,5571212,59.91,194,5184593,55.75,0,0,0,0,0,0,57.63,0,42.37
2021-06-27T00:00:00.000Z,13627,5584839,60.06,3433,5188026,55.79,0,0,0,0,0,0,57.65,0,42.35
2021-06-28T00:00:00.000Z,14508,5599347,60.21,3670,5191696,55.83,0,0,0,0,0,0,57.68,0,42.32
2021-06-29T00:00:00.000Z,16701,5616048,60.39,3734,5195430,55.87,0,0,0,0,0,0,57.69,0,42.31
2021-06-30T00:00:00.000Z,16473,5632521,60.57,3388,5198818,55.91,0,0,0,0,0,0,57.72,0,42.28
2021-07-01T00:00:00.000Z,16815,5649336,60.75,3367,5202185,55.94,117,117,0,0,0,0,57.78,0,42.22
2021-07-02T00:00:00.000Z,9822,5659158,60.86,1593,5203778,55.96,7,124,0,0,0,0,57.79,0,42.21
2021-07-03T00:00:00.000Z,2670,5661828,60.88,296,5204074,55.96,1,125,0,0,0,0,57.79,0,42.21
2021-07-04T00:00:00.000Z,17729,5679557,61.08,3155,5207229,56,1,126,0,0,0,0,57.85,0,42.15
2021-07-05T00:00:00.000Z,17842,5697399,61.27,3038,5210267,56.03,7,133,0,0,0,0,57.91,0,42.09
2021-07-06T00:00:00.000Z,17834,5715233,61.46,3403,5213670,56.07,11,144,0,0,0,0,57.99,0,42.01
2021-07-07T00:00:00.000Z,15518,5730751,61.63,2692,5216362,56.09,12,156,0,0,0,0,58.05,0,41.95
2021-07-08T00:00:00.000Z,16576,5747327,61.8,2867,5219229,56.13,17,173,0,0,0,0,58.12,0,41.88
2021-07-09T00:00:00.000Z,11117,5758444,61.92,1528,5220757,56.14,4,177,0,0,0,0,58.15,0,41.85
2021-07-10T00:00:00.000Z,4980,5763424,61.98,383,5221140,56.15,6,183,0,0,0,0,58.15,0,41.85
2021-07-11T00:00:00.000Z,1452,5764876,61.99,2846,5223986,56.18,8,191,0,0,0,0,58.22,0,41.78
2021-07-12T00:00:00.000Z,2414,5767290,62.02,3675,5227661,56.22,56,247,0,0,0,0,58.29,0,41.71
2021-07-13T00:00:00.000Z,2950,5770240,62.05,5450,5233111,56.27,124,371,0,0,0,0,58.36,0,41.64
2021-07-14T00:00:00.000Z,2736,5772976,62.08,7521,5240632,56.36,441,812,0.01,0,0,0,58.42,0,41.58
2021-07-15T00:00:00.000Z,2990,5775966,62.11,9282,5249914,56.45,374,1186,0.01,0,0,0,58.5,0,41.5
2021-07-16T00:00:00.000Z,1276,5777242,62.13,5888,5255802,56.52,65,1251,0.01,0,0,0,58.54,0,41.46
2021-07-17T00:00:00.000Z,365,5777607,62.13,1386,5257188,56.53,7,1258,0.01,0,0,0,58.55,0,41.44
2021-07-18T00:00:00.000Z,2063,5779670,62.15,9764,5266952,56.64,235,1493,0.02,0,0,0,58.6,0,41.4
2021-07-19T00:00:00.000Z,3203,5782873,62.19,11337,5278289,56.76,461,1954,0.02,0,0,0,58.65,0,41.35
2021-07-20T00:00:00.000Z,2675,5785548,62.21,11901,5290190,56.89,373,2327,0.03,0,0,0,58.72,0,41.28
2021-07-21T00:00:00.000Z,2385,5787933,62.24,11869,5302059,57.02,323,2650,0.03,0,0,0,58.81,0,41.19
2021-07-22T00:00:00.000Z,2864,5790797,62.27,13258,5315317,57.16,391,3041,0.03,0,0,0,58.93,0,41.07
2021-07-23T00:00:00.000Z,2021,5792818,62.29,8229,5323546,57.25,106,3147,0.03,0,0,0,58.99,0,41.01
2021-07-24T00:00:00.000Z,636,5793454,62.3,1475,5325021,57.26,7,3154,0.03,0,0,0,58.99,0,41
2021-07-25T00:00:00.000Z,4412,5797866,62.35,15484,5340505,57.43,223,3377,0.04,0,0,0,59.1,0,40.89
2021-07-26T00:00:00.000Z,5159,5803025,62.4,13518,5354023,57.57,323,3700,0.04,0,0,0,59.24,0,40.75
2021-07-27T00:00:00.000Z,5481,5808506,62.46,13559,5367582,57.72,413,4113,0.04,0,0,0,59.37,0.01,40.62
2021-07-28T00:00:00.000Z,3981,5812487,62.5,12335,5379917,57.85,472,4585,0.05,0,0,0,59.5,0.01,40.49
2021-07-29T00:00:00.000Z,4653,5817140,62.55,14183,5394100,58.01,530,5115,0.06,0,0,0,59.65,0.01,40.33
2021-07-30T00:00:00.000Z,2642,5819782,62.58,10843,5404943,58.12,4121,9236,0.1,0,0,0,59.74,0.02,40.25
2021-07-31T00:00:00.000Z,1402,5821184,62.6,3546,5408489,58.16,6159,15395,0.17,0,0,0,59.75,0.02,40.23
2021-08-01T00:00:00.000Z,3071,5824255,62.63,3361,5411850,58.2,31045,46440,0.5,0,0,0,59.91,0.02,40.06
2021-08-02T00:00:00.000Z,3124,5827379,62.66,3163,5415013,58.23,58507,104947,1.13,0,0,0,60.06,0.03,39.91
2021-08-03T00:00:00.000Z,3377,5830756,62.7,3317,5418330,58.27,78951,183898,1.98,0,0,0,60.21,0.03,39.76
2021-08-04T00:00:00.000Z,3518,5834274,62.74,3247,5421577,58.3,80760,264658,2.85,0,0,0,60.34,0.03,39.63
2021-08-05T00:00:00.000Z,4499,5838773,62.79,3563,5425140,58.34,88440,353098,3.8,0,0,0,60.49,0.04,39.47
2021-08-06T00:00:00.000Z,2428,5841201,62.81,1843,5426983,58.36,44741,397839,4.28,0,0,0,60.6,0.04,39.36
2021-08-07T00:00:00.000Z,1025,5842226,62.82,683,5427666,58.37,27352,425191,4.57,0,0,0,60.63,0.04,39.32
2021-08-08T00:00:00.000Z,4987,5847213,62.88,3073,5430739,58.4,80084,505275,5.43,0,0,0,60.68,0.04,39.28
2021-08-09T00:00:00.000Z,5334,5852547,62.94,3047,5433786,58.43,76486,581761,6.26,0,0,0,60.72,0.04,39.24
2021-08-10T00:00:00.000Z,5539,5858086,63,3193,5436979,58.47,75425,657186,7.07,0,0,0,60.75,0.04,39.2
2021-08-11T00:00:00.000Z,5689,5863775,63.06,2935,5439914,58.5,62634,719820,7.74,0,0,0,60.79,0.04,39.17
2021-08-12T00:00:00.000Z,7020,5870795,63.13,3279,5443193,58.53,59459,779279,8.38,0,0,0,60.83,0.04,39.12
2021-08-13T00:00:00.000Z,3808,5874603,63.17,2058,5445251,58.56,43868,823147,8.85,0,0,0,60.84,0.05,39.11
2021-08-14T00:00:00.000Z,2246,5876849,63.2,846,5446097,58.56,44484,867631,9.33,0,0,0,60.85,0.05,39.1
2021-08-15T00:00:00.000Z,7141,5883990,63.27,4528,5450625,58.61,97975,965606,10.38,0,0,0,60.89,0.05,39.06
2021-08-16T00:00:00.000Z,6979,5890969,63.35,4734,5455359,58.66,89513,1055119,11.35,0,0,0,60.92,0.04,39.03
2021-08-17T00:00:00.000Z,7570,5898539,63.43,5129,5460488,58.72,83315,1138434,12.24,0,0,0,60.96,0.04,39
2021-08-18T00:00:00.000Z,8631,5907170,63.52,4598,5465086,58.77,69256,1207690,12.99,0,0,0,60.99,0.04,38.96
2021-08-19T00:00:00.000Z,10065,5917235,63.63,5208,5470294,58.82,65970,1273660,13.7,0,0,0,61.03,0.04,38.92
2021-08-20T00:00:00.000Z,4761,5921996,63.68,2813,5473107,58.86,60445,1334105,14.35,0,0,0,61.05,0.05,38.9
2021-08-21T00:00:00.000Z,3490,5925486,63.72,1573,5474680,58.87,50720,1384825,14.89,0,0,0,61.06,0.05,38.89
2021-08-22T00:00:00.000Z,9825,5935311,63.83,4799,5479479,58.92,105090,1489915,16.02,0,0,0,61.12,0.04,38.84
2021-08-23T00:00:00.000Z,10929,5946240,63.94,4440,5483919,58.97,94006,1583921,17.03,0,0,0,61.17,0.04,38.79
2021-08-24T00:00:00.000Z,11727,5957967,64.07,4694,5488613,59.02,98525,1682446,18.09,0,0,0,61.23,0.04,38.73
2021-08-25T00:00:00.000Z,9611,5967578,64.17,4473,5493086,59.07,99512,1781958,19.16,0,0,0,61.29,0.04,38.67
2021-08-26T00:00:00.000Z,10108,5977686,64.28,5045,5498131,59.12,101196,1883154,20.25,0,0,0,61.36,0.03,38.61
2021-08-27T00:00:00.000Z,4319,5982005,64.33,2777,5500908,59.15,56687,1939841,20.86,0,0,0,61.35,0.04,38.61
2021-08-28T00:00:00.000Z,3695,5985700,64.37,1494,5502402,59.17,33530,1973371,21.22,0,0,0,61.4,0.04,38.57
2021-08-29T00:00:00.000Z,10329,5996029,64.48,5932,5508334,59.23,79514,2052885,22.08,0,0,0,61.46,0.03,38.5
2021-08-30T00:00:00.000Z,12334,6008363,64.61,7011,5515345,59.31,115981,2168866,23.32,0,0,0,61.53,0.03,38.44
2021-08-31T00:00:00.000Z,12080,6020443,64.74,6516,5521861,59.38,114846,2283712,24.56,0,0,0,61.6,0.03,38.37
2021-09-01T00:00:00.000Z,9036,6029479,64.84,6026,5527887,59.44,112468,2396180,25.77,0,0,0,61.43,0.03,38.54
2021-09-02T00:00:00.000Z,8783,6038262,64.93,7173,5535060,59.52,111517,2507697,26.97,0,0,0,61.49,0.03,38.48
2021-09-03T00:00:00.000Z,3747,6042009,64.97,4108,5539168,59.57,58875,2566572,27.6,0,0,0,61.56,0.03,38.42
2021-09-04T00:00:00.000Z,2691,6044700,65,2017,5541185,59.59,29943,2596515,27.92,0,0,0,61.59,0.03,38.38
2021-09-05T00:00:00.000Z,6992,6051692,65.08,6454,5547639,59.66,73312,2669827,28.71,0,0,0,61.68,0.03,38.29
2021-09-06T00:00:00.000Z,2826,6054518,65.11,2704,5550343,59.69,22793,2692620,28.96,0,0,0,61.77,0.03,38.2
2021-09-07T00:00:00.000Z,1195,6055713,65.12,871,5551214,59.7,5396,2698016,29.01,0,0,0,61.85,0.03,38.12
2021-09-08T00:00:00.000Z,1373,6057086,65.13,1186,5552400,59.71,6618,2704634,29.08,0,0,0,61.93,0.03,38.05
2021-09-09T00:00:00.000Z,7089,6064175,65.21,12562,5564962,59.84,73829,2778463,29.88,0,0,0,62.02,0.03,37.95
2021-09-10T00:00:00.000Z,3255,6067430,65.25,5004,5569966,59.9,37928,2816391,30.29,0,0,0,62.06,0.03,37.91
2021-09-11T00:00:00.000Z,2104,6069534,65.27,2499,5572465,59.92,14813,2831204,30.45,0,0,0,62.08,0.03,37.89
2021-09-12T00:00:00.000Z,6112,6075646,65.33,8585,5581050,60.02,54118,2885322,31.03,0,0,0,62.16,0.03,37.81
2021-09-13T00:00:00.000Z,5608,6081254,65.39,8251,5589301,60.1,47967,2933289,31.54,0,0,0,62.15,0.03,37.82
2021-09-14T00:00:00.000Z,4957,6086211,65.45,7413,5596714,60.18,48846,2982135,32.07,0,0,0,62.2,0.03,37.77
2021-09-15T00:00:00.000Z,1743,6087954,65.47,2711,5599425,60.21,16682,2998817,32.25,0,0,0,62.25,0.03,37.72
2021-09-16T00:00:00.000Z,337,6088291,65.47,543,5599968,60.22,1740,3000557,32.27,0,0,0,62.37,0.03,37.6
2021-09-17T00:00:00.000Z,3677,6091968,65.51,7012,5606980,60.29,42890,3043447,32.73,0,0,0,62.42,0.03,37.54
2021-09-18T00:00:00.000Z,2254,6094222,65.53,2940,5609920,60.33,12782,3056229,32.87,0,0,0,62.45,0.03,37.52
2021-09-19T00:00:00.000Z,5942,6100164,65.6,10708,5620628,60.44,44326,3100555,33.34,0,0,0,62.55,0.03,37.42
2021-09-20T00:00:00.000Z,3240,6103404,65.63,4638,5625266,60.49,16703,3117258,33.52,0,0,0,62.63,0.03,37.34
2021-09-21T00:00:00.000Z,1333,6104737,65.65,2049,5627315,60.51,3474,3120732,33.56,0,0,0,62.69,0.03,37.28
2021-09-22T00:00:00.000Z,4253,6108990,65.69,7242,5634557,60.59,25064,3145796,33.83,0,0,0,62.72,0.03,37.25
2021-09-23T00:00:00.000Z,4385,6113375,65.74,5902,5640459,60.65,27826,3173622,34.13,0,0,0,62.75,0.03,37.22
2021-09-24T00:00:00.000Z,3198,6116573,65.77,4182,5644641,60.7,27712,3201334,34.43,0,0,0,62.82,0.03,37.15
2021-09-25T00:00:00.000Z,2073,6118646,65.8,2255,5646896,60.72,10439,3211773,34.54,0,0,0,62.85,0.03,37.12
2021-09-26T00:00:00.000Z,5606,6124252,65.86,5968,5652864,60.79,36261,3248034,34.93,0,0,0,62.96,0.03,37
2021-09-27T00:00:00.000Z,4692,6128944,65.91,4459,5657323,60.84,30447,3278481,35.26,0,0,0,63.02,0.03,36.94
2021-09-28T00:00:00.000Z,1464,6130408,65.92,1176,5658499,60.85,6248,3284729,35.32,0,0,0,63.06,0.04,36.91
2021-09-29T00:00:00.000Z,9619,6140027,66.03,8339,5666838,60.94,60320,3345049,35.97,0,0,0,63.13,0.03,36.84
2021-09-30T00:00:00.000Z,10964,6150991,66.14,8566,5675404,61.03,79695,3424744,36.83,0,0,0,63.18,0.03,36.79
2021-10-01T00:00:00.000Z,5116,6156107,66.2,3868,5679272,61.07,46535,3471279,37.33,0,0,0,63.23,0.03,36.73
2021-10-02T00:00:00.000Z,2859,6158966,66.23,2123,5681395,61.09,22426,3493705,37.57,0,0,0,63.26,0.03,36.71
2021-10-03T00:00:00.000Z,11667,6170633,66.36,7266,5688661,61.17,70720,3564425,38.33,0,0,0,63.35,0.03,36.62
2021-10-04T00:00:00.000Z,10317,6180950,66.47,6751,5695412,61.25,51899,3616324,38.89,0,0,0,63.4,0.03,36.57
2021-10-05T00:00:00.000Z,8455,6189405,66.56,5302,5700714,61.3,40470,3656794,39.32,0,0,0,63.41,0.03,36.55
2021-10-06T00:00:00.000Z,7542,6196947,66.64,4172,5704886,61.35,34128,3690922,39.69,0,0,0,63.52,0.03,36.45
2021-10-07T00:00:00.000Z,6888,6203835,66.71,4000,5708886,61.39,34054,3724976,40.06,0,0,0,63.63,0.03,36.34
2021-10-08T00:00:00.000Z,3089,6206924,66.75,2631,5711517,61.42,19235,3744211,40.26,0,0,0,63.68,0.03,36.29
2021-10-09T00:00:00.000Z,1336,6208260,66.76,1440,5712957,61.43,7438,3751649,40.34,0,0,0,63.71,0.03,36.26
2021-10-10T00:00:00.000Z,4674,6212934,66.81,3744,5716701,61.47,21507,3773156,40.57,0,0,0,63.82,0.04,36.14
2021-10-11T00:00:00.000Z,4293,6217227,66.86,2938,5719639,61.51,17257,3790413,40.76,0,0,0,63.91,0.04,36.05
2021-10-12T00:00:00.000Z,3971,6221198,66.9,2998,5722637,61.54,15352,3805765,40.93,0,0,0,63.99,0.05,35.96
2021-10-13T00:00:00.000Z,3484,6224682,66.94,2443,5725080,61.56,13577,3819342,41.07,0,0,0,64.09,0.05,35.86
2021-10-14T00:00:00.000Z,3864,6228546,66.98,2679,5727759,61.59,16560,3835902,41.25,0,0,0,64.19,0.06,35.75
2021-10-15T00:00:00.000Z,1696,6230242,67,1678,5729437,61.61,9005,3844907,41.35,0,0,0,64.23,0.07,35.7
2021-10-16T00:00:00.000Z,727,6230969,67,948,5730385,61.62,4033,3848940,41.39,0,0,0,64.25,0.08,35.67
2021-10-17T00:00:00.000Z,3087,6234056,67.04,2520,5732905,61.65,12791,3861731,41.53,0,0,0,64.36,0.09,35.56
2021-10-18T00:00:00.000Z,2453,6236509,67.06,1679,5734584,61.67,10065,3871796,41.64,0,0,0,64.43,0.1,35.47
2021-10-19T00:00:00.000Z,2392,6238901,67.09,1276,5735860,61.68,9295,3881091,41.74,0,0,0,64.49,0.1,35.4
2021-10-20T00:00:00.000Z,2430,6241331,67.12,2297,5738157,61.71,10088,3891179,41.84,0,0,0,64.14,0.52,35.34
2021-10-21T00:00:00.000Z,3031,6244362,67.15,3084,5741241,61.74,12157,3903336,41.97,0,0,0,54.23,10.41,35.36
2021-10-22T00:00:00.000Z,1269,6245631,67.16,1427,5742668,61.75,5826,3909162,42.04,0,0,0,54.36,10.26,35.38
2021-10-23T00:00:00.000Z,568,6246199,67.17,1262,5743930,61.77,2559,3911721,42.06,0,0,0,54.42,10.19,35.39
2021-10-24T00:00:00.000Z,2511,6248710,67.2,2652,5746582,61.8,9852,3921573,42.17,0,0,0,54.22,10.43,35.35
2021-10-25T00:00:00.000Z,2627,6251337,67.22,2738,5749320,61.83,8501,3930074,42.26,0,0,0,54.59,10.22,35.19
2021-10-26T00:00:00.000Z,2375,6253712,67.25,2041,5751361,61.85,8515,3938589,42.35,0,0,0,54.64,10.26,35.1
2021-10-27T00:00:00.000Z,2283,6255995,67.27,2561,5753922,61.87,7946,3946535,42.44,0,0,0,54.58,10.37,35.06
2021-10-28T00:00:00.000Z,2497,6258492,67.3,2767,5756689,61.9,8660,3955195,42.53,0,0,0,54.69,10.76,34.55
2021-10-29T00:00:00.000Z,894,6259386,67.31,1143,5757832,61.92,4126,3959321,42.58,0,0,0,54.73,10.75,34.52
2021-10-30T00:00:00.000Z,363,6259749,67.31,525,5758357,61.92,1708,3961029,42.59,0,0,0,54.68,10.81,34.52
2021-10-31T00:00:00.000Z,2258,6262007,67.34,2489,5760846,61.95,8249,3969278,42.68,0,0,0,54.83,10.7,34.47
2021-11-01T00:00:00.000Z,1732,6263739,67.36,2088,5762934,61.97,6474,3975752,42.75,0,0,0,54.95,10.63,34.42
2021-11-02T00:00:00.000Z,2017,6265756,67.38,2038,5764972,61.99,6283,3982035,42.82,0,0,0,54.89,10.69,34.42
2021-11-03T00:00:00.000Z,1756,6267512,67.4,1887,5766859,62.01,5550,3987585,42.88,0,0,0,54.86,10.75,34.39
2021-11-04T00:00:00.000Z,2104,6269616,67.42,2792,5769651,62.04,7120,3994705,42.96,0,0,0,54.85,10.81,34.33
2021-11-05T00:00:00.000Z,780,6270396,67.43,896,5770547,62.05,3475,3998180,42.99,0,0,0,54.85,10.83,34.32
2021-11-06T00:00:00.000Z,344,6270740,67.43,384,5770931,62.06,1369,3999549,43.01,0,0,0,54.82,10.86,34.32
2021-11-07T00:00:00.000Z,1579,6272319,67.45,1768,5772699,62.08,6129,4005678,43.08,0,0,0,54.92,10.8,34.28
2021-11-08T00:00:00.000Z,1511,6273830,67.47,1596,5774295,62.09,5404,4011082,43.13,0,0,0,55.01,10.75,34.24
2021-11-09T00:00:00.000Z,1427,6275257,67.48,1601,5775896,62.11,5327,4016409,43.19,0,0,0,55.05,10.74,34.21
2021-11-10T00:00:00.000Z,1419,6276676,67.5,1651,5777547,62.13,4773,4021182,43.24,0,0,0,55.08,10.73,34.19
2021-11-11T00:00:00.000Z,1624,6278300,67.51,1940,5779487,62.15,5702,4026884,43.3,0,0,0,55.15,10.69,34.15
2021-11-12T00:00:00.000Z,631,6278931,67.52,816,5780303,62.16,2917,4029801,43.33,0,0,0,55.17,10.69,34.14
2021-11-13T00:00:00.000Z,252,6279183,67.52,283,5780586,62.16,1123,4030924,43.35,0,0,0,55.14,10.72,34.14
2021-11-14T00:00:00.000Z,1539,6280722,67.54,1632,5782218,62.18,5105,4036029,43.4,0,0,0,55.21,10.68,34.11
2021-11-15T00:00:00.000Z,1271,6281993,67.55,1615,5783833,62.2,4764,4040793,43.45,0,0,0,55.28,10.63,34.09
2021-11-16T00:00:00.000Z,1271,6283264,67.57,1406,5785239,62.21,4339,4045132,43.5,0,0,0,55.32,10.62,34.07
2021-11-17T00:00:00.000Z,1199,6284463,67.58,1555,5786794,62.23,3901,4049033,43.54,0,0,0,55.35,10.6,34.05
2021-11-18T00:00:00.000Z,1356,6285819,67.59,1683,5788477,62.25,5002,4054035,43.6,0,0,0,55.41,10.58,34.02
2021-11-19T00:00:00.000Z,585,6286404,67.6,757,5789234,62.25,2450,4056485,43.62,0,0,0,55.42,10.57,34.01
2021-11-20T00:00:00.000Z,236,6286640,67.6,253,5789487,62.26,925,4057410,43.63,0,0,0,55.41,10.58,34
2021-11-21T00:00:00.000Z,1410,6288050,67.62,1535,5791022,62.27,4873,4062283,43.68,0,0,0,55.47,10.54,33.98
2021-11-22T00:00:00.000Z,1678,6289728,67.64,1513,5792535,62.29,4231,4066514,43.73,0,0,0,55.54,10.5,33.96
2021-11-23T00:00:00.000Z,8614,6298342,67.73,1675,5794210,62.31,3998,4070512,43.77,0,0,0,55.57,10.48,33.95
2021-11-24T00:00:00.000Z,9348,6307690,67.83,1310,5795520,62.32,3915,4074427,43.81,0,0,0,55.6,10.44,33.95
2021-11-25T00:00:00.000Z,9810,6317500,67.94,1597,5797117,62.34,4830,4079257,43.87,0,0,0,55.64,10.43,33.93
2021-11-26T00:00:00.000Z,5609,6323109,68,742,5797859,62.35,2784,4082041,43.9,0,0,0,55.63,10.45,33.92
2021-11-27T00:00:00.000Z,4776,6327885,68.05,321,5798180,62.35,1159,4083200,43.91,0,0,0,55.62,10.46,33.92
2021-11-28T00:00:00.000Z,10145,6338030,68.16,1476,5799656,62.37,4895,4088095,43.96,0,0,0,55.67,10.43,33.9
2021-11-29T00:00:00.000Z,9038,6347068,68.25,1126,5800782,62.38,4363,4092458,44.01,0,0,0,55.73,10.39,33.88
2021-11-30T00:00:00.000Z,10039,6357107,68.36,1024,5801806,62.39,4079,4096537,44.05,0,0,0,55.77,10.37,33.86
2021-12-01T00:00:00.000Z,8622,6365729,68.45,1091,5802897,62.4,4436,4100973,44.1,5,5,0,55.79,10.36,33.84
2021-12-02T00:00:00.000Z,9167,6374896,68.55,1445,5804342,62.42,5110,4106083,44.15,6,11,0,55.84,10.34,33.82
2021-12-03T00:00:00.000Z,6331,6381227,68.62,670,5805012,62.42,2859,4108942,44.19,1,12,0,55.86,10.33,33.81
2021-12-04T00:00:00.000Z,2506,6383733,68.65,233,5805245,62.43,912,4109854,44.2,3,15,0,55.85,10.34,33.81
2021-12-05T00:00:00.000Z,8334,6392067,68.74,1251,5806496,62.44,4678,4114532,44.25,1,16,0,55.9,10.31,33.79
2021-12-06T00:00:00.000Z,6721,6398788,68.81,1193,5807689,62.45,4342,4118874,44.29,4,20,0,55.95,10.27,33.78
2021-12-07T00:00:00.000Z,5549,6404337,68.87,1495,5809184,62.47,3956,4122830,44.33,9,29,0,55.99,10.25,33.76
2021-12-08T00:00:00.000Z,4929,6409266,68.92,1196,5810380,62.48,3874,4126704,44.38,10,39,0,56.03,10.22,33.75
2021-12-09T00:00:00.000Z,6237,6415503,68.99,1230,5811610,62.5,4499,4131203,44.42,8,47,0,56.08,10.19,33.73
2021-12-10T00:00:00.000Z,3005,6418508,69.02,694,5812304,62.5,2674,4133877,44.45,3,50,0,56.1,10.18,33.72
2021-12-11T00:00:00.000Z,1491,6419999,69.04,251,5812555,62.51,1011,4134888,44.46,0,50,0,56.1,10.18,33.71
2021-12-12T00:00:00.000Z,7271,6427270,69.12,1440,5813995,62.52,5242,4140130,44.52,3,53,0,56.16,10.15,33.69
2021-12-13T00:00:00.000Z,6176,6433446,69.18,1369,5815364,62.54,4343,4144473,44.57,4,57,0,56.21,10.11,33.67
2021-12-14T00:00:00.000Z,7316,6440762,69.26,6098,5821462,62.6,4926,4149399,44.62,11,68,0,56.27,10.09,33.65
2021-12-15T00:00:00.000Z,7202,6447964,69.34,7400,5828862,62.68,5437,4154836,44.68,6,74,0,56.34,10.06,33.6
2021-12-16T00:00:00.000Z,8079,6456043,69.43,8609,5837471,62.77,6549,4161385,44.75,7,81,0,56.53,10.05,33.42
2021-12-17T00:00:00.000Z,4404,6460447,69.47,5132,5842603,62.83,3941,4165326,44.79,3,84,0,56.64,10.05,33.3
2021-12-18T00:00:00.000Z,3940,6464387,69.51,2913,5845516,62.86,1351,4166677,44.81,2,86,0,56.73,10.07,33.2
2021-12-19T00:00:00.000Z,6980,6471367,69.59,9331,5854847,62.96,6265,4172942,44.87,5,91,0,56.92,10.04,33.04
2021-12-20T00:00:00.000Z,7969,6479336,69.68,7513,5862360,63.04,5431,4178373,44.93,9,100,0,57.07,10.02,32.91
2021-12-21T00:00:00.000Z,9545,6488881,69.78,8642,5871002,63.13,6473,4184846,45,8,108,0,57.27,10.01,32.71
2021-12-22T00:00:00.000Z,9664,6498545,69.88,8147,5879149,63.22,6236,4191082,45.07,12,120,0,57.49,10,32.52
2021-12-23T00:00:00.000Z,11541,6510086,70.01,10261,5889410,63.33,8132,4199214,45.16,15,135,0,57.7,9.97,32.33
2021-12-24T00:00:00.000Z,5869,6515955,70.07,6240,5895650,63.4,5270,4204484,45.21,12,147,0,57.83,9.96,32.21
2021-12-25T00:00:00.000Z,3338,6519293,70.11,2565,5898215,63.43,2019,4206503,45.23,6,153,0,57.9,9.96,32.15
2021-12-26T00:00:00.000Z,10653,6529946,70.22,8908,5907123,63.52,8193,4214696,45.32,8,161,0,58.1,9.92,31.98
2021-12-27T00:00:00.000Z,10367,6540313,70.33,7142,5914265,63.6,8179,4222875,45.41,21,182,0,58.27,9.9,31.83
2021-12-28T00:00:00.000Z,11372,6551685,70.45,7446,5921711,63.68,9624,4232499,45.51,23,205,0,58.46,9.88,31.66
2021-12-29T00:00:00.000Z,9935,6561620,70.56,5958,5927669,63.74,8360,4240859,45.6,17,222,0,58.64,9.85,31.51
2021-12-30T00:00:00.000Z,11009,6572629,70.68,7732,5935401,63.83,12235,4253094,45.74,9,231,0,58.84,9.82,31.34
2021-12-31T00:00:00.000Z,4828,6577457,70.73,3671,5939072,63.87,7291,4260385,45.81,134,365,0,58.9,9.79,31.3
2022-01-01T00:00:00.000Z,1992,6579449,70.75,1591,5940663,63.88,2740,4263125,45.84,65,430,0,58.93,9.79,31.28
2022-01-02T00:00:00.000Z,10216,6589665,70.86,6484,5947147,63.95,12999,4276124,45.98,590,1020,0.01,59.14,9.76,31.1
2022-01-03T00:00:00.000Z,9382,6599047,70.96,5255,5952402,64.01,11326,4287450,46.11,25054,26074,0.28,59.29,9.71,31
2022-01-04T00:00:00.000Z,8968,6608015,71.06,5941,5958343,64.07,10512,4297962,46.22,50652,76726,0.83,59.46,9.68,30.86
2022-01-05T00:00:00.000Z,8552,6616567,71.15,5735,5964078,64.13,10485,4308447,46.33,59574,136300,1.47,59.56,9.65,30.79
2022-01-06T00:00:00.000Z,10338,6626905,71.26,7960,5972038,64.22,13526,4321973,46.48,63989,200289,2.15,59.81,9.63,30.56
2022-01-07T00:00:00.000Z,4750,6631655,71.31,4554,5976592,64.27,8146,4330119,46.56,31131,231420,2.49,59.89,9.61,30.49
2022-01-08T00:00:00.000Z,2750,6634405,71.34,2452,5979044,64.3,5500,4335619,46.62,27623,259043,2.79,59.9,9.64,30.46
2022-01-09T00:00:00.000Z,9311,6643716,71.44,7722,5986766,64.38,11860,4347479,46.75,66756,325799,3.5,60.06,9.59,30.35
2022-01-10T00:00:00.000Z,8355,6652071,71.53,7647,5994413,64.46,11860,4359339,46.88,64754,390553,4.2,60.21,9.54,30.25
2022-01-11T00:00:00.000Z,8101,6660172,71.62,8620,6003033,64.55,11961,4371300,47.01,56651,447204,4.81,60.38,9.49,30.13
2022-01-12T00:00:00.000Z,7279,6667451,71.7,8307,6011340,64.64,11101,4382401,47.13,44620,491824,5.29,60.51,9.45,30.04
2022-01-13T00:00:00.000Z,7510,6674961,71.78,9618,6020958,64.75,11535,4393936,47.25,34750,526574,5.66,60.7,9.35,29.94
2022-01-14T00:00:00.000Z,2554,6677515,71.81,4931,6025889,64.8,6138,4400074,47.32,11138,537712,5.78,60.79,9.31,29.9
2022-01-15T00:00:00.000Z,1463,6678978,71.82,3165,6029054,64.83,3878,4403952,47.36,5715,543427,5.84,60.83,9.29,29.87
2022-01-16T00:00:00.000Z,3818,6682796,71.86,8520,6037574,64.93,7678,4411630,47.44,19988,563415,6.06,60.97,9.2,29.82
2022-01-17T00:00:00.000Z,2808,6685604,71.89,7045,6044619,65,6161,4417791,47.51,17835,581250,6.25,61.09,9.13,29.78
2022-01-18T00:00:00.000Z,2474,6688078,71.92,7379,6051998,65.08,5520,4423311,47.57,14809,596059,6.41,61.23,9.07,29.7
2022-01-19T00:00:00.000Z,1915,6689993,71.94,6362,6058360,65.15,4510,4427821,47.61,8456,604515,6.5,61.37,8.98,29.65
2022-01-20T00:00:00.000Z,1781,6691774,71.96,6965,6065325,65.22,4785,4432606,47.67,8038,612553,6.59,61.44,8.85,29.71
2022-01-21T00:00:00.000Z,899,6692673,71.97,3727,6069052,65.26,2631,4435237,47.69,3358,615911,6.62,61.51,8.81,29.68
2022-01-22T00:00:00.000Z,328,6693001,71.97,1461,6070513,65.28,1054,4436291,47.71,1112,617023,6.64,61.51,8.75,29.74
2022-01-23T00:00:00.000Z,1067,6694068,71.98,5628,6076141,65.34,2872,4439163,47.74,6080,623103,6.7,61.61,8.7,29.69
2022-01-24T00:00:00.000Z,758,6694826,71.99,4480,6080621,65.39,2259,4441422,47.76,5054,628157,6.75,61.73,8.62,29.65
2022-01-25T00:00:00.000Z,740,6695566,72,4398,6085019,65.44,2172,4443594,47.78,7102,635259,6.83,61.9,8.51,29.59
2022-01-26T00:00:00.000Z,613,6696179,72.01,3283,6088302,65.47,1602,4445196,47.8,4261,639520,6.88,62.02,8.42,29.57
2022-01-27T00:00:00.000Z,794,6696973,72.02,4403,6092705,65.52,1999,4447195,47.82,5439,644959,6.94,62.12,8.35,29.52
2022-01-28T00:00:00.000Z,393,6697366,72.02,2373,6095078,65.54,1166,4448361,47.84,3448,648407,6.97,62.16,8.33,29.5
2022-01-29T00:00:00.000Z,124,6697490,72.02,1044,6096122,65.55,423,4448784,47.84,1160,649567,6.99,62.23,8.29,29.48
2022-01-30T00:00:00.000Z,769,6698259,72.03,4718,6100840,65.61,2014,4450798,47.86,8098,657665,7.07,62.3,8.24,29.46
2022-01-31T00:00:00.000Z,528,6698787,72.04,3186,6104026,65.64,1604,4452402,47.88,6470,664135,7.14,62.39,8.17,29.43
2022-02-01T00:00:00.000Z,476,6699263,72.04,2803,6106829,65.67,1516,4453918,47.9,5718,669853,7.2,62.45,8.15,29.4
2022-02-02T00:00:00.000Z,372,6699635,72.04,2388,6109217,65.7,1376,4455294,47.91,5071,674924,7.26,62.28,8.13,29.59
2022-02-03T00:00:00.000Z,445,6700080,72.05,2774,6111991,65.73,1453,4456747,47.93,5605,680529,7.32,62.34,8.08,29.57
2022-02-04T00:00:00.000Z,174,6700254,72.05,988,6112979,65.74,752,4457499,47.93,2454,682983,7.34,62.37,8.06,29.57
2022-02-05T00:00:00.000Z,61,6700315,72.05,340,6113319,65.74,215,4457714,47.94,420,683403,7.35,62.34,8.09,29.56
2022-02-06T00:00:00.000Z,406,6700721,72.06,2322,6115641,65.76,1341,4459055,47.95,5684,689087,7.41,62.41,8.05,29.55
2022-02-07T00:00:00.000Z,280,6701001,72.06,1307,6116948,65.78,978,4460033,47.96,5959,695046,7.47,62.47,8.01,29.52
2022-02-08T00:00:00.000Z,315,6701316,72.06,1493,6118441,65.79,1061,4461094,47.97,6137,701183,7.54,62.54,7.97,29.49
2022-02-09T00:00:00.000Z,253,6701569,72.07,1102,6119543,65.81,941,4462035,47.98,4570,705753,7.59,62.6,7.95,29.45
2022-02-10T00:00:00.000Z,269,6701838,72.07,1293,6120836,65.82,930,4462965,47.99,4814,710567,7.64,62.63,7.93,29.44
2022-02-11T00:00:00.000Z,211,6702049,72.07,552,6121388,65.83,512,4463477,48,2533,713100,7.67,62.67,7.91,29.42
2022-02-12T00:00:00.000Z,30,6702079,72.07,90,6121478,65.83,122,4463599,48,268,713368,7.67,62.67,7.91,29.41
2022-02-13T00:00:00.000Z,286,6702365,72.07,944,6122422,65.84,964,4464563,48.01,4996,718364,7.72,62.73,7.87,29.39
2022-02-14T00:00:00.000Z,179,6702544,72.08,625,6123047,65.84,746,4465309,48.02,3143,721507,7.76,62.89,7.74,29.36
2022-02-15T00:00:00.000Z,265,6702809,72.08,763,6123810,65.85,929,4466238,48.03,3815,725322,7.8,62.92,7.73,29.35
2022-02-16T00:00:00.000Z,180,6702989,72.08,576,6124386,65.86,799,4467037,48.04,2487,727809,7.83,62.95,7.72,29.34
2022-02-17T00:00:00.000Z,248,6703237,72.08,736,6125122,65.87,770,4467807,48.04,3054,730863,7.86,62.96,7.7,29.34
2022-02-18T00:00:00.000Z,128,6703365,72.08,330,6125452,65.87,431,4468238,48.05,1118,731981,7.87,62.98,7.69,29.33
2022-02-19T00:00:00.000Z,33,6703398,72.08,83,6125535,65.87,78,4468316,48.05,79,732060,7.87,62.99,7.69,29.32
2022-02-20T00:00:00.000Z,201,6703599,72.09,603,6126138,65.88,717,4469033,48.06,2573,734633,7.9,63.01,7.67,29.32
2022-02-21T00:00:00.000Z,173,6703772,72.09,413,6126551,65.88,488,4469521,48.06,1541,736174,7.92,63.04,7.65,29.31
2022-02-22T00:00:00.000Z,158,6703930,72.09,452,6127003,65.89,559,4470080,48.07,1869,738043,7.94,63.05,7.65,29.3
2022-02-23T00:00:00.000Z,109,6704039,72.09,352,6127355,65.89,450,4470530,48.07,1152,739195,7.95,63.06,7.65,29.29
2022-02-24T00:00:00.000Z,137,6704176,72.09,454,6127809,65.9,563,4471093,48.08,1492,740687,7.97,63.05,7.66,29.29
2022-02-25T00:00:00.000Z,58,6704234,72.09,137,6127946,65.9,188,4471281,48.08,455,741142,7.97,63.06,7.66,29.28
2022-02-26T00:00:00.000Z,15,6704249,72.09,27,6127973,65.9,156,4471437,48.08,35,741177,7.97,63.05,7.67,29.28
2022-02-27T00:00:00.000Z,113,6704362,72.1,339,6128312,65.9,449,4471886,48.09,1118,742295,7.98,63.05,7.67,29.28
2022-02-28T00:00:00.000Z,108,6704470,72.1,268,6128580,65.9,416,4472302,48.09,906,743201,7.99,63.07,7.65,29.28
2022-03-01T00:00:00.000Z,97,6704567,72.1,279,6128859,65.91,370,4472672,48.1,796,743997,8,63.1,7.63,29.27
2022-03-02T00:00:00.000Z,77,6704644,72.1,198,6129057,65.91,323,4472995,48.1,694,744691,8.01,63.11,7.62,29.27
2022-03-03T00:00:00.000Z,155,6704799,72.1,370,6129427,65.91,496,4473491,48.11,985,745676,8.02,63.05,7.67,29.27
2022-03-04T00:00:00.000Z,52,6704851,72.1,166,6129593,65.91,166,4473657,48.11,227,745903,8.02,63.05,7.68,29.27
2022-03-05T00:00:00.000Z,2,6704853,72.1,25,6129618,65.91,43,4473700,48.11,31,745934,8.02,63.04,7.69,29.27
2022-03-06T00:00:00.000Z,98,6704951,72.1,258,6129876,65.92,413,4474113,48.11,759,746693,8.03,63.04,7.69,29.27
2022-03-07T00:00:00.000Z,87,6705038,72.1,259,6130135,65.92,346,4474459,48.12,604,747297,8.04,63.05,7.69,29.26
2022-03-08T00:00:00.000Z,98,6705136,72.1,263,6130398,65.92,333,4474792,48.12,550,747847,8.04,63.04,7.7,29.26
2022-03-09T00:00:00.000Z,89,6705225,72.1,212,6130610,65.93,333,4475125,48.12,490,748337,8.05,63.02,7.72,29.25
2022-03-10T00:00:00.000Z,113,6705338,72.11,373,6130983,65.93,424,4475549,48.13,616,748953,8.05,63.01,7.74,29.25
2022-03-11T00:00:00.000Z,24,6705362,72.11,86,6131069,65.93,121,4475670,48.13,144,749097,8.06,63,7.75,29.25
2022-03-12T00:00:00.000Z,10,6705372,72.11,10,6131079,65.93,31,4475701,48.13,27,749124,8.06,62.98,7.77,29.24
2022-03-13T00:00:00.000Z,100,6705472,72.11,270,6131349,65.93,358,4476059,48.13,594,749718,8.06,62.98,7.78,29.24
2022-03-14T00:00:00.000Z,64,6705536,72.11,252,6131601,65.94,316,4476375,48.14,559,750277,8.07,62.98,7.78,29.24
2022-03-15T00:00:00.000Z,78,6705614,72.11,183,6131784,65.94,291,4476666,48.14,587,750864,8.07,62.95,7.81,29.24
2022-03-16T00:00:00.000Z,74,6705688,72.11,205,6131989,65.94,300,4476966,48.14,669,751533,8.08,62.94,7.82,29.24
2022-03-17T00:00:00.000Z,65,6705753,72.11,119,6132108,65.94,286,4477252,48.15,612,752145,8.09,62.94,7.82,29.24
2022-03-18T00:00:00.000Z,18,6705771,72.11,54,6132162,65.94,99,4477351,48.15,234,752379,8.09,62.94,7.82,29.24
2022-03-19T00:00:00.000Z,5,6705776,72.11,10,6132172,65.94,27,4477378,48.15,38,752417,8.09,62.89,7.88,29.23
2022-03-20T00:00:00.000Z,119,6705895,72.11,259,6132431,65.95,484,4477862,48.15,1428,753845,8.11,62.87,7.89,29.23
2022-03-21T00:00:00.000Z,97,6705992,72.11,245,6132676,65.95,374,4478236,48.16,1132,754977,8.12,62.87,7.9,29.23
2022-03-22T00:00:00.000Z,140,6706132,72.11,341,6133017,65.95,504,4478740,48.16,1769,756746,8.14,62.84,7.94,29.23
2022-03-23T00:00:00.000Z,109,6706241,72.12,209,6133226,65.95,460,4479200,48.17,1674,758420,8.16,62.81,7.97,29.22
2022-03-24T00:00:00.000Z,175,6706416,72.12,344,6133570,65.96,763,4479963,48.18,2359,760779,8.18,62.78,8,29.22
2022-03-25T00:00:00.000Z,38,6706454,72.12,79,6133649,65.96,156,4480119,48.18,628,761407,8.19,62.78,8,29.23
2022-03-26T00:00:00.000Z,12,6706466,72.12,11,6133660,65.96,33,4480152,48.18,91,761498,8.19,62.77,8,29.22
2022-03-27T00:00:00.000Z,163,6706629,72.12,344,6134004,65.96,759,4480911,48.19,3189,764687,8.22,62.75,8.02,29.22
2022-03-28T00:00:00.000Z,113,6706742,72.12,269,6134273,65.96,621,4481532,48.19,2413,767100,8.25,62.75,8.03,29.22
2022-03-29T00:00:00.000Z,125,6706867,72.12,258,6134531,65.97,637,4482169,48.2,2767,769867,8.28,62.7,8.07,29.22
2022-03-30T00:00:00.000Z,132,6706999,72.12,207,6134738,65.97,538,4482707,48.2,2369,772236,8.3,62.81,8.11,29.07
2022-03-31T00:00:00.000Z,166,6707165,72.13,300,6135038,65.97,729,4483436,48.21,2844,775080,8.33,62.79,8.11,29.1
2022-04-01T00:00:00.000Z,121,6707286,72.13,158,6135196,65.97,275,4483711,48.22,583,775663,8.34,62.72,8.13,29.15
2022-04-02T00:00:00.000Z,6,6707292,72.13,5,6135201,65.97,35,4483746,48.22,52,775715,8.34,62.69,8.15,29.16
2022-04-03T00:00:00.000Z,159,6707451,72.13,269,6135470,65.98,569,4484315,48.22,2475,778190,8.37,62.65,8.16,29.19
2022-04-04T00:00:00.000Z,103,6707554,72.13,204,6135674,65.98,482,4484797,48.23,2218,780408,8.39,62.62,8.16,29.22
2022-04-05T00:00:00.000Z,123,6707677,72.13,219,6135893,65.98,512,4485309,48.23,2240,782648,8.42,62.57,8.19,29.25
2022-04-06T00:00:00.000Z,92,6707769,72.13,155,6136048,65.98,381,4485690,48.24,2017,784665,8.44,62.55,8.2,29.25
2022-04-07T00:00:00.000Z,192,6707961,72.13,213,6136261,65.99,641,4486331,48.24,2553,787218,8.47,62.56,8.2,29.24
2022-04-08T00:00:00.000Z,30,6707991,72.13,57,6136318,65.99,151,4486482,48.25,475,787693,8.47,62.54,8.22,29.23
2022-04-09T00:00:00.000Z,6,6707997,72.13,17,6136335,65.99,26,4486508,48.25,46,787739,8.47,62.52,8.25,29.23
2022-04-10T00:00:00.000Z,102,6708099,72.14,263,6136598,65.99,428,4486936,48.25,1845,789584,8.49,62.51,8.26,29.23
2022-04-11T00:00:00.000Z,78,6708177,72.14,201,6136799,65.99,370,4487306,48.25,1423,791007,8.51,62.54,8.26,29.2
2022-04-12T00:00:00.000Z,203,6708380,72.14,167,6136966,65.99,372,4487678,48.26,1358,792365,8.52,62.58,8.29,29.12
2022-04-13T00:00:00.000Z,118,6708498,72.14,149,6137115,66,295,4487973,48.26,1216,793581,8.53,62.58,8.31,29.1
2022-04-14T00:00:00.000Z,84,6708582,72.14,221,6137336,66,320,4488293,48.26,1068,794649,8.55,62.57,8.33,29.1
2022-04-15T00:00:00.000Z,9,6708591,72.14,51,6137387,66,47,4488340,48.27,80,794729,8.55,62.55,8.35,29.1
2022-04-16T00:00:00.000Z,3,6708594,72.14,8,6137395,66,21,4488361,48.27,29,794758,8.55,62.53,8.37,29.1
2022-04-17T00:00:00.000Z,62,6708656,72.14,131,6137526,66,228,4488589,48.27,807,795565,8.56,62.52,8.38,29.1
2022-04-18T00:00:00.000Z,68,6708724,72.14,107,6137633,66,251,4488840,48.27,749,796314,8.56,62.51,8.38,29.1
2022-04-19T00:00:00.000Z,60,6708784,72.14,141,6137774,66,272,4489112,48.27,840,797154,8.57,62.5,8.4,29.1
2022-04-20T00:00:00.000Z,61,6708845,72.14,117,6137891,66,233,4489345,48.28,651,797805,8.58,62.48,8.42,29.1
2022-04-21T00:00:00.000Z,52,6708897,72.14,105,6137996,66,192,4489537,48.28,479,798284,8.58,62.47,8.43,29.1
2022-04-22T00:00:00.000Z,2,6708899,72.14,16,6138012,66.01,18,4489555,48.28,16,798300,8.58,62.45,8.44,29.11
2022-04-23T00:00:00.000Z,5,6708904,72.14,9,6138021,66.01,14,4489569,48.28,13,798313,8.58,62.43,8.46,29.11
2022-04-24T00:00:00.000Z,92,6708996,72.15,250,6138271,66.01,328,4489897,48.28,869,799182,8.59,62.43,8.47,29.1
2022-04-25T00:00:00.000Z,105,6709101,72.15,191,6138462,66.01,314,4490211,48.29,739,799921,8.6,62.43,8.47,29.1
2022-04-26T00:00:00.000Z,74,6709175,72.15,175,6138637,66.01,302,4490513,48.29,784,800705,8.61,62.42,8.48,29.1
2022-04-27T00:00:00.000Z,55,6709230,72.15,160,6138797,66.01,227,4490740,48.29,638,801343,8.62,62.41,8.49,29.1
2022-04-28T00:00:00.000Z,96,6709326,72.15,232,6139029,66.02,326,4491066,48.29,869,802212,8.63,62.41,8.5,29.1
2022-04-29T00:00:00.000Z,109,6709435,72.15,158,6139187,66.02,182,4491248,48.3,196,802408,8.63,62.39,8.51,29.1
2022-04-30T00:00:00.000Z,1,6709436,72.15,3,6139190,66.02,24,4491272,48.3,19,802427,8.63,62.38,8.52,29.1
2022-05-01T00:00:00.000Z,133,6709569,72.15,185,6139375,66.02,316,4491588,48.3,630,803057,8.64,62.38,8.53,29.09
2022-05-02T00:00:00.000Z,62,6709631,72.15,151,6139526,66.02,235,4491823,48.3,489,803546,8.64,62.37,8.54,29.09
2022-05-03T00:00:00.000Z,72,6709703,72.15,151,6139677,66.02,286,4492109,48.31,504,804050,8.65,62.36,8.55,29.09
2022-05-04T00:00:00.000Z,23,6709726,72.15,55,6139732,66.02,62,4492171,48.31,125,804175,8.65,62.35,8.57,29.08
2022-05-05T00:00:00.000Z,4,6709730,72.15,0,6139732,66.02,3,4492174,48.31,11,804186,8.65,62.34,8.58,29.08
2022-05-06T00:00:00.000Z,19,6709749,72.15,59,6139791,66.02,64,4492238,48.31,151,804337,8.65,62.33,8.59,29.08
2022-05-07T00:00:00.000Z,0,6709749,72.15,6,6139797,66.02,25,4492263,48.31,24,804361,8.65,62.32,8.6,29.08
2022-05-08T00:00:00.000Z,114,6709863,72.15,207,6140004,66.03,270,4492533,48.31,456,804817,8.65,62.31,8.61,29.08
2022-05-09T00:00:00.000Z,59,6709922,72.16,162,6140166,66.03,251,4492784,48.31,501,805318,8.66,62.31,8.61,29.08
2022-05-10T00:00:00.000Z,130,6710052,72.16,168,6140334,66.03,260,4493044,48.32,508,805826,8.67,62.3,8.62,29.08
2022-05-11T00:00:00.000Z,58,6710110,72.16,116,6140450,66.03,179,4493223,48.32,463,806289,8.67,62.3,8.63,29.08
2022-05-12T00:00:00.000Z,119,6710229,72.16,201,6140651,66.03,274,4493497,48.32,662,806951,8.68,62.29,8.64,29.07
2022-05-13T00:00:00.000Z,11,6710240,72.16,42,6140693,66.03,70,4493567,48.32,108,807059,8.68,62.28,8.65,29.07
2022-05-14T00:00:00.000Z,6,6710246,72.16,11,6140704,66.03,10,4493577,48.32,22,807081,8.68,62.26,8.66,29.07
2022-05-15T00:00:00.000Z,91,6710337,72.16,174,6140878,66.04,241,4493818,48.32,663,807744,8.69,62.26,8.67,29.07
2022-05-16T00:00:00.000Z,68,6710405,72.16,142,6141020,66.04,228,4494046,48.33,508,808252,8.69,62.19,8.65,29.16
2022-05-17T00:00:00.000Z,74,6710479,72.16,153,6141173,66.04,264,4494310,48.33,615,808867,8.7,62.18,8.66,29.16
2022-05-18T00:00:00.000Z,43,6710522,72.16,96,6141269,66.04,169,4494479,48.33,445,809312,8.7,62.17,8.67,29.16
2022-05-19T00:00:00.000Z,64,6710586,72.16,170,6141439,66.04,211,4494690,48.33,497,809809,8.71,62.16,8.68,29.16
2022-05-20T00:00:00.000Z,72,6710658,72.16,113,6141552,66.04,127,4494817,48.34,137,809946,8.71,62.15,8.69,29.16
2022-05-21T00:00:00.000Z,4,6710662,72.16,7,6141559,66.04,13,4494830,48.34,18,809964,8.71,62.14,8.7,29.16
2022-05-22T00:00:00.000Z,86,6710748,72.16,188,6141747,66.05,215,4495045,48.34,424,810388,8.71,62.14,8.71,29.16
2022-05-23T00:00:00.000Z,64,6710812,72.16,120,6141867,66.05,151,4495196,48.34,343,810731,8.72,62.14,8.71,29.16
2022-05-24T00:00:00.000Z,43,6710855,72.17,119,6141986,66.05,154,4495350,48.34,393,811124,8.72,62.13,8.71,29.15
2022-05-25T00:00:00.000Z,59,6710914,72.17,105,6142091,66.05,164,4495514,48.34,336,811460,8.73,62.12,8.72,29.15
2022-05-26T00:00:00.000Z,72,6710986,72.17,136,6142227,66.05,184,4495698,48.34,348,811808,8.73,62.11,8.73,29.16
2022-05-27T00:00:00.000Z,11,6710997,72.17,28,6142255,66.05,43,4495741,48.34,59,811867,8.73,62.1,8.74,29.16
2022-05-28T00:00:00.000Z,1,6710998,72.17,4,6142259,66.05,7,4495748,48.35,11,811878,8.73,62.09,8.75,29.16
2022-05-29T00:00:00.000Z,87,6711085,72.17,152,6142411,66.05,163,4495911,48.35,314,812192,8.73,62.09,8.75,29.16
2022-05-30T00:00:00.000Z,56,6711141,72.17,131,6142542,66.05,122,4496033,48.35,291,812483,8.74,62.09,8.76,29.16
2022-05-31T00:00:00.000Z,45,6711186,72.17,104,6142646,66.05,152,4496185,48.35,350,812833,8.74,62.07,8.78,29.15
2022-06-01T00:00:00.000Z,61,6711247,72.17,89,6142735,66.06,117,4496302,48.35,274,813107,8.74,61.95,8.9,29.16
2022-06-02T00:00:00.000Z,75,6711322,72.17,155,6142890,66.06,172,4496474,48.35,254,813361,8.75,45.96,24.88,29.15
2022-06-03T00:00:00.000Z,10,6711332,72.17,23,6142913,66.06,21,4496495,48.35,31,813392,8.75,45.9,24.95,29.16
2022-06-04T00:00:00.000Z,0,6711332,72.17,7,6142920,66.06,6,4496501,48.35,5,813397,8.75,45.84,25,29.16
2022-06-05T00:00:00.000Z,4,6711336,72.17,13,6142933,66.06,6,4496507,48.35,2,813399,8.75,45.8,25.05,29.16
2022-06-06T00:00:00.000Z,58,6711394,72.17,143,6143076,66.06,161,4496668,48.35,261,813660,8.75,39.96,30.89,29.16
2022-06-07T00:00:00.000Z,54,6711448,72.17,134,6143210,66.06,140,4496808,48.36,373,814033,8.75,39.92,30.93,29.15
2022-06-08T00:00:00.000Z,57,6711505,72.17,105,6143315,66.06,130,4496938,48.36,494,814527,8.76,39.89,30.96,29.15
2022-06-09T00:00:00.000Z,82,6711587,72.17,205,6143520,66.06,234,4497172,48.36,640,815167,8.77,39.86,30.99,29.15
2022-06-10T00:00:00.000Z,14,6711601,72.17,51,6143571,66.06,59,4497231,48.36,138,815305,8.77,39.83,31.02,29.15
2022-06-11T00:00:00.000Z,0,6711601,72.17,3,6143574,66.06,7,4497238,48.36,19,815324,8.77,39.8,31.05,29.15
2022-06-12T00:00:00.000Z,96,6711697,72.17,198,6143772,66.07,191,4497429,48.36,767,816091,8.78,39.8,31.05,29.15
2022-06-13T00:00:00.000Z,81,6711778,72.18,142,6143914,66.07,166,4497595,48.36,625,816716,8.78,39.81,31.04,29.15
2022-06-14T00:00:00.000Z,116,6711894,72.18,172,6144086,66.07,208,4497803,48.37,759,817475,8.79,39.79,31.06,29.15
2022-06-15T00:00:00.000Z,72,6711966,72.18,139,6144225,66.07,207,4498010,48.37,696,818171,8.8,39.78,31.08,29.15
2022-06-16T00:00:00.000Z,93,6712059,72.18,136,6144361,66.07,216,4498226,48.37,740,818911,8.81,39.74,31.11,29.14
2022-06-17T00:00:00.000Z,17,6712076,72.18,63,6144424,66.07,52,4498278,48.37,121,819032,8.81,39.72,31.14,29.15
2022-06-18T00:00:00.000Z,3,6712079,72.18,4,6144428,66.07,11,4498289,48.37,15,819047,8.81,39.68,31.17,29.14
2022-06-19T00:00:00.000Z,113,6712192,72.18,206,6144634,66.08,317,4498606,48.38,877,819924,8.82,39.53,31.33,29.15
2022-06-20T00:00:00.000Z,100,6712292,72.18,151,6144785,66.08,306,4498912,48.38,919,820843,8.83,33.92,36.85,29.23
2022-06-21T00:00:00.000Z,97,6712389,72.18,154,6144939,66.08,373,4499285,48.38,1227,822070,8.84,33.58,37.19,29.23
2022-06-22T00:00:00.000Z,111,6712500,72.18,131,6145070,66.08,337,4499622,48.39,894,822964,8.85,33.28,37.49,29.23
2022-06-23T00:00:00.000Z,132,6712632,72.18,213,6145283,66.08,521,4500143,48.39,1146,824110,8.86,32.84,37.92,29.23
2022-06-24T00:00:00.000Z,19,6712651,72.18,35,6145318,66.08,109,4500252,48.39,207,824317,8.86,32.43,38.34,29.24
2022-06-25T00:00:00.000Z,1,6712652,72.18,1,6145319,66.08,12,4500264,48.39,16,824333,8.86,32.04,38.72,29.24
2022-06-26T00:00:00.000Z,106,6712758,72.19,158,6145477,66.09,378,4500642,48.4,933,825266,8.87,31.63,39.13,29.24
2022-06-27T00:00:00.000Z,85,6712843,72.19,171,6145648,66.09,391,4501033,48.4,1027,826293,8.89,31.29,39.47,29.24
2022-06-28T00:00:00.000Z,84,6712927,72.19,150,6145798,66.09,361,4501394,48.41,930,827223,8.9,30.86,39.91,29.24
2022-06-29T00:00:00.000Z,77,6713004,72.19,106,6145904,66.09,259,4501653,48.41,812,828035,8.9,30.48,40.28,29.24
2022-06-30T00:00:00.000Z,85,6713089,72.19,162,6146066,66.09,355,4502008,48.41,1055,829090,8.92,30.05,40.71,29.24
2022-07-01T00:00:00.000Z,21,6713110,72.19,28,6146094,66.09,54,4502062,48.41,77,829167,8.92,29.62,41.14,29.24
2022-07-02T00:00:00.000Z,0,6713110,72.19,2,6146096,66.09,6,4502068,48.41,17,829184,8.92,29.2,41.56,29.24
2022-07-03T00:00:00.000Z,85,6713195,72.19,163,6146259,66.09,318,4502386,48.42,635,829819,8.92,28.81,41.95,29.24
2022-07-04T00:00:00.000Z,77,6713272,72.19,140,6146399,66.1,275,4502661,48.42,746,830565,8.93,28.5,42.26,29.24
2022-07-05T00:00:00.000Z,59,6713331,72.19,143,6146542,66.1,301,4502962,48.42,687,831252,8.94,28.06,42.7,29.24
2022-07-06T00:00:00.000Z,77,6713408,72.19,124,6146666,66.1,211,4503173,48.42,643,831895,8.95,27.39,43.37,29.24
2022-07-07T00:00:00.000Z,79,6713487,72.19,162,6146828,66.1,264,4503437,48.43,720,832615,8.95,26.48,44.28,29.24
2022-07-08T00:00:00.000Z,17,6713504,72.19,33,6146861,66.1,68,4503505,48.43,131,832746,8.95,25.47,45.29,29.24
2022-07-09T00:00:00.000Z,0,6713504,72.19,0,6146861,66.1,0,4503505,48.43,1,832747,8.96,24.42,46.34,29.24
2022-07-10T00:00:00.000Z,80,6713584,72.19,159,6147020,66.1,228,4503733,48.43,468,833215,8.96,23.77,46.99,29.24
2022-07-11T00:00:00.000Z,63,6713647,72.2,140,6147160,66.1,244,4503977,48.43,571,833786,8.97,23.22,47.54,29.24
2022-07-12T00:00:00.000Z,68,6713715,72.2,128,6147288,66.1,207,4504184,48.44,556,834342,8.97,22.13,48.63,29.24
2022-07-13T00:00:00.000Z,45,6713760,72.2,100,6147388,66.11,161,4504345,48.44,486,834828,8.98,21.1,49.66,29.24
2022-07-14T00:00:00.000Z,67,6713827,72.2,145,6147533,66.11,204,4504549,48.44,512,835340,8.98,20.12,50.63,29.24
2022-07-15T00:00:00.000Z,58,6713885,72.2,69,6147602,66.11,128,4504677,48.44,169,835509,8.98,19.27,51.48,29.25
2022-07-16T00:00:00.000Z,0,6713885,72.2,6,6147608,66.11,7,4504684,48.44,7,835516,8.98,18.29,52.46,29.25
2022-07-17T00:00:00.000Z,73,6713958,72.2,176,6147784,66.11,240,4504924,48.44,468,835984,8.99,17.83,52.92,29.25
2022-07-18T00:00:00.000Z,62,6714020,72.2,156,6147940,66.11,206,4505130,48.45,508,836492,9,17.48,53.26,29.26
2022-07-19T00:00:00.000Z,62,6714082,72.2,147,6148087,66.11,172,4505302,48.45,367,836859,9,16.77,53.97,29.26
2022-07-20T00:00:00.000Z,52,6714134,72.2,135,6148222,66.11,134,4505436,48.45,421,837280,9,16.09,54.64,29.26
2022-07-21T00:00:00.000Z,62,6714196,72.2,152,6148374,66.12,173,4505609,48.45,340,837620,9.01,15.43,55.3,29.27
2022-07-22T00:00:00.000Z,10,6714206,72.2,36,6148410,66.12,40,4505649,48.45,55,837675,9.01,14.65,56.08,29.28
2022-07-23T00:00:00.000Z,0,6714206,72.2,3,6148413,66.12,2,4505651,48.45,9,837684,9.01,14.17,56.55,29.28
2022-07-24T00:00:00.000Z,62,6714268,72.2,125,6148538,66.12,192,4505843,48.45,363,838047,9.01,13.55,57.16,29.29
2022-07-25T00:00:00.000Z,48,6714316,72.2,105,6148643,66.12,169,4506012,48.46,331,838378,9.02,13.1,57.61,29.3
2022-07-26T00:00:00.000Z,48,6714364,72.2,97,6148740,66.12,106,4506118,48.46,270,838648,9.02,12.47,58.23,29.3
2022-07-27T00:00:00.000Z,49,6714413,72.2,124,6148864,66.12,130,4506248,48.46,238,838886,9.02,11.89,58.8,29.31
2022-07-28T00:00:00.000Z,14,6714427,72.2,39,6148903,66.12,37,4506285,48.46,56,838942,9.02,11.37,59.31,29.32
