Day_Date,vaccinated,vaccinated_cum,vaccinated_population_perc,vaccinated_seconde_dose,vaccinated_seconde_dose_cum,vaccinated_seconde_dose_population_perc
2020-12-19T00:00:00.000Z,43,60,0,0,0,0
2020-12-20T00:00:00.000Z,7373,7433,0.08,0,0,0
2020-12-21T00:00:00.000Z,24883,32316,0.35,0,0,0
2020-12-22T00:00:00.000Z,44613,76929,0.83,0,0,0
2020-12-23T00:00:00.000Z,62832,139761,1.5,0,0,0
2020-12-24T00:00:00.000Z,73330,213091,2.29,0,0,0
2020-12-25T00:00:00.000Z,38451,251542,2.71,0,0,0
2020-12-26T00:00:00.000Z,32573,284115,3.06,0,0,0
2020-12-27T00:00:00.000Z,104369,388484,4.18,0,0,0
2020-12-28T00:00:00.000Z,134807,523291,5.63,0,0,0
2020-12-29T00:00:00.000Z,155954,679245,7.3,0,0,0
2020-12-30T00:00:00.000Z,152728,831973,8.95,0,0,0
2020-12-31T00:00:00.000Z,158183,990156,10.65,0,0,0
2021-01-01T00:00:00.000Z,71232,1061388,11.41,0,0,0
2021-01-02T00:00:00.000Z,71625,1133013,12.18,0,0,0
2021-01-03T00:00:00.000Z,149404,1282417,13.79,0,0,0
2021-01-04T00:00:00.000Z,151841,1434258,15.42,1,1,0
2021-01-05T00:00:00.000Z,124859,1559117,16.77,0,1,0
2021-01-06T00:00:00.000Z,103073,1662190,17.87,0,1,0
2021-01-07T00:00:00.000Z,115827,1778017,19.12,4,5,0
2021-01-08T00:00:00.000Z,66294,1844311,19.83,3,8,0
2021-01-09T00:00:00.000Z,44455,1888766,20.31,22,30,0
2021-01-10T00:00:00.000Z,37540,1926306,20.71,5985,6015,0.06
2021-01-11T00:00:00.000Z,21014,1947320,20.94,19236,25251,0.27
2021-01-12T00:00:00.000Z,23909,1971229,21.2,35637,60888,0.65
2021-01-13T00:00:00.000Z,51920,2023149,21.76,56814,117702,1.27
2021-01-14T00:00:00.000Z,56302,2079451,22.36,68756,186458,2.01
2021-01-15T00:00:00.000Z,30616,2110067,22.69,35883,222341,2.39
2021-01-16T00:00:00.000Z,29366,2139433,23.01,25977,248318,2.67
2021-01-17T00:00:00.000Z,68253,2207686,23.74,84457,332775,3.58
2021-01-18T00:00:00.000Z,69527,2277213,24.49,120214,452989,4.87
2021-01-19T00:00:00.000Z,72582,2349795,25.27,137534,590523,6.35
2021-01-20T00:00:00.000Z,76537,2426332,26.09,143403,733926,7.89
2021-01-21T00:00:00.000Z,69581,2495913,26.84,163968,897894,9.66
2021-01-22T00:00:00.000Z,37712,2533625,27.25,70925,968819,10.42
2021-01-23T00:00:00.000Z,39853,2573478,27.67,53474,1022293,10.99
2021-01-24T00:00:00.000Z,68941,2642419,28.42,140339,1162632,12.5
2021-01-25T00:00:00.000Z,80734,2723153,29.28,139176,1301808,14
2021-01-26T00:00:00.000Z,78483,2801636,30.13,126073,1427881,15.35
2021-01-27T00:00:00.000Z,77694,2879330,30.96,124721,1552602,16.7
2021-01-28T00:00:00.000Z,79410,2958740,31.82,130298,1682900,18.1
2021-01-29T00:00:00.000Z,36524,2995264,32.21,64611,1747511,18.79
2021-01-30T00:00:00.000Z,34290,3029554,32.58,42662,1790173,19.25
2021-01-31T00:00:00.000Z,73179,3102733,33.37,59344,1849517,19.89
2021-02-01T00:00:00.000Z,82273,3185006,34.25,35210,1884727,20.27
2021-02-02T00:00:00.000Z,69863,3254869,35,30950,1915677,20.6
2021-02-03T00:00:00.000Z,60071,3314940,35.65,51272,1966949,21.15
2021-02-04T00:00:00.000Z,72389,3387329,36.43,57921,2024870,21.77
2021-02-05T00:00:00.000Z,33778,3421107,36.79,28657,2053527,22.08
2021-02-06T00:00:00.000Z,21535,3442642,37.02,22140,2075667,22.32
2021-02-07T00:00:00.000Z,53940,3496582,37.6,68545,2144212,23.06
2021-02-08T00:00:00.000Z,58480,3555062,38.23,65202,2209414,23.76
2021-02-09T00:00:00.000Z,66122,3621184,38.94,67282,2276696,24.48
2021-02-10T00:00:00.000Z,70338,3691522,39.7,71952,2348648,25.26
2021-02-11T00:00:00.000Z,80892,3772414,40.57,71534,2420182,26.03
2021-02-12T00:00:00.000Z,38937,3811351,40.99,37409,2457591,26.43
2021-02-13T00:00:00.000Z,27388,3838739,41.28,30349,2487940,26.75
2021-02-14T00:00:00.000Z,74729,3913468,42.08,68873,2556813,27.49
2021-02-15T00:00:00.000Z,81323,3994791,42.96,75490,2632303,28.31
2021-02-16T00:00:00.000Z,83319,4078110,43.85,78041,2710344,29.15
2021-02-17T00:00:00.000Z,61797,4139907,44.52,75339,2785683,29.96
2021-02-18T00:00:00.000Z,68977,4208884,45.26,79497,2865180,30.81
2021-02-19T00:00:00.000Z,39559,4248443,45.69,37995,2903175,31.22
2021-02-20T00:00:00.000Z,31583,4280026,46.03,28645,2931820,31.53
2021-02-21T00:00:00.000Z,79315,4359341,46.88,78344,3010164,32.37
2021-02-22T00:00:00.000Z,84878,4444219,47.79,80360,3090524,33.23
2021-02-23T00:00:00.000Z,77194,4521413,48.62,70229,3160753,33.99
2021-02-24T00:00:00.000Z,60876,4582289,49.28,62873,3223626,34.67
2021-02-25T00:00:00.000Z,51511,4633800,49.83,64544,3288170,35.36
2021-02-26T00:00:00.000Z,25753,4659553,50.11,31888,3320058,35.7
2021-02-27T00:00:00.000Z,18255,4677808,50.3,21128,3341186,35.93
2021-02-28T00:00:00.000Z,40166,4717974,50.73,55712,3396898,36.53
2021-03-01T00:00:00.000Z,45508,4763482,51.22,61266,3458164,37.19
2021-03-02T00:00:00.000Z,41006,4804488,51.67,64526,3522690,37.88
2021-03-03T00:00:00.000Z,41785,4846273,52.11,66561,3589251,38.6
2021-03-04T00:00:00.000Z,39474,4885747,52.54,78847,3668098,39.44
2021-03-05T00:00:00.000Z,17164,4902911,52.72,40321,3708419,39.88
2021-03-06T00:00:00.000Z,10568,4913479,52.84,25278,3733697,40.15
2021-03-07T00:00:00.000Z,30970,4944449,53.17,72680,3806377,40.93
2021-03-08T00:00:00.000Z,27163,4971612,53.46,73083,3879460,41.72
2021-03-09T00:00:00.000Z,26501,4998113,53.75,76477,3955937,42.54
2021-03-10T00:00:00.000Z,23089,5021202,54,58505,4014442,43.17
2021-03-11T00:00:00.000Z,23058,5044260,54.24,68886,4083328,43.91
2021-03-12T00:00:00.000Z,11096,5055356,54.36,41298,4124626,44.35
2021-03-13T00:00:00.000Z,7848,5063204,54.45,25182,4149808,44.63
2021-03-14T00:00:00.000Z,20828,5084032,54.67,73830,4223638,45.42
2021-03-15T00:00:00.000Z,19904,5103936,54.89,78055,4301693,46.26
2021-03-16T00:00:00.000Z,18532,5122468,55.08,71357,4373050,47.03
2021-03-17T00:00:00.000Z,17502,5139970,55.27,58831,4431881,47.66
2021-03-18T00:00:00.000Z,15824,5155794,55.44,57967,4489848,48.28
2021-03-19T00:00:00.000Z,6750,5162544,55.52,27871,4517719,48.58
2021-03-20T00:00:00.000Z,5118,5167662,55.57,15226,4532945,48.75
2021-03-21T00:00:00.000Z,13028,5180690,55.71,40364,4573309,49.18
2021-03-22T00:00:00.000Z,13355,5194045,55.85,40371,4613680,49.61
2021-03-23T00:00:00.000Z,2603,5196648,55.88,7155,4620835,49.69
2021-03-24T00:00:00.000Z,10792,5207440,56,46349,4667184,50.19
2021-03-25T00:00:00.000Z,10035,5217475,56.11,35254,4702438,50.57
2021-03-26T00:00:00.000Z,4005,5221480,56.15,13216,4715654,50.71
2021-03-27T00:00:00.000Z,1710,5223190,56.17,4200,4719854,50.75
2021-03-28T00:00:00.000Z,2039,5225229,56.19,4548,4724402,50.8
2021-03-29T00:00:00.000Z,6770,5231999,56.26,29864,4754266,51.13
2021-03-30T00:00:00.000Z,7657,5239656,56.34,22233,4776499,51.36
2021-03-31T00:00:00.000Z,7948,5247604,56.43,19250,4795749,51.57
2021-04-01T00:00:00.000Z,7943,5255547,56.52,18468,4814217,51.77
2021-04-02T00:00:00.000Z,2769,5258316,56.55,7964,4822181,51.86
2021-04-03T00:00:00.000Z,1339,5259655,56.56,2879,4825060,51.89
2021-04-04T00:00:00.000Z,9539,5269194,56.66,22719,4847779,52.13
2021-04-05T00:00:00.000Z,10173,5279367,56.77,21082,4868861,52.36
2021-04-06T00:00:00.000Z,8770,5288137,56.87,16556,4885417,52.54
2021-04-07T00:00:00.000Z,8672,5296809,56.96,15091,4900508,52.7
2021-04-08T00:00:00.000Z,9159,5305968,57.06,16752,4917260,52.88
2021-04-09T00:00:00.000Z,3370,5309338,57.09,6053,4923313,52.94
2021-04-10T00:00:00.000Z,1491,5310829,57.11,3429,4926742,52.98
2021-04-11T00:00:00.000Z,8893,5319722,57.21,14094,4940836,53.13
2021-04-12T00:00:00.000Z,8703,5328425,57.3,13024,4953860,53.27
2021-04-13T00:00:00.000Z,5602,5334027,57.36,4780,4958640,53.32
2021-04-14T00:00:00.000Z,3425,5337452,57.4,5110,4963750,53.38
2021-04-15T00:00:00.000Z,450,5337902,57.4,413,4964163,53.38
2021-04-16T00:00:00.000Z,3191,5341093,57.44,6458,4970621,53.45
2021-04-17T00:00:00.000Z,743,5341836,57.44,1912,4972533,53.47
2021-04-18T00:00:00.000Z,6965,5348801,57.52,7351,4979884,53.55
2021-04-19T00:00:00.000Z,6205,5355006,57.59,6969,4986853,53.63
2021-04-20T00:00:00.000Z,6044,5361050,57.65,6685,4993538,53.7
2021-04-21T00:00:00.000Z,6150,5367200,57.72,6900,5000438,53.77
2021-04-22T00:00:00.000Z,5742,5372942,57.78,7466,5007904,53.85
2021-04-23T00:00:00.000Z,2585,5375527,57.81,3232,5011136,53.89
2021-04-24T00:00:00.000Z,679,5376206,57.81,1212,5012348,53.9
2021-04-25T00:00:00.000Z,4716,5380922,57.86,6825,5019173,53.97
2021-04-26T00:00:00.000Z,5331,5386253,57.92,7725,5026898,54.06
2021-04-27T00:00:00.000Z,4347,5390600,57.97,6415,5033313,54.13
2021-04-28T00:00:00.000Z,4310,5394910,58.01,7095,5040408,54.2
2021-04-29T00:00:00.000Z,4191,5399101,58.06,7084,5047492,54.28
2021-04-30T00:00:00.000Z,1731,5400832,58.08,3001,5050493,54.31
2021-05-01T00:00:00.000Z,382,5401214,58.08,820,5051313,54.32
2021-05-02T00:00:00.000Z,3154,5404368,58.12,5953,5057266,54.38
2021-05-03T00:00:00.000Z,3400,5407768,58.15,5631,5062897,54.44
2021-05-04T00:00:00.000Z,3382,5411150,58.19,4530,5067427,54.49
2021-05-05T00:00:00.000Z,3110,5414260,58.22,3866,5071293,54.53
2021-05-06T00:00:00.000Z,3437,5417697,58.26,2922,5074215,54.57
2021-05-07T00:00:00.000Z,1661,5419358,58.28,2282,5076497,54.59
2021-05-08T00:00:00.000Z,175,5419533,58.28,423,5076920,54.59
2021-05-09T00:00:00.000Z,2766,5422299,58.31,4625,5081545,54.64
2021-05-10T00:00:00.000Z,2764,5425063,58.34,4524,5086069,54.69
2021-05-11T00:00:00.000Z,2414,5427477,58.36,3640,5089709,54.73
2021-05-12T00:00:00.000Z,1816,5429293,58.38,3095,5092804,54.77
2021-05-13T00:00:00.000Z,1816,5431109,58.4,3478,5096282,54.8
2021-05-14T00:00:00.000Z,773,5431882,58.41,1333,5097615,54.82
2021-05-15T00:00:00.000Z,134,5432016,58.41,173,5097788,54.82
2021-05-16T00:00:00.000Z,426,5432442,58.42,1136,5098924,54.83
2021-05-17T00:00:00.000Z,187,5432629,58.42,758,5099682,54.84
2021-05-18T00:00:00.000Z,1818,5434447,58.44,4799,5104481,54.89
2021-05-19T00:00:00.000Z,2030,5436477,58.46,4876,5109357,54.94
2021-05-20T00:00:00.000Z,2092,5438569,58.48,3717,5113074,54.98
2021-05-21T00:00:00.000Z,1009,5439578,58.49,1223,5114297,55
2021-05-22T00:00:00.000Z,139,5439717,58.5,323,5114620,55
2021-05-23T00:00:00.000Z,2198,5441915,58.52,3125,5117745,55.03
2021-05-24T00:00:00.000Z,1976,5443891,58.54,3462,5121207,55.07
2021-05-25T00:00:00.000Z,1651,5445542,58.56,2437,5123644,55.1
2021-05-26T00:00:00.000Z,1219,5446761,58.57,2324,5125968,55.12
2021-05-27T00:00:00.000Z,1636,5448397,58.59,2944,5128912,55.15
2021-05-28T00:00:00.000Z,616,5449013,58.6,1240,5130152,55.17
2021-05-29T00:00:00.000Z,104,5449117,58.6,161,5130313,55.17
2021-05-30T00:00:00.000Z,1546,5450663,58.61,1847,5132160,55.19
2021-05-31T00:00:00.000Z,1522,5452185,58.63,1948,5134108,55.21
2021-06-01T00:00:00.000Z,1177,5453362,58.64,1666,5135774,55.23
2021-06-02T00:00:00.000Z,1289,5454651,58.66,1435,5137209,55.24
2021-06-03T00:00:00.000Z,1504,5456155,58.67,1291,5138500,55.26
2021-06-04T00:00:00.000Z,926,5457081,58.68,546,5139046,55.26
2021-06-05T00:00:00.000Z,104,5457185,58.68,66,5139112,55.26
2021-06-06T00:00:00.000Z,4181,5461366,58.73,873,5139985,55.27
2021-06-07T00:00:00.000Z,4222,5465588,58.77,667,5140652,55.28
2021-06-08T00:00:00.000Z,3554,5469142,58.81,1019,5141671,55.29
2021-06-09T00:00:00.000Z,3455,5472597,58.85,1128,5142799,55.3
2021-06-10T00:00:00.000Z,3188,5475785,58.88,1122,5143921,55.32
2021-06-11T00:00:00.000Z,1241,5477026,58.9,406,5144327,55.32
2021-06-12T00:00:00.000Z,138,5477164,58.9,89,5144416,55.32
2021-06-13T00:00:00.000Z,3037,5480201,58.93,1165,5145581,55.33
2021-06-14T00:00:00.000Z,2886,5483087,58.96,1375,5146956,55.35
2021-06-15T00:00:00.000Z,2952,5486039,58.99,1182,5148138,55.36
2021-06-16T00:00:00.000Z,2561,5488600,59.02,831,5148969,55.37
2021-06-17T00:00:00.000Z,2548,5491148,59.05,1012,5149981,55.38
2021-06-18T00:00:00.000Z,1085,5492233,59.06,334,5150315,55.38
2021-06-19T00:00:00.000Z,142,5492375,59.06,78,5150393,55.38
2021-06-20T00:00:00.000Z,3227,5495602,59.1,1211,5151604,55.4
2021-06-21T00:00:00.000Z,5039,5500641,59.15,1056,5152660,55.41
2021-06-22T00:00:00.000Z,6752,5507393,59.22,908,5153568,55.42
2021-06-23T00:00:00.000Z,10546,5517939,59.34,1105,5154673,55.43
2021-06-24T00:00:00.000Z,11847,5529786,59.46,1303,5155976,55.44
2021-06-25T00:00:00.000Z,6918,5536704,59.54,768,5156744,55.45
2021-06-26T00:00:00.000Z,2187,5538891,59.56,112,5156856,55.45
2021-06-27T00:00:00.000Z,13528,5552419,59.71,3303,5160159,55.49
2021-06-28T00:00:00.000Z,14335,5566754,59.86,3474,5163633,55.53
2021-06-29T00:00:00.000Z,16506,5583260,60.04,3521,5167154,55.56
2021-06-30T00:00:00.000Z,16267,5599527,60.21,3191,5170345,55.6
2021-07-01T00:00:00.000Z,16676,5616203,60.39,3198,5173543,55.63
2021-07-02T00:00:00.000Z,9657,5625860,60.5,1403,5174946,55.65
2021-07-03T00:00:00.000Z,2589,5628449,60.53,238,5175184,55.65
2021-07-04T00:00:00.000Z,17624,5646073,60.72,3069,5178253,55.68
2021-07-05T00:00:00.000Z,17636,5663709,60.9,2868,5181121,55.72
2021-07-06T00:00:00.000Z,17696,5681405,61.09,3197,5184318,55.75
2021-07-07T00:00:00.000Z,15280,5696685,61.26,2500,5186818,55.78
2021-07-08T00:00:00.000Z,16384,5713069,61.44,2667,5189485,55.81
2021-07-09T00:00:00.000Z,10993,5724062,61.55,1306,5190791,55.82
2021-07-10T00:00:00.000Z,4881,5728943,61.61,303,5191094,55.82
2021-07-11T00:00:00.000Z,1387,5730330,61.62,2762,5193856,55.85
2021-07-12T00:00:00.000Z,2316,5732646,61.65,3498,5197354,55.89
2021-07-13T00:00:00.000Z,2843,5735489,61.68,5253,5202607,55.95
2021-07-14T00:00:00.000Z,2602,5738091,61.7,7323,5209930,56.03
2021-07-15T00:00:00.000Z,2856,5740947,61.74,9066,5218996,56.12
2021-07-16T00:00:00.000Z,1149,5742096,61.75,5721,5224717,56.18
2021-07-17T00:00:00.000Z,297,5742393,61.75,1297,5226014,56.2
2021-07-18T00:00:00.000Z,1977,5744370,61.77,9601,5235615,56.3
2021-07-19T00:00:00.000Z,2690,5747060,61.8,10433,5246048,56.41
2021-07-20T00:00:00.000Z,2283,5749343,61.83,10931,5256979,56.53
