Day_Date,vaccinated,vaccinated_cum,vaccinated_population_perc,vaccinated_seconde_dose,vaccinated_seconde_dose_cum,vaccinated_seconde_dose_population_perc,vaccinated_third_dose,vaccinated_third_dose_cum,vaccinated_third_dose_population_perc,vaccinated_fourth_dose,vaccinated_fourth_dose_cum,vaccinated_omicron_cum,vaccinated_omicron_population_perc,vaccinated_fourth_dose_population_perc,vaccinated_validity_perc,vaccinated_expired_perc,not_vaccinated_perc
2020-12-19T00:00:00.000Z,46,70,0,0,4,0,0,0,0,0,0,0,0,0,0,0,100
2020-12-20T00:00:00.000Z,7396,7466,0.08,0,4,0,0,0,0,0,0,0,0,0,0,0,100
2020-12-21T00:00:00.000Z,24923,32389,0.35,0,4,0,0,0,0,0,0,0,0,0,0,0,100
2020-12-22T00:00:00.000Z,44669,77058,0.83,0,4,0,0,0,0,0,0,0,0,0,0,0,100
2020-12-23T00:00:00.000Z,62918,139976,1.51,0,4,0,0,0,0,0,0,0,0,0,0,0,100
2020-12-24T00:00:00.000Z,73429,213405,2.29,0,4,0,0,0,0,0,0,0,0,0,0,0,100
2020-12-25T00:00:00.000Z,38517,251922,2.71,0,4,0,0,0,0,0,0,0,0,0,0,0,100
2020-12-26T00:00:00.000Z,32617,284539,3.06,0,4,0,0,0,0,0,0,0,0,0,0,0,100
2020-12-27T00:00:00.000Z,104571,389110,4.18,0,4,0,0,0,0,0,0,0,0,0,0,0,100
2020-12-28T00:00:00.000Z,135039,524149,5.64,0,4,0,0,0,0,0,0,0,0,0,0,0,100
2020-12-29T00:00:00.000Z,156334,680483,7.32,2,6,0,0,0,0,0,0,0,0,0,0,0,100
2020-12-30T00:00:00.000Z,153186,833669,8.96,0,6,0,0,0,0,0,0,0,0,0,0,0,100
2020-12-31T00:00:00.000Z,158593,992262,10.67,0,6,0,0,0,0,0,0,0,0,0,0,0,100
2021-01-01T00:00:00.000Z,71435,1063697,11.44,0,6,0,0,0,0,0,0,0,0,0,0,0,100
2021-01-02T00:00:00.000Z,71742,1135439,12.21,0,6,0,0,0,0,0,0,0,0,0,0,0,100
2021-01-03T00:00:00.000Z,149762,1285201,13.82,0,6,0,0,0,0,0,0,0,0,0,0,0,100
2021-01-04T00:00:00.000Z,152201,1437402,15.46,1,7,0,0,0,0,0,0,0,0,0,0,0,100
2021-01-05T00:00:00.000Z,125219,1562621,16.8,4,11,0,0,0,0,0,0,0,0,0,0,0,100
2021-01-06T00:00:00.000Z,103371,1665992,17.92,2,13,0,0,0,0,0,0,0,0,0,0,0,100
2021-01-07T00:00:00.000Z,116062,1782054,19.16,9,22,0,0,0,0,0,0,0,0,0,0,0,100
2021-01-08T00:00:00.000Z,66462,1848516,19.88,5,27,0,0,0,0,0,0,0,0,0,0,0,100
2021-01-09T00:00:00.000Z,44552,1893068,20.36,24,51,0,0,0,0,0,0,0,0,0,0,0,100
2021-01-10T00:00:00.000Z,37649,1930717,20.76,6001,6052,0.07,0,0,0,0,0,0,0,0,0,0,100
2021-01-11T00:00:00.000Z,21174,1951891,20.99,19264,25316,0.27,0,0,0,0,0,0,0,0,0,0,100
2021-01-12T00:00:00.000Z,24075,1975966,21.25,35675,60991,0.66,0,0,0,0,0,0,0,0,0,0,100
2021-01-13T00:00:00.000Z,52077,2028043,21.81,56874,117865,1.27,0,0,0,0,0,0,0,0,0,0,100
2021-01-14T00:00:00.000Z,56477,2084520,22.42,68838,186703,2.01,0,0,0,0,0,0,0,0,0,0,100
2021-01-15T00:00:00.000Z,30776,2115296,22.75,35942,222645,2.39,0,0,0,0,0,0,0,0,0,0,100
2021-01-16T00:00:00.000Z,29481,2144777,23.06,26006,248651,2.67,0,0,0,0,0,0,0,0,0,0,100
2021-01-17T00:00:00.000Z,68443,2213220,23.8,84596,333247,3.58,0,0,0,0,0,0,0,0,0.31,0,99.69
2021-01-18T00:00:00.000Z,69820,2283040,24.55,120437,453684,4.88,0,0,0,0,0,0,0,0,0.58,0,99.42
2021-01-19T00:00:00.000Z,72896,2355936,25.33,137847,591531,6.36,0,0,0,0,0,0,0,0,1.09,0,98.91
2021-01-20T00:00:00.000Z,76919,2432855,26.16,143764,735295,7.91,0,0,0,0,0,0,0,0,1.9,0,98.1
2021-01-21T00:00:00.000Z,70001,2502856,26.91,164473,899768,9.68,0,0,0,0,0,0,0,0,2.88,0,97.12
2021-01-22T00:00:00.000Z,37928,2540784,27.32,71132,970900,10.44,0,0,0,0,0,0,0,0,3.39,0,96.61
2021-01-23T00:00:00.000Z,39965,2580749,27.75,53595,1024495,11.02,0,0,0,0,0,0,0,0,3.77,0,96.23
2021-01-24T00:00:00.000Z,69147,2649896,28.5,140706,1165201,12.53,0,0,0,0,0,0,0,0,4.96,0,95.04
2021-01-25T00:00:00.000Z,80943,2730839,29.37,139519,1304720,14.03,0,0,0,0,0,0,0,0,6.61,0,93.39
2021-01-26T00:00:00.000Z,78731,2809570,30.21,126444,1431164,15.39,0,0,0,0,0,0,0,0,8.45,0,91.55
2021-01-27T00:00:00.000Z,77980,2887550,31.05,125069,1556233,16.73,0,0,0,0,0,0,0,0,10.34,0,89.66
2021-01-28T00:00:00.000Z,79570,2967120,31.91,130631,1686864,18.14,0,0,0,0,0,0,0,0,12.43,0,87.57
2021-01-29T00:00:00.000Z,36704,3003824,32.3,64793,1751657,18.84,0,0,0,0,0,0,0,0,13.34,0,86.66
2021-01-30T00:00:00.000Z,34395,3038219,32.67,42767,1794424,19.3,0,0,0,0,0,0,0,0,14.02,0,85.98
2021-01-31T00:00:00.000Z,73330,3111549,33.46,59503,1853927,19.94,0,0,0,0,0,0,0,0,15.76,0,84.24
2021-02-01T00:00:00.000Z,82510,3194059,34.35,35356,1889283,20.32,0,0,0,0,0,0,0,0,17.48,0,82.52
2021-02-02T00:00:00.000Z,70104,3264163,35.1,31072,1920355,20.65,0,0,0,0,0,0,0,0,19.01,0,80.99
2021-02-03T00:00:00.000Z,60308,3324471,35.75,51443,1971798,21.2,0,0,0,0,0,0,0,0,20.47,0,79.53
2021-02-04T00:00:00.000Z,72637,3397108,36.53,58096,2029894,21.83,0,0,0,0,0,0,0,0,22,0,78
2021-02-05T00:00:00.000Z,33943,3431051,36.9,28806,2058700,22.14,0,0,0,0,0,0,0,0,22.75,0,77.25
2021-02-06T00:00:00.000Z,21621,3452672,37.13,22233,2080933,22.38,0,0,0,0,0,0,0,0,23.23,0,76.77
2021-02-07T00:00:00.000Z,54081,3506753,37.71,68741,2149674,23.12,0,0,0,0,0,0,0,0,23.99,0,76.01
2021-02-08T00:00:00.000Z,58640,3565393,38.34,65468,2215142,23.82,0,0,0,0,0,0,0,0,24.52,0,75.48
2021-02-09T00:00:00.000Z,66354,3631747,39.05,67578,2282720,24.55,0,0,0,0,0,0,0,0,25.04,0,74.96
2021-02-10T00:00:00.000Z,70570,3702317,39.81,72313,2355033,25.32,0,0,0,0,0,0,0,0,25.77,0,74.23
2021-02-11T00:00:00.000Z,81175,3783492,40.69,72108,2427141,26.1,0,0,0,0,0,0,0,0,26.61,0,73.39
2021-02-12T00:00:00.000Z,39107,3822599,41.11,37597,2464738,26.5,0,0,0,0,0,0,0,0,27.02,0,72.98
2021-02-13T00:00:00.000Z,27463,3850062,41.4,30440,2495178,26.83,0,0,0,0,0,0,0,0,27.33,0,72.67
2021-02-14T00:00:00.000Z,74915,3924977,42.21,69085,2564263,27.57,0,0,0,0,0,0,0,0,28.25,0,71.75
2021-02-15T00:00:00.000Z,81545,4006522,43.08,75719,2639982,28.39,0,0,0,0,0,0,0,0,29.17,0,70.83
2021-02-16T00:00:00.000Z,83421,4089943,43.98,78299,2718281,29.23,0,0,0,0,0,0,0,0,30.11,0,69.89
2021-02-17T00:00:00.000Z,61984,4151927,44.65,75644,2793925,30.04,0,0,0,0,0,0,0,0,31.01,0,68.99
2021-02-18T00:00:00.000Z,69157,4221084,45.39,79739,2873664,30.9,0,0,0,0,0,0,0,0,31.94,0,68.06
2021-02-19T00:00:00.000Z,39676,4260760,45.82,38162,2911826,31.31,0,0,0,0,0,0,0,0,32.45,0,67.55
2021-02-20T00:00:00.000Z,31650,4292410,46.16,28724,2940550,31.62,0,0,0,0,0,0,0,0,32.85,0,67.15
2021-02-21T00:00:00.000Z,79434,4371844,47.01,78444,3018994,32.46,0,0,0,0,0,0,0,0,33.8,0,66.2
2021-02-22T00:00:00.000Z,85057,4456901,47.93,80595,3099589,33.33,0,0,0,0,0,0,0,0,34.83,0,65.17
2021-02-23T00:00:00.000Z,77329,4534230,48.76,70486,3170075,34.09,0,0,0,0,0,0,0,0,35.84,0,64.16
2021-02-24T00:00:00.000Z,61066,4595296,49.42,63144,3233219,34.77,0,0,0,0,0,0,0,0,36.76,0,63.24
2021-02-25T00:00:00.000Z,51728,4647024,49.97,64806,3298025,35.47,0,0,0,0,0,0,0,0,37.66,0,62.34
2021-02-26T00:00:00.000Z,25912,4672936,50.25,32043,3330068,35.81,0,0,0,0,0,0,0,0,38.1,0,61.9
2021-02-27T00:00:00.000Z,18352,4691288,50.45,21196,3351264,36.04,0,0,0,0,0,0,0,0,38.42,0,61.58
2021-02-28T00:00:00.000Z,40364,4731652,50.88,55873,3407137,36.64,0,0,0,0,0,0,0,0,39.24,0,60.76
2021-03-01T00:00:00.000Z,45752,4777404,51.37,61442,3468579,37.3,0,0,0,0,0,0,0,0,40.1,0,59.9
2021-03-02T00:00:00.000Z,41202,4818606,51.82,64798,3533377,38,0,0,0,0,0,0,0,0,40.85,0,59.15
2021-03-03T00:00:00.000Z,42035,4860641,52.27,66792,3600169,38.71,0,0,0,0,0,0,0,0,41.55,0,58.45
2021-03-04T00:00:00.000Z,39718,4900359,52.7,79125,3679294,39.57,0,0,0,0,0,0,0,0,42.24,0,57.76
2021-03-05T00:00:00.000Z,17370,4917729,52.88,40468,3719762,40,0,0,0,0,0,0,0,0,42.57,0,57.43
2021-03-06T00:00:00.000Z,10722,4928451,53,25347,3745109,40.27,0,0,0,0,0,0,0,0,42.78,0,57.22
2021-03-07T00:00:00.000Z,31156,4959607,53.33,72845,3817954,41.06,0,0,0,0,0,0,0,0,43.36,0,56.64
2021-03-08T00:00:00.000Z,27387,4986994,53.63,73294,3891248,41.84,0,0,0,0,0,0,0,0,43.97,0,56.03
2021-03-09T00:00:00.000Z,26757,5013751,53.92,76603,3967851,42.67,0,0,0,0,0,0,0,0,44.62,0,55.38
2021-03-10T00:00:00.000Z,23371,5037122,54.17,58685,4026536,43.3,0,0,0,0,0,0,0,0,45.27,0,54.73
2021-03-11T00:00:00.000Z,23305,5060427,54.42,69096,4095632,44.04,0,0,0,0,0,0,0,0,45.99,0,54.01
2021-03-12T00:00:00.000Z,11296,5071723,54.54,41416,4137048,44.49,0,0,0,0,0,0,0,0,46.34,0,53.66
2021-03-13T00:00:00.000Z,7952,5079675,54.62,25239,4162287,44.76,0,0,0,0,0,0,0,0,46.57,0,53.43
2021-03-14T00:00:00.000Z,20988,5100663,54.85,73936,4236223,45.55,0,0,0,0,0,0,0,0,47.2,0,52.8
2021-03-15T00:00:00.000Z,20150,5120813,55.07,78280,4314503,46.4,0,0,0,0,0,0,0,0,47.81,0,52.19
2021-03-16T00:00:00.000Z,18758,5139571,55.27,71480,4385983,47.16,0,0,0,0,0,0,0,0,48.43,0,51.57
2021-03-17T00:00:00.000Z,17704,5157275,55.46,59010,4444993,47.8,0,0,0,0,0,0,0,0,48.92,0,51.08
2021-03-18T00:00:00.000Z,16050,5173325,55.63,58125,4503118,48.42,0,0,0,0,0,0,0,0,49.45,0,50.55
2021-03-19T00:00:00.000Z,6956,5180281,55.71,27980,4531098,48.73,0,0,0,0,0,0,0,0,49.75,0,50.25
2021-03-20T00:00:00.000Z,5227,5185508,55.76,15301,4546399,48.89,0,0,0,0,0,0,0,0,49.93,0,50.07
2021-03-21T00:00:00.000Z,13172,5198680,55.9,40510,4586909,49.33,0,0,0,0,0,0,0,0,50.46,0,49.54
2021-03-22T00:00:00.000Z,13581,5212261,56.05,40542,4627451,49.76,0,0,0,0,0,0,0,0,51,0,49
2021-03-23T00:00:00.000Z,2844,5215105,56.08,7302,4634753,49.84,0,0,0,0,0,0,0,0,51.43,0,48.57
2021-03-24T00:00:00.000Z,11004,5226109,56.2,46560,4681313,50.34,0,0,0,0,0,0,0,0,51.84,0,48.16
2021-03-25T00:00:00.000Z,10272,5236381,56.31,35439,4716752,50.72,0,0,0,0,0,0,0,0,52.22,0,47.78
2021-03-26T00:00:00.000Z,4186,5240567,56.35,13334,4730086,50.87,0,0,0,0,0,0,0,0,52.4,0,47.6
2021-03-27T00:00:00.000Z,1786,5242353,56.37,4269,4734355,50.91,0,0,0,0,0,0,0,0,52.5,0,47.5
2021-03-28T00:00:00.000Z,2113,5244466,56.4,4611,4738966,50.96,0,0,0,0,0,0,0,0,52.74,0,47.26
2021-03-29T00:00:00.000Z,6916,5251382,56.47,30017,4768983,51.28,0,0,0,0,0,0,0,0,53,0,47
2021-03-30T00:00:00.000Z,7893,5259275,56.56,22454,4791437,51.52,0,0,0,0,0,0,0,0,53.08,0,46.92
2021-03-31T00:00:00.000Z,8153,5267428,56.64,19501,4810938,51.73,0,0,0,0,0,0,0,0,53.38,0,46.62
2021-04-01T00:00:00.000Z,8220,5275648,56.73,18701,4829639,51.94,0,0,0,0,0,0,0,0,53.62,0,46.38
2021-04-02T00:00:00.000Z,2942,5278590,56.76,8131,4837770,52.02,0,0,0,0,0,0,0,0,53.71,0,46.29
2021-04-03T00:00:00.000Z,1433,5280023,56.78,2983,4840753,52.06,0,0,0,0,0,0,0,0,53.74,0,46.26
2021-04-04T00:00:00.000Z,9618,5289641,56.88,22832,4863585,52.3,0,0,0,0,0,0,0,0,53.82,0,46.18
2021-04-05T00:00:00.000Z,10364,5300005,56.99,21276,4884861,52.53,0,0,0,0,0,0,0,0,54.04,0,45.96
2021-04-06T00:00:00.000Z,9031,5309036,57.09,16794,4901655,52.71,0,0,0,0,0,0,0,0,54.21,0,45.79
2021-04-07T00:00:00.000Z,8930,5317966,57.19,15311,4916966,52.87,0,0,0,0,0,0,0,0,54.36,0,45.64
2021-04-08T00:00:00.000Z,9429,5327395,57.29,17017,4933983,53.06,0,0,0,0,0,0,0,0,54.52,0,45.48
2021-04-09T00:00:00.000Z,3607,5331002,57.33,6259,4940242,53.12,0,0,0,0,0,0,0,0,54.58,0,45.42
2021-04-10T00:00:00.000Z,1635,5332637,57.34,3520,4943762,53.16,0,0,0,0,0,0,0,0,54.61,0,45.39
2021-04-11T00:00:00.000Z,9045,5341682,57.44,14248,4958010,53.32,0,0,0,0,0,0,0,0,54.78,0,45.22
2021-04-12T00:00:00.000Z,8935,5350617,57.54,13235,4971245,53.46,0,0,0,0,0,0,0,0,54.95,0,45.05
2021-04-13T00:00:00.000Z,5841,5356458,57.6,4960,4976205,53.51,0,0,0,0,0,0,0,0,55.08,0,44.92
2021-04-14T00:00:00.000Z,3651,5360109,57.64,5311,4981516,53.57,0,0,0,0,0,0,0,0,55.18,0,44.82
2021-04-15T00:00:00.000Z,697,5360806,57.65,582,4982098,53.57,0,0,0,0,0,0,0,0,55.27,0,44.73
2021-04-16T00:00:00.000Z,3418,5364224,57.68,6651,4988749,53.65,0,0,0,0,0,0,0,0,55.33,0,44.67
2021-04-17T00:00:00.000Z,822,5365046,57.69,1972,4990721,53.67,0,0,0,0,0,0,0,0,55.35,0,44.65
2021-04-18T00:00:00.000Z,7099,5372145,57.77,7433,4998154,53.75,0,0,0,0,0,0,0,0,55.47,0,44.53
2021-04-19T00:00:00.000Z,6407,5378552,57.84,7134,5005288,53.82,0,0,0,0,0,0,0,0,55.58,0,44.42
2021-04-20T00:00:00.000Z,6282,5384834,57.91,6887,5012175,53.9,0,0,0,0,0,0,0,0,55.65,0,44.35
2021-04-21T00:00:00.000Z,6381,5391215,57.97,7109,5019284,53.97,0,0,0,0,0,0,0,0,55.71,0,44.29
2021-04-22T00:00:00.000Z,5949,5397164,58.04,7690,5026974,54.06,0,0,0,0,0,0,0,0,55.75,0,44.25
2021-04-23T00:00:00.000Z,2767,5399931,58.07,3390,5030364,54.09,0,0,0,0,0,0,0,0,55.8,0,44.2
2021-04-24T00:00:00.000Z,767,5400698,58.08,1290,5031654,54.11,0,0,0,0,0,0,0,0,55.82,0,44.18
2021-04-25T00:00:00.000Z,4828,5405526,58.13,6925,5038579,54.18,0,0,0,0,0,0,0,0,55.89,0,44.11
2021-04-26T00:00:00.000Z,5479,5411005,58.19,7889,5046468,54.27,0,0,0,0,0,0,0,0,55.96,0,44.04
2021-04-27T00:00:00.000Z,4507,5415512,58.24,6625,5053093,54.34,0,0,0,0,0,0,0,0,56.03,0,43.97
2021-04-28T00:00:00.000Z,4501,5420013,58.28,7334,5060427,54.42,0,0,0,0,0,0,0,0,56.09,0,43.91
2021-04-29T00:00:00.000Z,4376,5424389,58.33,7294,5067721,54.5,0,0,0,0,0,0,0,0,56.16,0,43.84
2021-04-30T00:00:00.000Z,1923,5426312,58.35,3202,5070923,54.53,0,0,0,0,0,0,0,0,56.19,0,43.81
2021-05-01T00:00:00.000Z,458,5426770,58.36,895,5071818,54.54,0,0,0,0,0,0,0,0,56.2,0,43.8
2021-05-02T00:00:00.000Z,3225,5429995,58.39,6092,5077910,54.61,0,0,0,0,0,0,0,0,56.26,0,43.74
2021-05-03T00:00:00.000Z,3535,5433530,58.43,5833,5083743,54.67,0,0,0,0,0,0,0,0,56.32,0,43.68
2021-05-04T00:00:00.000Z,3593,5437123,58.47,4736,5088479,54.72,0,0,0,0,0,0,0,0,56.38,0,43.62
2021-05-05T00:00:00.000Z,3291,5440414,58.5,4093,5092572,54.76,0,0,0,0,0,0,0,0,56.44,0,43.56
2021-05-06T00:00:00.000Z,3643,5444057,58.54,3143,5095715,54.8,0,0,0,0,0,0,0,0,56.5,0,43.5
2021-05-07T00:00:00.000Z,1845,5445902,58.56,2508,5098223,54.82,0,0,0,0,0,0,0,0,56.52,0,43.48
2021-05-08T00:00:00.000Z,242,5446144,58.57,507,5098730,54.83,0,0,0,0,0,0,0,0,56.53,0,43.47
2021-05-09T00:00:00.000Z,2851,5448995,58.6,4751,5103481,54.88,0,0,0,0,0,0,0,0,56.58,0,43.42
2021-05-10T00:00:00.000Z,2897,5451892,58.63,4713,5108194,54.93,0,0,0,0,0,0,0,0,56.63,0,43.37
2021-05-11T00:00:00.000Z,2622,5454514,58.66,3880,5112074,54.97,0,0,0,0,0,0,0,0,56.67,0,43.33
2021-05-12T00:00:00.000Z,2031,5456545,58.68,3340,5115414,55.01,0,0,0,0,0,0,0,0,56.7,0,43.3
2021-05-13T00:00:00.000Z,2041,5458586,58.7,3684,5119098,55.05,0,0,0,0,0,0,0,0,56.73,0,43.27
2021-05-14T00:00:00.000Z,978,5459564,58.71,1494,5120592,55.06,0,0,0,0,0,0,0,0,56.75,0,43.25
2021-05-15T00:00:00.000Z,257,5459821,58.71,259,5120851,55.07,0,0,0,0,0,0,0,0,56.75,0,43.25
2021-05-16T00:00:00.000Z,529,5460350,58.72,1206,5122057,55.08,0,0,0,0,0,0,0,0,56.78,0,43.22
2021-05-17T00:00:00.000Z,301,5460651,58.72,848,5122905,55.09,0,0,0,0,0,0,0,0,56.81,0,43.19
2021-05-18T00:00:00.000Z,1961,5462612,58.74,4937,5127842,55.14,0,0,0,0,0,0,0,0,56.84,0,43.16
2021-05-19T00:00:00.000Z,2232,5464844,58.77,5042,5132884,55.2,0,0,0,0,0,0,0,0,56.87,0,43.13
2021-05-20T00:00:00.000Z,2312,5467156,58.79,3880,5136764,55.24,0,0,0,0,0,0,0,0,56.9,0,43.1
2021-05-21T00:00:00.000Z,1194,5468350,58.8,1414,5138178,55.25,0,0,0,0,0,0,0,0,56.92,0,43.08
2021-05-22T00:00:00.000Z,206,5468556,58.81,396,5138574,55.26,0,0,0,0,0,0,0,0,56.92,0,43.08
2021-05-23T00:00:00.000Z,2272,5470828,58.83,3216,5141790,55.29,0,0,0,0,0,0,0,0,56.94,0,43.06
2021-05-24T00:00:00.000Z,2139,5472967,58.85,3596,5145386,55.33,0,0,0,0,0,0,0,0,56.96,0,43.04
2021-05-25T00:00:00.000Z,1822,5474789,58.87,2588,5147974,55.36,0,0,0,0,0,0,0,0,56.99,0,43.01
2021-05-26T00:00:00.000Z,1410,5476199,58.89,2504,5150478,55.39,0,0,0,0,0,0,0,0,57.03,0,42.97
2021-05-27T00:00:00.000Z,1865,5478064,58.91,3188,5153666,55.42,0,0,0,0,0,0,0,0,57.06,0,42.94
2021-05-28T00:00:00.000Z,791,5478855,58.92,1406,5155072,55.44,0,0,0,0,0,0,0,0,57.07,0,42.93
2021-05-29T00:00:00.000Z,191,5479046,58.92,225,5155297,55.44,0,0,0,0,0,0,0,0,57.07,0,42.93
2021-05-30T00:00:00.000Z,1644,5480690,58.94,1937,5157234,55.46,0,0,0,0,0,0,0,0,57.1,0,42.9
2021-05-31T00:00:00.000Z,1739,5482429,58.96,2093,5159327,55.48,0,0,0,0,0,0,0,0,57.13,0,42.87
2021-06-01T00:00:00.000Z,1385,5483814,58.97,1823,5161150,55.5,0,0,0,0,0,0,0,0,57.47,0,42.53
2021-06-02T00:00:00.000Z,1514,5485328,58.99,1608,5162758,55.52,0,0,0,0,0,0,0,0,57.25,0,42.75
2021-06-03T00:00:00.000Z,1685,5487013,59,1493,5164251,55.53,0,0,0,0,0,0,0,0,57.27,0,42.73
2021-06-04T00:00:00.000Z,1101,5488114,59.02,784,5165035,55.54,0,0,0,0,0,0,0,0,57.28,0,42.72
2021-06-05T00:00:00.000Z,184,5488298,59.02,159,5165194,55.54,0,0,0,0,0,0,0,0,57.29,0,42.71
2021-06-06T00:00:00.000Z,4293,5492591,59.06,1002,5166196,55.55,0,0,0,0,0,0,0,0,57.31,0,42.69
2021-06-07T00:00:00.000Z,4438,5497029,59.11,813,5167009,55.56,0,0,0,0,0,0,0,0,57.34,0,42.66
2021-06-08T00:00:00.000Z,3739,5500768,59.15,1174,5168183,55.58,0,0,0,0,0,0,0,0,57.36,0,42.64
2021-06-09T00:00:00.000Z,3615,5504383,59.19,1329,5169512,55.59,0,0,0,0,0,0,0,0,57.4,0,42.6
2021-06-10T00:00:00.000Z,3361,5507744,59.23,1300,5170812,55.6,0,0,0,0,0,0,0,0,57.42,0,42.58
2021-06-11T00:00:00.000Z,1401,5509145,59.24,590,5171402,55.61,0,0,0,0,0,0,0,0,57.43,0,42.57
2021-06-12T00:00:00.000Z,220,5509365,59.25,173,5171575,55.61,0,0,0,0,0,0,0,0,57.43,0,42.57
2021-06-13T00:00:00.000Z,3101,5512466,59.28,1260,5172835,55.63,0,0,0,0,0,0,0,0,57.45,0,42.55
2021-06-14T00:00:00.000Z,3057,5515523,59.31,1531,5174366,55.64,0,0,0,0,0,0,0,0,57.46,0,42.54
2021-06-15T00:00:00.000Z,3137,5518660,59.34,1375,5175741,55.66,0,0,0,0,0,0,0,0,57.48,0,42.52
2021-06-16T00:00:00.000Z,2732,5521392,59.37,1001,5176742,55.67,0,0,0,0,0,0,0,0,57.49,0,42.51
2021-06-17T00:00:00.000Z,2733,5524125,59.4,1209,5177951,55.68,0,0,0,0,0,0,0,0,57.51,0,42.49
2021-06-18T00:00:00.000Z,1269,5525394,59.42,506,5178457,55.69,0,0,0,0,0,0,0,0,57.52,0,42.48
2021-06-19T00:00:00.000Z,242,5525636,59.42,139,5178596,55.69,0,0,0,0,0,0,0,0,57.52,0,42.48
2021-06-20T00:00:00.000Z,3316,5528952,59.46,1330,5179926,55.7,0,0,0,0,0,0,0,0,57.54,0,42.46
2021-06-21T00:00:00.000Z,5248,5534200,59.51,1218,5181144,55.72,0,0,0,0,0,0,0,0,57.56,0,42.44
2021-06-22T00:00:00.000Z,6935,5541135,59.59,1100,5182244,55.73,0,0,0,0,0,0,0,0,57.58,0,42.42
2021-06-23T00:00:00.000Z,10756,5551891,59.7,1304,5183548,55.74,0,0,0,0,0,0,0,0,57.6,0,42.4
2021-06-24T00:00:00.000Z,12049,5563940,59.83,1466,5185014,55.76,0,0,0,0,0,0,0,0,57.62,0,42.38
2021-06-25T00:00:00.000Z,7116,5571056,59.91,944,5185958,55.77,0,0,0,0,0,0,0,0,57.62,0,42.38
2021-06-26T00:00:00.000Z,2274,5573330,59.93,200,5186158,55.77,0,0,0,0,0,0,0,0,57.63,0,42.37
2021-06-27T00:00:00.000Z,13631,5586961,60.08,3436,5189594,55.81,0,0,0,0,0,0,0,0,57.65,0,42.35
2021-06-28T00:00:00.000Z,14518,5601479,60.24,3675,5193269,55.85,0,0,0,0,0,0,0,0,57.68,0,42.32
2021-06-29T00:00:00.000Z,16710,5618189,60.42,3744,5197013,55.89,0,0,0,0,0,0,0,0,57.69,0,42.31
2021-06-30T00:00:00.000Z,16485,5634674,60.59,3396,5200409,55.92,0,0,0,0,0,0,0,0,57.72,0,42.28
2021-07-01T00:00:00.000Z,16837,5651511,60.77,3379,5203788,55.96,121,121,0,0,0,0,0,0,57.78,0,42.22
2021-07-02T00:00:00.000Z,9836,5661347,60.88,1607,5205395,55.98,7,128,0,0,0,0,0,0,57.79,0,42.21
2021-07-03T00:00:00.000Z,2677,5664024,60.91,298,5205693,55.98,2,130,0,0,0,0,0,0,57.79,0,42.21
2021-07-04T00:00:00.000Z,17735,5681759,61.1,3161,5208854,56.01,2,132,0,0,0,0,0,0,57.85,0,42.15
2021-07-05T00:00:00.000Z,17850,5699609,61.29,3046,5211900,56.05,7,139,0,0,0,0,0,0,57.91,0,42.09
2021-07-06T00:00:00.000Z,17847,5717456,61.48,3409,5215309,56.08,11,150,0,0,0,0,0,0,57.99,0,42.01
2021-07-07T00:00:00.000Z,15528,5732984,61.65,2703,5218012,56.11,12,162,0,0,0,0,0,0,58.05,0,41.95
2021-07-08T00:00:00.000Z,16587,5749571,61.83,2881,5220893,56.14,17,179,0,0,0,0,0,0,58.12,0,41.88
2021-07-09T00:00:00.000Z,11125,5760696,61.95,1535,5222428,56.16,4,183,0,0,0,0,0,0,58.15,0,41.85
2021-07-10T00:00:00.000Z,4988,5765684,62,391,5222819,56.16,6,189,0,0,0,0,0,0,58.15,0,41.85
2021-07-11T00:00:00.000Z,1456,5767140,62.02,2848,5225667,56.19,8,197,0,0,0,0,0,0,58.22,0,41.78
2021-07-12T00:00:00.000Z,2426,5769566,62.04,3693,5229360,56.23,56,253,0,0,0,0,0,0,58.29,0,41.71
2021-07-13T00:00:00.000Z,2965,5772531,62.08,5460,5234820,56.29,124,377,0,0,0,0,0,0,58.36,0,41.64
2021-07-14T00:00:00.000Z,2747,5775278,62.1,7533,5242353,56.37,441,818,0.01,0,0,0,0,0,58.42,0,41.58
2021-07-15T00:00:00.000Z,3007,5778285,62.14,9301,5251654,56.47,374,1192,0.01,0,0,0,0,0,58.5,0,41.5
2021-07-16T00:00:00.000Z,1296,5779581,62.15,5898,5257552,56.54,66,1258,0.01,0,0,0,0,0,58.54,0,41.46
2021-07-17T00:00:00.000Z,371,5779952,62.15,1391,5258943,56.55,8,1266,0.01,0,0,0,0,0,58.55,0,41.44
2021-07-18T00:00:00.000Z,2073,5782025,62.18,9768,5268711,56.66,235,1501,0.02,0,0,0,0,0,58.6,0,41.4
2021-07-19T00:00:00.000Z,3211,5785236,62.21,11345,5280056,56.78,461,1962,0.02,0,0,0,0,0,58.65,0,41.35
2021-07-20T00:00:00.000Z,2687,5787923,62.24,11912,5291968,56.91,373,2335,0.03,0,0,0,0,0,58.72,0,41.28
2021-07-21T00:00:00.000Z,2408,5790331,62.27,11880,5303848,57.04,325,2660,0.03,0,0,0,0,0,58.81,0,41.19
2021-07-22T00:00:00.000Z,2876,5793207,62.3,13278,5317126,57.18,391,3051,0.03,0,0,0,0,0,58.93,0,41.07
2021-07-23T00:00:00.000Z,2036,5795243,62.32,8250,5325376,57.27,106,3157,0.03,0,0,0,0,0,58.99,0,41.01
2021-07-24T00:00:00.000Z,643,5795886,62.33,1485,5326861,57.28,7,3164,0.03,0,0,0,0,0,58.99,0,41
2021-07-25T00:00:00.000Z,4416,5800302,62.37,15499,5342360,57.45,223,3387,0.04,0,0,0,0,0,59.1,0,40.89
2021-07-26T00:00:00.000Z,5172,5805474,62.43,13533,5355893,57.59,325,3712,0.04,0,0,0,0,0,59.24,0,40.75
2021-07-27T00:00:00.000Z,5492,5810966,62.49,13578,5369471,57.74,414,4126,0.04,0,0,0,0,0,59.37,0.01,40.62
2021-07-28T00:00:00.000Z,3990,5814956,62.53,12344,5381815,57.87,472,4598,0.05,0,0,0,0,0,59.5,0.01,40.49
2021-07-29T00:00:00.000Z,4664,5819620,62.58,14199,5396014,58.03,532,5130,0.06,0,0,0,0,0,59.65,0.01,40.33
2021-07-30T00:00:00.000Z,2655,5822275,62.61,10855,5406869,58.14,4122,9252,0.1,0,0,0,0,0,59.74,0.02,40.25
2021-07-31T00:00:00.000Z,1407,5823682,62.63,3553,5410422,58.18,6159,15411,0.17,0,0,0,0,0,59.75,0.02,40.23
2021-08-01T00:00:00.000Z,3077,5826759,62.66,3366,5413788,58.22,31047,46458,0.5,0,0,0,0,0,59.91,0.02,40.06
2021-08-02T00:00:00.000Z,3134,5829893,62.69,3174,5416962,58.25,58514,104972,1.13,0,0,0,0,0,60.06,0.03,39.91
2021-08-03T00:00:00.000Z,3386,5833279,62.73,3328,5420290,58.29,78953,183925,1.98,0,0,0,0,0,60.21,0.03,39.76
2021-08-04T00:00:00.000Z,3532,5836811,62.77,3255,5423545,58.32,80764,264689,2.85,0,0,0,0,0,60.34,0.03,39.63
2021-08-05T00:00:00.000Z,4513,5841324,62.81,3569,5427114,58.36,88442,353131,3.8,0,0,0,0,0,60.49,0.04,39.47
2021-08-06T00:00:00.000Z,2436,5843760,62.84,1861,5428975,58.38,44744,397875,4.28,0,0,0,0,0,60.6,0.04,39.36
2021-08-07T00:00:00.000Z,1033,5844793,62.85,700,5429675,58.39,27353,425228,4.57,0,0,0,0,0,60.63,0.04,39.32
2021-08-08T00:00:00.000Z,4990,5849783,62.91,3082,5432757,58.42,80087,505315,5.43,0,0,0,0,0,60.68,0.04,39.28
2021-08-09T00:00:00.000Z,5340,5855123,62.96,3061,5435818,58.45,76489,581804,6.26,0,0,0,0,0,60.72,0.04,39.24
2021-08-10T00:00:00.000Z,5552,5860675,63.02,3203,5439021,58.49,75427,657231,7.07,0,0,0,0,0,60.75,0.04,39.2
2021-08-11T00:00:00.000Z,5695,5866370,63.08,2947,5441968,58.52,62641,719872,7.74,0,0,0,0,0,60.79,0.04,39.17
2021-08-12T00:00:00.000Z,7039,5873409,63.16,3289,5445257,58.56,59462,779334,8.38,0,0,0,0,0,60.83,0.04,39.12
2021-08-13T00:00:00.000Z,3821,5877230,63.2,2074,5447331,58.58,43870,823204,8.85,0,0,0,0,0,60.84,0.05,39.11
2021-08-14T00:00:00.000Z,2252,5879482,63.22,850,5448181,58.59,44486,867690,9.33,0,0,0,0,0,60.85,0.05,39.1
2021-08-15T00:00:00.000Z,7144,5886626,63.3,4530,5452711,58.64,97984,965674,10.38,0,0,0,0,0,60.89,0.05,39.06
2021-08-16T00:00:00.000Z,6991,5893617,63.38,4747,5457458,58.69,89521,1055195,11.35,0,0,0,0,0,60.92,0.04,39.03
2021-08-17T00:00:00.000Z,7572,5901189,63.46,5137,5462595,58.74,83320,1138515,12.24,0,0,0,0,0,60.96,0.04,39
2021-08-18T00:00:00.000Z,8643,5909832,63.55,4603,5467198,58.79,69267,1207782,12.99,0,0,0,0,0,60.99,0.04,38.96
2021-08-19T00:00:00.000Z,10080,5919912,63.66,5217,5472415,58.85,65975,1273757,13.7,0,0,0,0,0,61.03,0.04,38.92
2021-08-20T00:00:00.000Z,4768,5924680,63.71,2826,5475241,58.88,60453,1334210,14.35,0,0,0,0,0,61.05,0.05,38.9
2021-08-21T00:00:00.000Z,3498,5928178,63.75,1580,5476821,58.89,50725,1384935,14.89,0,0,0,0,0,61.06,0.05,38.89
2021-08-22T00:00:00.000Z,9823,5938001,63.85,4807,5481628,58.95,105109,1490044,16.02,0,0,0,0,0,61.12,0.04,38.84
2021-08-23T00:00:00.000Z,10924,5948925,63.97,4448,5486076,58.99,94032,1584076,17.03,0,0,0,0,0,61.17,0.04,38.79
2021-08-24T00:00:00.000Z,11721,5960646,64.1,4703,5490779,59.05,98551,1682627,18.09,0,0,0,0,0,61.23,0.04,38.73
2021-08-25T00:00:00.000Z,9613,5970259,64.2,4485,5495264,59.09,99553,1782180,19.16,0,0,0,0,0,61.29,0.04,38.67
2021-08-26T00:00:00.000Z,10109,5980368,64.31,5058,5500322,59.15,101229,1883409,20.25,0,0,0,0,0,61.36,0.03,38.61
2021-08-27T00:00:00.000Z,4325,5984693,64.36,2788,5503110,59.18,56695,1940104,20.86,0,0,0,0,0,61.35,0.04,38.61
2021-08-28T00:00:00.000Z,3702,5988395,64.4,1499,5504609,59.19,33539,1973643,21.22,0,0,0,0,0,61.4,0.04,38.57
2021-08-29T00:00:00.000Z,10321,5998716,64.51,5931,5510540,59.26,79550,2053193,22.08,0,0,0,0,0,61.46,0.03,38.5
2021-08-30T00:00:00.000Z,12335,6011051,64.64,7015,5517555,59.33,116007,2169200,23.33,0,0,0,0,0,61.53,0.03,38.44
2021-08-31T00:00:00.000Z,12076,6023127,64.77,6528,5524083,59.4,114875,2284075,24.56,0,0,0,0,0,61.6,0.03,38.37
2021-09-01T00:00:00.000Z,9033,6032160,64.87,6042,5530125,59.47,112491,2396566,25.77,0,0,0,0,0,61.43,0.03,38.54
2021-09-02T00:00:00.000Z,8785,6040945,64.96,7182,5537307,59.55,111543,2508109,26.97,0,0,0,0,0,61.49,0.03,38.48
2021-09-03T00:00:00.000Z,3750,6044695,65,4116,5541423,59.59,58885,2566994,27.6,0,0,0,0,0,61.56,0.03,38.42
2021-09-04T00:00:00.000Z,2691,6047386,65.03,2021,5543444,59.61,29951,2596945,27.93,0,0,0,0,0,61.59,0.03,38.38
2021-09-05T00:00:00.000Z,6991,6054377,65.11,6460,5549904,59.68,73326,2670271,28.71,0,0,0,0,0,61.68,0.03,38.29
2021-09-06T00:00:00.000Z,2836,6057213,65.14,2715,5552619,59.71,22798,2693069,28.96,0,0,0,0,0,61.77,0.03,38.2
2021-09-07T00:00:00.000Z,1200,6058413,65.15,879,5553498,59.72,5398,2698467,29.02,0,0,0,0,0,61.85,0.03,38.12
2021-09-08T00:00:00.000Z,1380,6059793,65.16,1196,5554694,59.73,6621,2705088,29.09,0,0,0,0,0,61.93,0.03,38.05
2021-09-09T00:00:00.000Z,7091,6066884,65.24,12572,5567266,59.87,73845,2778933,29.88,0,0,0,0,0,62.02,0.03,37.95
2021-09-10T00:00:00.000Z,3258,6070142,65.28,5016,5572282,59.92,37936,2816869,30.29,0,0,0,0,0,62.06,0.03,37.91
2021-09-11T00:00:00.000Z,2109,6072251,65.3,2506,5574788,59.95,14816,2831685,30.45,0,0,0,0,0,62.08,0.03,37.89
2021-09-12T00:00:00.000Z,6106,6078357,65.36,8588,5583376,60.04,54136,2885821,31.03,0,0,0,0,0,62.16,0.03,37.81
2021-09-13T00:00:00.000Z,5612,6083969,65.42,8262,5591638,60.13,47982,2933803,31.55,0,0,0,0,0,62.15,0.03,37.82
2021-09-14T00:00:00.000Z,4961,6088930,65.48,7423,5599061,60.21,48854,2982657,32.07,0,0,0,0,0,62.2,0.03,37.77
2021-09-15T00:00:00.000Z,1750,6090680,65.5,2717,5601778,60.24,16686,2999343,32.25,0,0,0,0,0,62.25,0.03,37.72
2021-09-16T00:00:00.000Z,343,6091023,65.5,549,5602327,60.24,1740,3001083,32.27,0,0,0,0,0,62.37,0.03,37.6
2021-09-17T00:00:00.000Z,3682,6094705,65.54,7021,5609348,60.32,42905,3043988,32.73,0,0,0,0,0,62.42,0.03,37.54
2021-09-18T00:00:00.000Z,2258,6096963,65.56,2945,5612293,60.35,12783,3056771,32.87,0,0,0,0,0,62.45,0.03,37.52
2021-09-19T00:00:00.000Z,5942,6102905,65.63,10710,5623003,60.47,44332,3101103,33.35,0,0,0,0,0,62.55,0.03,37.42
2021-09-20T00:00:00.000Z,3246,6106151,65.66,4646,5627649,60.52,16708,3117811,33.53,0,0,0,0,0,62.63,0.03,37.34
2021-09-21T00:00:00.000Z,1340,6107491,65.68,2062,5629711,60.54,3476,3121287,33.56,0,0,0,0,0,62.69,0.03,37.28
2021-09-22T00:00:00.000Z,4258,6111749,65.72,7250,5636961,60.62,25072,3146359,33.83,0,0,0,0,0,62.72,0.03,37.25
2021-09-23T00:00:00.000Z,4390,6116139,65.77,5914,5642875,60.68,27834,3174193,34.13,0,0,0,0,0,62.75,0.03,37.22
2021-09-24T00:00:00.000Z,3202,6119341,65.8,4185,5647060,60.73,27723,3201916,34.43,0,0,0,0,0,62.82,0.03,37.15
2021-09-25T00:00:00.000Z,2079,6121420,65.83,2262,5649322,60.75,10443,3212359,34.54,0,0,0,0,0,62.85,0.03,37.12
2021-09-26T00:00:00.000Z,5604,6127024,65.89,5973,5655295,60.81,36270,3248629,34.93,0,0,0,0,0,62.96,0.03,37
2021-09-27T00:00:00.000Z,4695,6131719,65.94,4469,5659764,60.86,30455,3279084,35.26,0,0,0,0,0,63.02,0.03,36.94
2021-09-28T00:00:00.000Z,1472,6133191,65.95,1183,5660947,60.88,6249,3285333,35.33,0,0,0,0,0,63.06,0.04,36.91
2021-09-29T00:00:00.000Z,9620,6142811,66.06,8348,5669295,60.96,60324,3345657,35.98,0,0,0,0,0,63.13,0.03,36.84
2021-09-30T00:00:00.000Z,10973,6153784,66.17,8576,5677871,61.06,79701,3425358,36.83,0,0,0,0,0,63.18,0.03,36.79
2021-10-01T00:00:00.000Z,5126,6158910,66.23,3875,5681746,61.1,46545,3471903,37.34,0,0,0,0,0,63.23,0.03,36.73
2021-10-02T00:00:00.000Z,2865,6161775,66.26,2127,5683873,61.12,22432,3494335,37.58,0,0,0,0,0,63.26,0.03,36.71
2021-10-03T00:00:00.000Z,11667,6173442,66.39,7275,5691148,61.2,70726,3565061,38.34,0,0,0,0,0,63.35,0.03,36.62
2021-10-04T00:00:00.000Z,10320,6183762,66.5,6759,5697907,61.27,51910,3616971,38.9,0,0,0,0,0,63.4,0.03,36.57
2021-10-05T00:00:00.000Z,8461,6192223,66.59,5314,5703221,61.33,40479,3657450,39.33,0,0,0,0,0,63.41,0.03,36.55
2021-10-06T00:00:00.000Z,7543,6199766,66.67,4183,5707404,61.37,34148,3691598,39.7,0,0,0,0,0,63.52,0.03,36.45
2021-10-07T00:00:00.000Z,6891,6206657,66.74,4009,5711413,61.42,34068,3725666,40.06,0,0,0,0,0,63.63,0.03,36.34
2021-10-08T00:00:00.000Z,3086,6209743,66.78,2643,5714056,61.45,19250,3744916,40.27,0,0,0,0,0,63.68,0.03,36.29
2021-10-09T00:00:00.000Z,1340,6211083,66.79,1443,5715499,61.46,7441,3752357,40.35,0,0,0,0,0,63.71,0.03,36.26
2021-10-10T00:00:00.000Z,4676,6215759,66.84,3747,5719246,61.5,21519,3773876,40.58,0,0,0,0,0,63.82,0.04,36.14
2021-10-11T00:00:00.000Z,4299,6220058,66.89,2944,5722190,61.53,17268,3791144,40.77,0,0,0,0,0,63.91,0.04,36.05
2021-10-12T00:00:00.000Z,3974,6224032,66.93,3005,5725195,61.57,15356,3806500,40.93,0,0,0,0,0,63.99,0.05,35.96
2021-10-13T00:00:00.000Z,3487,6227519,66.97,2451,5727646,61.59,13587,3820087,41.08,0,0,0,0,0,64.09,0.05,35.86
2021-10-14T00:00:00.000Z,3869,6231388,67.01,2685,5730331,61.62,16567,3836654,41.26,0,0,0,0,0,64.19,0.06,35.75
2021-10-15T00:00:00.000Z,1703,6233091,67.03,1683,5732014,61.64,9011,3845665,41.35,0,0,0,0,0,64.23,0.07,35.7
2021-10-16T00:00:00.000Z,727,6233818,67.04,956,5732970,61.65,4035,3849700,41.4,0,0,0,0,0,64.25,0.08,35.67
2021-10-17T00:00:00.000Z,3090,6236908,67.07,2525,5735495,61.68,12798,3862498,41.54,0,0,0,0,0,64.36,0.09,35.56
2021-10-18T00:00:00.000Z,2460,6239368,67.1,1690,5737185,61.69,10069,3872567,41.64,0,0,0,0,0,64.43,0.1,35.47
2021-10-19T00:00:00.000Z,2397,6241765,67.12,1284,5738469,61.71,9294,3881861,41.74,0,0,0,0,0,64.49,0.1,35.4
2021-10-20T00:00:00.000Z,2435,6244200,67.15,2305,5740774,61.73,10102,3891963,41.85,0,0,0,0,0,64.14,0.52,35.34
2021-10-21T00:00:00.000Z,3034,6247234,67.18,3096,5743870,61.77,12163,3904126,41.98,0,0,0,0,0,54.23,10.41,35.36
2021-10-22T00:00:00.000Z,1279,6248513,67.19,1436,5745306,61.78,5838,3909964,42.05,0,0,0,0,0,54.36,10.26,35.38
2021-10-23T00:00:00.000Z,574,6249087,67.2,1266,5746572,61.8,2564,3912528,42.07,0,0,0,0,0,54.42,10.19,35.39
2021-10-24T00:00:00.000Z,2516,6251603,67.23,2653,5749225,61.82,9855,3922383,42.18,0,0,0,0,0,54.22,10.43,35.35
2021-10-25T00:00:00.000Z,2636,6254239,67.25,2751,5751976,61.85,8510,3930893,42.27,0,0,0,0,0,54.59,10.22,35.19
2021-10-26T00:00:00.000Z,2380,6256619,67.28,2058,5754034,61.88,8525,3939418,42.36,0,0,0,0,0,54.64,10.26,35.1
2021-10-27T00:00:00.000Z,2289,6258908,67.31,2566,5756600,61.9,7955,3947373,42.45,0,0,0,0,0,54.58,10.37,35.06
2021-10-28T00:00:00.000Z,2503,6261411,67.33,2780,5759380,61.93,8673,3956046,42.54,0,0,0,0,0,54.69,10.76,34.55
2021-10-29T00:00:00.000Z,900,6262311,67.34,1153,5760533,61.95,4138,3960184,42.59,0,0,0,0,0,54.73,10.75,34.52
2021-10-30T00:00:00.000Z,366,6262677,67.35,530,5761063,61.95,1712,3961896,42.6,0,0,0,0,0,54.68,10.81,34.52
2021-10-31T00:00:00.000Z,2260,6264937,67.37,2495,5763558,61.98,8255,3970151,42.69,0,0,0,0,0,54.83,10.7,34.47
2021-11-01T00:00:00.000Z,1737,6266674,67.39,2093,5765651,62,6479,3976630,42.76,0,0,0,0,0,54.95,10.63,34.42
2021-11-02T00:00:00.000Z,2026,6268700,67.41,2045,5767696,62.02,6296,3982926,42.83,0,0,0,0,0,54.89,10.69,34.42
2021-11-03T00:00:00.000Z,1763,6270463,67.43,1897,5769593,62.04,5556,3988482,42.89,0,0,0,0,0,54.86,10.75,34.39
2021-11-04T00:00:00.000Z,2110,6272573,67.45,2802,5772395,62.07,7129,3995611,42.97,0,0,0,0,0,54.85,10.81,34.33
2021-11-05T00:00:00.000Z,789,6273362,67.46,904,5773299,62.08,3487,3999098,43,0,0,0,0,0,54.85,10.83,34.32
2021-11-06T00:00:00.000Z,347,6273709,67.46,388,5773687,62.09,1373,4000471,43.02,0,0,0,0,0,54.82,10.86,34.32
2021-11-07T00:00:00.000Z,1578,6275287,67.48,1769,5775456,62.11,6134,4006605,43.09,0,0,0,0,0,54.92,10.8,34.28
2021-11-08T00:00:00.000Z,1519,6276806,67.5,1602,5777058,62.12,5405,4012010,43.14,0,0,0,0,0,55.01,10.75,34.24
2021-11-09T00:00:00.000Z,1428,6278234,67.51,1611,5778669,62.14,5331,4017341,43.2,0,0,0,0,0,55.05,10.74,34.21
2021-11-10T00:00:00.000Z,1424,6279658,67.53,1661,5780330,62.16,4778,4022119,43.25,0,0,0,0,0,55.08,10.73,34.19
2021-11-11T00:00:00.000Z,1627,6281285,67.55,1947,5782277,62.18,5717,4027836,43.31,0,0,0,0,0,55.15,10.69,34.15
2021-11-12T00:00:00.000Z,635,6281920,67.55,826,5783103,62.19,2923,4030759,43.34,0,0,0,0,0,55.17,10.69,34.14
2021-11-13T00:00:00.000Z,257,6282177,67.56,290,5783393,62.19,1130,4031889,43.36,0,0,0,0,0,55.14,10.72,34.14
2021-11-14T00:00:00.000Z,1536,6283713,67.57,1638,5785031,62.21,5110,4036999,43.41,0,0,0,0,0,55.21,10.68,34.11
2021-11-15T00:00:00.000Z,1275,6284988,67.59,1623,5786654,62.23,4770,4041769,43.46,0,0,0,0,0,55.28,10.63,34.09
2021-11-16T00:00:00.000Z,1275,6286263,67.6,1416,5788070,62.24,4348,4046117,43.51,0,0,0,0,0,55.32,10.62,34.07
2021-11-17T00:00:00.000Z,1208,6287471,67.61,1565,5789635,62.26,3915,4050032,43.55,0,0,0,0,0,55.35,10.6,34.05
2021-11-18T00:00:00.000Z,1362,6288833,67.63,1692,5791327,62.28,5010,4055042,43.61,0,0,0,0,0,55.41,10.58,34.02
2021-11-19T00:00:00.000Z,588,6289421,67.63,763,5792090,62.29,2460,4057502,43.63,0,0,0,0,0,55.42,10.57,34.01
2021-11-20T00:00:00.000Z,238,6289659,67.64,257,5792347,62.29,929,4058431,43.64,0,0,0,0,0,55.41,10.58,34
2021-11-21T00:00:00.000Z,1409,6291068,67.65,1541,5793888,62.3,4880,4063311,43.69,0,0,0,0,0,55.47,10.54,33.98
2021-11-22T00:00:00.000Z,1680,6292748,67.67,1522,5795410,62.32,4239,4067550,43.74,0,0,0,0,0,55.54,10.5,33.96
2021-11-23T00:00:00.000Z,8622,6301370,67.76,1688,5797098,62.34,4009,4071559,43.78,0,0,0,0,0,55.57,10.48,33.95
2021-11-24T00:00:00.000Z,9349,6310719,67.86,1318,5798416,62.35,3923,4075482,43.83,0,0,0,0,0,55.6,10.44,33.95
2021-11-25T00:00:00.000Z,9812,6320531,67.97,1600,5800016,62.37,4841,4080323,43.88,0,0,0,0,0,55.64,10.43,33.93
2021-11-26T00:00:00.000Z,5610,6326141,68.03,749,5800765,62.38,2803,4083126,43.91,0,0,0,0,0,55.63,10.45,33.92
2021-11-27T00:00:00.000Z,4779,6330920,68.08,323,5801088,62.38,1164,4084290,43.92,0,0,0,0,0,55.62,10.46,33.92
2021-11-28T00:00:00.000Z,10152,6341072,68.19,1479,5802567,62.4,4904,4089194,43.97,0,0,0,0,0,55.67,10.43,33.9
2021-11-29T00:00:00.000Z,9043,6350115,68.29,1132,5803699,62.41,4376,4093570,44.02,0,0,0,0,0,55.73,10.39,33.88
2021-11-30T00:00:00.000Z,10044,6360159,68.39,1035,5804734,62.42,4084,4097654,44.06,0,0,0,0,0,55.77,10.37,33.86
2021-12-01T00:00:00.000Z,8632,6368791,68.49,1096,5805830,62.43,4444,4102098,44.11,6,6,0,0,0,55.79,10.36,33.84
2021-12-02T00:00:00.000Z,9177,6377968,68.59,1454,5807284,62.45,5125,4107223,44.17,6,12,0,0,0,55.84,10.34,33.82
2021-12-03T00:00:00.000Z,6333,6384301,68.65,673,5807957,62.46,2868,4110091,44.2,1,13,0,0,0,55.86,10.33,33.81
2021-12-04T00:00:00.000Z,2509,6386810,68.68,237,5808194,62.46,924,4111015,44.21,3,16,0,0,0,55.85,10.34,33.81
2021-12-05T00:00:00.000Z,8335,6395145,68.77,1253,5809447,62.47,4683,4115698,44.26,1,17,0,0,0,55.9,10.31,33.79
2021-12-06T00:00:00.000Z,6723,6401868,68.84,1200,5810647,62.48,4351,4120049,44.3,4,21,0,0,0,55.95,10.27,33.78
2021-12-07T00:00:00.000Z,5553,6407421,68.9,1504,5812151,62.5,3965,4124014,44.35,9,30,0,0,0,55.99,10.25,33.76
2021-12-08T00:00:00.000Z,4936,6412357,68.96,1199,5813350,62.51,3883,4127897,44.39,10,40,0,0,0,56.03,10.22,33.75
2021-12-09T00:00:00.000Z,6239,6418596,69.02,1241,5814591,62.53,4507,4132404,44.44,8,48,0,0,0,56.08,10.19,33.73
2021-12-10T00:00:00.000Z,3005,6421601,69.05,703,5815294,62.53,2687,4135091,44.47,4,52,0,0,0,56.1,10.18,33.72
2021-12-11T00:00:00.000Z,1491,6423092,69.07,254,5815548,62.54,1017,4136108,44.48,0,52,0,0,0,56.1,10.18,33.71
2021-12-12T00:00:00.000Z,7274,6430366,69.15,1444,5816992,62.55,5248,4141356,44.53,3,55,0,0,0,56.16,10.15,33.69
2021-12-13T00:00:00.000Z,6182,6436548,69.22,1377,5818369,62.57,4350,4145706,44.58,5,60,0,0,0,56.21,10.11,33.67
2021-12-14T00:00:00.000Z,7317,6443865,69.29,6101,5824470,62.63,4940,4150646,44.63,12,72,0,0,0,56.27,10.09,33.65
2021-12-15T00:00:00.000Z,7204,6451069,69.37,7405,5831875,62.71,5444,4156090,44.69,7,79,0,0,0,56.34,10.06,33.6
2021-12-16T00:00:00.000Z,8079,6459148,69.46,8613,5840488,62.81,6563,4162653,44.76,8,87,0,0,0,56.53,10.05,33.42
2021-12-17T00:00:00.000Z,4406,6463554,69.51,5140,5845628,62.86,3954,4166607,44.81,3,90,0,0,0,56.64,10.05,33.3
2021-12-18T00:00:00.000Z,3941,6467495,69.55,2914,5848542,62.89,1360,4167967,44.82,2,92,0,0,0,56.73,10.07,33.2
2021-12-19T00:00:00.000Z,6977,6474472,69.62,9332,5857874,62.99,6274,4174241,44.89,6,98,0,0,0,56.92,10.04,33.04
2021-12-20T00:00:00.000Z,7972,6482444,69.71,7518,5865392,63.07,5445,4179686,44.95,9,107,0,0,0,57.07,10.02,32.91
2021-12-21T00:00:00.000Z,9549,6491993,69.81,8649,5874041,63.17,6491,4186177,45.02,8,115,0,0,0,57.27,10.01,32.71
2021-12-22T00:00:00.000Z,9664,6501657,69.92,8155,5882196,63.25,6251,4192428,45.08,12,127,0,0,0,57.49,10,32.52
2021-12-23T00:00:00.000Z,11539,6513196,70.04,10264,5892460,63.36,8160,4200588,45.17,16,143,0,0,0,57.7,9.97,32.33
2021-12-24T00:00:00.000Z,5873,6519069,70.1,6242,5898702,63.43,5281,4205869,45.23,12,155,0,0,0,57.83,9.96,32.21
2021-12-25T00:00:00.000Z,3338,6522407,70.14,2566,5901268,63.46,2021,4207890,45.25,6,161,0,0,0,57.9,9.96,32.15
2021-12-26T00:00:00.000Z,10653,6533060,70.25,8910,5910178,63.56,8201,4216091,45.34,8,169,0,0,0,58.1,9.92,31.98
2021-12-27T00:00:00.000Z,10371,6543431,70.36,7145,5917323,63.63,8187,4224278,45.43,21,190,0,0,0,58.27,9.9,31.83
2021-12-28T00:00:00.000Z,11375,6554806,70.49,7452,5924775,63.71,9642,4233920,45.53,24,214,0,0,0,58.46,9.88,31.66
2021-12-29T00:00:00.000Z,9933,6564739,70.59,5963,5930738,63.78,8375,4242295,45.62,21,235,0,0,0,58.64,9.85,31.51
2021-12-30T00:00:00.000Z,11011,6575750,70.71,7735,5938473,63.86,12241,4254536,45.75,10,245,0,0,0,58.84,9.82,31.34
2021-12-31T00:00:00.000Z,4829,6580579,70.76,3672,5942145,63.9,7296,4261832,45.83,135,380,0,0,0,58.9,9.79,31.3
2022-01-01T00:00:00.000Z,1993,6582572,70.79,1591,5943736,63.92,2741,4264573,45.86,66,446,0,0,0,58.93,9.79,31.28
2022-01-02T00:00:00.000Z,10217,6592789,70.9,6487,5950223,63.99,13002,4277575,46,590,1036,0,0,0.01,59.14,9.76,31.1
2022-01-03T00:00:00.000Z,9384,6602173,71,5258,5955481,64.04,11340,4288915,46.12,25054,26090,0,0,0.28,59.29,9.71,31
2022-01-04T00:00:00.000Z,8967,6611140,71.09,5950,5961431,64.11,10525,4299440,46.23,50658,76748,0,0,0.83,59.46,9.68,30.86
2022-01-05T00:00:00.000Z,8553,6619693,71.18,5739,5967170,64.17,10494,4309934,46.35,59590,136338,0,0,1.47,59.56,9.65,30.79
2022-01-06T00:00:00.000Z,10339,6630032,71.3,7959,5975129,64.25,13530,4323464,46.49,64001,200339,0,0,2.15,59.81,9.63,30.56
2022-01-07T00:00:00.000Z,4760,6634792,71.35,4556,5979685,64.3,8166,4331630,46.58,31135,231474,0,0,2.49,59.89,9.61,30.49
2022-01-08T00:00:00.000Z,2750,6637542,71.38,2451,5982136,64.33,5502,4337132,46.64,27631,259105,0,0,2.79,59.9,9.64,30.46
2022-01-09T00:00:00.000Z,9306,6646848,71.48,7722,5989858,64.41,11869,4349001,46.77,66765,325870,0,0,3.5,60.06,9.59,30.35
2022-01-10T00:00:00.000Z,8349,6655197,71.57,7646,5997504,64.49,11882,4360883,46.89,64774,390644,0,0,4.2,60.21,9.54,30.25
2022-01-11T00:00:00.000Z,8100,6663297,71.65,8621,6006125,64.59,11972,4372855,47.02,56657,447301,0,0,4.81,60.38,9.49,30.13
2022-01-12T00:00:00.000Z,7277,6670574,71.73,8303,6014428,64.68,11114,4383969,47.14,44631,491932,0,0,5.29,60.51,9.45,30.04
2022-01-13T00:00:00.000Z,7508,6678082,71.81,9617,6024045,64.78,11543,4395512,47.27,34767,526699,0,0,5.66,60.7,9.35,29.94
2022-01-14T00:00:00.000Z,2555,6680637,71.84,4935,6028980,64.83,6144,4401656,47.33,11141,537840,0,0,5.78,60.79,9.31,29.9
2022-01-15T00:00:00.000Z,1469,6682106,71.86,3170,6032150,64.87,3884,4405540,47.38,5716,543556,0,0,5.85,60.83,9.29,29.87
2022-01-16T00:00:00.000Z,3818,6685924,71.9,8526,6040676,64.96,7682,4413222,47.46,19992,563548,0,0,6.06,60.97,9.2,29.82
2022-01-17T00:00:00.000Z,2809,6688733,71.93,7047,6047723,65.03,6171,4419393,47.52,17832,581380,0,0,6.25,61.09,9.13,29.78
2022-01-18T00:00:00.000Z,2475,6691208,71.95,7385,6055108,65.11,5534,4424927,47.58,14817,596197,0,0,6.41,61.23,9.07,29.7
2022-01-19T00:00:00.000Z,1915,6693123,71.97,6369,6061477,65.18,4520,4429447,47.63,8461,604658,0,0,6.5,61.37,8.98,29.65
2022-01-20T00:00:00.000Z,1779,6694902,71.99,6969,6068446,65.26,4792,4434239,47.68,8041,612699,0,0,6.59,61.44,8.85,29.71
2022-01-21T00:00:00.000Z,905,6695807,72,3725,6072171,65.3,2646,4436885,47.71,3358,616057,0,0,6.62,61.51,8.81,29.68
2022-01-22T00:00:00.000Z,328,6696135,72.01,1461,6073632,65.31,1066,4437951,47.72,1113,617170,0,0,6.64,61.51,8.75,29.74
2022-01-23T00:00:00.000Z,1068,6697203,72.02,5632,6079264,65.37,2879,4440830,47.75,6083,623253,0,0,6.7,61.61,8.7,29.69
2022-01-24T00:00:00.000Z,759,6697962,72.03,4480,6083744,65.42,2267,4443097,47.78,5055,628308,0,0,6.76,61.73,8.62,29.65
2022-01-25T00:00:00.000Z,744,6698706,72.03,4401,6088145,65.47,2184,4445281,47.8,7102,635410,0,0,6.83,61.9,8.51,29.59
2022-01-26T00:00:00.000Z,615,6699321,72.04,3285,6091430,65.5,1612,4446893,47.82,4262,639672,0,0,6.88,62.02,8.42,29.57
2022-01-27T00:00:00.000Z,798,6700119,72.05,4406,6095836,65.55,2005,4448898,47.84,5441,645113,0,0,6.94,62.12,8.35,29.52
2022-01-28T00:00:00.000Z,395,6700514,72.05,2376,6098212,65.58,1180,4450078,47.85,3452,648565,0,0,6.97,62.16,8.33,29.5
2022-01-29T00:00:00.000Z,124,6700638,72.06,1046,6099258,65.59,424,4450502,47.86,1162,649727,0,0,6.99,62.23,8.29,29.48
2022-01-30T00:00:00.000Z,769,6701407,72.06,4719,6103977,65.64,2020,4452522,47.88,8099,657826,0,0,7.07,62.3,8.24,29.46
2022-01-31T00:00:00.000Z,528,6701935,72.07,3184,6107161,65.67,1610,4454132,47.9,6472,664298,0,0,7.14,62.39,8.17,29.43
2022-02-01T00:00:00.000Z,481,6702416,72.07,2808,6109969,65.7,1526,4455658,47.91,5721,670019,0,0,7.21,62.45,8.15,29.4
2022-02-02T00:00:00.000Z,375,6702791,72.08,2395,6112364,65.73,1385,4457043,47.93,5074,675093,0,0,7.26,62.28,8.13,29.59
2022-02-03T00:00:00.000Z,446,6703237,72.08,2776,6115140,65.76,1462,4458505,47.94,5607,680700,0,0,7.32,62.34,8.08,29.57
2022-02-04T00:00:00.000Z,174,6703411,72.09,991,6116131,65.77,756,4459261,47.95,2455,683155,0,0,7.35,62.37,8.06,29.57
2022-02-05T00:00:00.000Z,62,6703473,72.09,342,6116473,65.77,221,4459482,47.96,420,683575,0,0,7.35,62.34,8.09,29.56
2022-02-06T00:00:00.000Z,407,6703880,72.09,2320,6118793,65.8,1343,4460825,47.97,5686,689261,0,0,7.41,62.41,8.05,29.55
2022-02-07T00:00:00.000Z,282,6704162,72.09,1307,6120100,65.81,983,4461808,47.98,5960,695221,0,0,7.48,62.47,8.01,29.52
2022-02-08T00:00:00.000Z,317,6704479,72.1,1498,6121598,65.83,1068,4462876,47.99,6137,701358,0,0,7.54,62.54,7.97,29.49
2022-02-09T00:00:00.000Z,254,6704733,72.1,1102,6122700,65.84,945,4463821,48,4570,705928,0,0,7.59,62.6,7.95,29.45
2022-02-10T00:00:00.000Z,273,6705006,72.1,1293,6123993,65.85,936,4464757,48.01,4815,710743,0,0,7.64,62.63,7.93,29.44
2022-02-11T00:00:00.000Z,211,6705217,72.1,557,6124550,65.86,518,4465275,48.02,2540,713283,0,0,7.67,62.67,7.91,29.42
2022-02-12T00:00:00.000Z,32,6705249,72.1,90,6124640,65.86,135,4465410,48.02,269,713552,0,0,7.67,62.67,7.91,29.41
2022-02-13T00:00:00.000Z,286,6705535,72.11,946,6125586,65.87,966,4466376,48.03,4998,718550,0,0,7.73,62.73,7.87,29.39
2022-02-14T00:00:00.000Z,180,6705715,72.11,627,6126213,65.88,760,4467136,48.04,3142,721692,0,0,7.76,62.89,7.74,29.36
2022-02-15T00:00:00.000Z,266,6705981,72.11,763,6126976,65.89,936,4468072,48.05,3819,725511,0,0,7.8,62.92,7.73,29.35
2022-02-16T00:00:00.000Z,179,6706160,72.11,577,6127553,65.89,803,4468875,48.06,2488,727999,0,0,7.83,62.95,7.72,29.34
2022-02-17T00:00:00.000Z,246,6706406,72.12,740,6128293,65.9,775,4469650,48.06,3061,731060,0,0,7.86,62.96,7.7,29.34
2022-02-18T00:00:00.000Z,131,6706537,72.12,342,6128635,65.9,437,4470087,48.07,1119,732179,0,0,7.87,62.98,7.69,29.33
2022-02-19T00:00:00.000Z,33,6706570,72.12,84,6128719,65.91,82,4470169,48.07,79,732258,0,0,7.87,62.99,7.69,29.32
2022-02-20T00:00:00.000Z,204,6706774,72.12,604,6129323,65.91,723,4470892,48.08,2574,734832,0,0,7.9,63.01,7.67,29.32
2022-02-21T00:00:00.000Z,173,6706947,72.12,413,6129736,65.92,489,4471381,48.08,1542,736374,0,0,7.92,63.04,7.65,29.31
2022-02-22T00:00:00.000Z,158,6707105,72.12,454,6130190,65.92,570,4471951,48.09,1871,738245,0,0,7.94,63.05,7.65,29.3
2022-02-23T00:00:00.000Z,109,6707214,72.13,353,6130543,65.92,453,4472404,48.09,1153,739398,0,0,7.95,63.06,7.65,29.29
2022-02-24T00:00:00.000Z,138,6707352,72.13,463,6131006,65.93,568,4472972,48.1,1492,740890,0,0,7.97,63.05,7.66,29.29
2022-02-25T00:00:00.000Z,59,6707411,72.13,144,6131150,65.93,192,4473164,48.1,456,741346,0,0,7.97,63.06,7.66,29.28
2022-02-26T00:00:00.000Z,17,6707428,72.13,28,6131178,65.93,161,4473325,48.1,35,741381,0,0,7.97,63.05,7.67,29.28
2022-02-27T00:00:00.000Z,112,6707540,72.13,341,6131519,65.94,448,4473773,48.11,1119,742500,0,0,7.98,63.05,7.67,29.28
2022-02-28T00:00:00.000Z,108,6707648,72.13,271,6131790,65.94,423,4474196,48.11,907,743407,0,0,7.99,63.07,7.65,29.28
2022-03-01T00:00:00.000Z,95,6707743,72.13,280,6132070,65.94,373,4474569,48.12,797,744204,0,0,8,63.1,7.63,29.27
2022-03-02T00:00:00.000Z,77,6707820,72.13,199,6132269,65.94,324,4474893,48.12,697,744901,0,0,8.01,63.11,7.62,29.27
2022-03-03T00:00:00.000Z,157,6707977,72.13,371,6132640,65.95,497,4475390,48.13,987,745888,0,0,8.02,63.05,7.67,29.27
2022-03-04T00:00:00.000Z,53,6708030,72.13,170,6132810,65.95,170,4475560,48.13,227,746115,0,0,8.02,63.05,7.68,29.27
2022-03-05T00:00:00.000Z,4,6708034,72.13,25,6132835,65.95,43,4475603,48.13,32,746147,0,0,8.02,63.04,7.69,29.27
2022-03-06T00:00:00.000Z,97,6708131,72.14,258,6133093,65.95,418,4476021,48.13,760,746907,0,0,8.03,63.04,7.69,29.27
2022-03-07T00:00:00.000Z,87,6708218,72.14,260,6133353,65.96,354,4476375,48.14,604,747511,0,0,8.04,63.05,7.69,29.26
2022-03-08T00:00:00.000Z,99,6708317,72.14,263,6133616,65.96,333,4476708,48.14,550,748061,0,0,8.04,63.04,7.7,29.26
2022-03-09T00:00:00.000Z,89,6708406,72.14,213,6133829,65.96,337,4477045,48.14,492,748553,0,0,8.05,63.02,7.72,29.25
2022-03-10T00:00:00.000Z,115,6708521,72.14,374,6134203,65.96,428,4477473,48.15,620,749173,0,0,8.06,63.01,7.74,29.25
2022-03-11T00:00:00.000Z,24,6708545,72.14,86,6134289,65.97,123,4477596,48.15,144,749317,0,0,8.06,63,7.75,29.25
2022-03-12T00:00:00.000Z,11,6708556,72.14,12,6134301,65.97,33,4477629,48.15,28,749345,0,0,8.06,62.98,7.77,29.24
2022-03-13T00:00:00.000Z,100,6708656,72.14,271,6134572,65.97,358,4477987,48.15,595,749940,0,0,8.06,62.98,7.78,29.24
2022-03-14T00:00:00.000Z,65,6708721,72.14,253,6134825,65.97,316,4478303,48.16,559,750499,0,0,8.07,62.98,7.78,29.24
2022-03-15T00:00:00.000Z,79,6708800,72.14,185,6135010,65.97,293,4478596,48.16,591,751090,0,0,8.08,62.95,7.81,29.24
2022-03-16T00:00:00.000Z,76,6708876,72.14,205,6135215,65.98,305,4478901,48.16,668,751758,0,0,8.08,62.94,7.82,29.24
2022-03-17T00:00:00.000Z,65,6708941,72.14,121,6135336,65.98,286,4479187,48.17,613,752371,0,0,8.09,62.94,7.82,29.24
2022-03-18T00:00:00.000Z,20,6708961,72.14,54,6135390,65.98,100,4479287,48.17,234,752605,0,0,8.09,62.94,7.82,29.24
2022-03-19T00:00:00.000Z,6,6708967,72.14,11,6135401,65.98,28,4479315,48.17,39,752644,0,0,8.09,62.89,7.88,29.23
2022-03-20T00:00:00.000Z,119,6709086,72.15,260,6135661,65.98,486,4479801,48.17,1431,754075,0,0,8.11,62.87,7.89,29.23
2022-03-21T00:00:00.000Z,97,6709183,72.15,247,6135908,65.98,379,4480180,48.18,1132,755207,0,0,8.12,62.87,7.9,29.23
2022-03-22T00:00:00.000Z,141,6709324,72.15,342,6136250,65.99,508,4480688,48.18,1770,756977,0,0,8.14,62.84,7.94,29.23
2022-03-23T00:00:00.000Z,108,6709432,72.15,212,6136462,65.99,463,4481151,48.19,1677,758654,0,0,8.16,62.81,7.97,29.22
2022-03-24T00:00:00.000Z,174,6709606,72.15,345,6136807,65.99,768,4481919,48.2,2362,761016,0,0,8.18,62.78,8,29.22
2022-03-25T00:00:00.000Z,39,6709645,72.15,82,6136889,65.99,157,4482076,48.2,629,761645,0,0,8.19,62.78,8,29.23
2022-03-26T00:00:00.000Z,12,6709657,72.15,13,6136902,65.99,34,4482110,48.2,91,761736,0,0,8.19,62.77,8,29.22
2022-03-27T00:00:00.000Z,167,6709824,72.15,344,6137246,66,758,4482868,48.21,3193,764929,0,0,8.23,62.75,8.02,29.22
2022-03-28T00:00:00.000Z,113,6709937,72.16,270,6137516,66,623,4483491,48.21,2416,767345,0,0,8.25,62.75,8.03,29.22
2022-03-29T00:00:00.000Z,125,6710062,72.16,258,6137774,66,641,4484132,48.22,2772,770117,0,0,8.28,62.7,8.07,29.22
2022-03-30T00:00:00.000Z,132,6710194,72.16,207,6137981,66,539,4484671,48.23,2370,772487,0,0,8.31,62.81,8.11,29.07
2022-03-31T00:00:00.000Z,166,6710360,72.16,302,6138283,66.01,730,4485401,48.23,2853,775340,0,0,8.34,62.79,8.11,29.1
2022-04-01T00:00:00.000Z,122,6710482,72.16,161,6138444,66.01,277,4485678,48.24,585,775925,0,0,8.34,62.72,8.13,29.15
2022-04-02T00:00:00.000Z,7,6710489,72.16,7,6138451,66.01,37,4485715,48.24,52,775977,0,0,8.34,62.69,8.15,29.16
2022-04-03T00:00:00.000Z,159,6710648,72.16,270,6138721,66.01,569,4486284,48.24,2478,778455,0,0,8.37,62.65,8.16,29.19
2022-04-04T00:00:00.000Z,103,6710751,72.16,207,6138928,66.02,484,4486768,48.25,2224,780679,0,0,8.4,62.62,8.16,29.22
2022-04-05T00:00:00.000Z,122,6710873,72.17,219,6139147,66.02,513,4487281,48.25,2242,782921,0,0,8.42,62.57,8.19,29.25
2022-04-06T00:00:00.000Z,92,6710965,72.17,155,6139302,66.02,381,4487662,48.26,2023,784944,0,0,8.44,62.55,8.2,29.25
2022-04-07T00:00:00.000Z,191,6711156,72.17,215,6139517,66.02,641,4488303,48.27,2556,787500,0,0,8.47,62.56,8.2,29.24
2022-04-08T00:00:00.000Z,30,6711186,72.17,61,6139578,66.02,153,4488456,48.27,482,787982,0,0,8.47,62.54,8.22,29.23
2022-04-09T00:00:00.000Z,6,6711192,72.17,17,6139595,66.02,28,4488484,48.27,47,788029,0,0,8.47,62.52,8.25,29.23
2022-04-10T00:00:00.000Z,103,6711295,72.17,264,6139859,66.03,429,4488913,48.27,1845,789874,0,0,8.49,62.51,8.26,29.23
2022-04-11T00:00:00.000Z,78,6711373,72.17,201,6140060,66.03,371,4489284,48.28,1425,791299,0,0,8.51,62.54,8.26,29.2
2022-04-12T00:00:00.000Z,204,6711577,72.17,168,6140228,66.03,375,4489659,48.28,1360,792659,0,0,8.52,62.58,8.29,29.12
2022-04-13T00:00:00.000Z,117,6711694,72.17,150,6140378,66.03,298,4489957,48.28,1218,793877,0,0,8.54,62.58,8.31,29.1
2022-04-14T00:00:00.000Z,85,6711779,72.18,221,6140599,66.03,320,4490277,48.29,1069,794946,0,0,8.55,62.57,8.33,29.1
2022-04-15T00:00:00.000Z,9,6711788,72.18,51,6140650,66.03,48,4490325,48.29,82,795028,0,0,8.55,62.55,8.35,29.1
2022-04-16T00:00:00.000Z,3,6711791,72.18,8,6140658,66.03,21,4490346,48.29,29,795057,0,0,8.55,62.53,8.37,29.1
2022-04-17T00:00:00.000Z,62,6711853,72.18,131,6140789,66.03,229,4490575,48.29,807,795864,0,0,8.56,62.52,8.38,29.1
2022-04-18T00:00:00.000Z,69,6711922,72.18,109,6140898,66.04,252,4490827,48.29,749,796613,0,0,8.57,62.51,8.38,29.1
2022-04-19T00:00:00.000Z,62,6711984,72.18,145,6141043,66.04,273,4491100,48.3,842,797455,0,0,8.58,62.5,8.4,29.1
2022-04-20T00:00:00.000Z,60,6712044,72.18,117,6141160,66.04,235,4491335,48.3,656,798111,0,0,8.58,62.48,8.42,29.1
2022-04-21T00:00:00.000Z,53,6712097,72.18,109,6141269,66.04,197,4491532,48.3,479,798590,0,0,8.59,62.47,8.43,29.1
2022-04-22T00:00:00.000Z,3,6712100,72.18,17,6141286,66.04,19,4491551,48.3,19,798609,0,0,8.59,62.45,8.44,29.11
2022-04-23T00:00:00.000Z,6,6712106,72.18,9,6141295,66.04,16,4491567,48.3,13,798622,0,0,8.59,62.43,8.46,29.11
2022-04-24T00:00:00.000Z,92,6712198,72.18,250,6141545,66.04,329,4491896,48.3,872,799494,0,0,8.6,62.43,8.47,29.1
2022-04-25T00:00:00.000Z,105,6712303,72.18,191,6141736,66.05,316,4492212,48.31,739,800233,0,0,8.61,62.43,8.47,29.1
2022-04-26T00:00:00.000Z,76,6712379,72.18,175,6141911,66.05,304,4492516,48.31,787,801020,0,0,8.61,62.42,8.48,29.1
2022-04-27T00:00:00.000Z,54,6712433,72.18,160,6142071,66.05,227,4492743,48.31,640,801660,0,0,8.62,62.41,8.49,29.1
2022-04-28T00:00:00.000Z,96,6712529,72.18,232,6142303,66.05,329,4493072,48.32,871,802531,0,0,8.63,62.41,8.5,29.1
2022-04-29T00:00:00.000Z,112,6712641,72.18,159,6142462,66.05,183,4493255,48.32,196,802727,0,0,8.63,62.39,8.51,29.1
2022-04-30T00:00:00.000Z,1,6712642,72.18,3,6142465,66.05,24,4493279,48.32,22,802749,0,0,8.63,62.38,8.52,29.1
2022-05-01T00:00:00.000Z,135,6712777,72.19,185,6142650,66.05,316,4493595,48.32,630,803379,0,0,8.64,62.38,8.53,29.09
2022-05-02T00:00:00.000Z,62,6712839,72.19,155,6142805,66.06,235,4493830,48.32,491,803870,0,0,8.64,62.37,8.54,29.09
2022-05-03T00:00:00.000Z,72,6712911,72.19,151,6142956,66.06,288,4494118,48.33,508,804378,0,0,8.65,62.36,8.55,29.09
2022-05-04T00:00:00.000Z,23,6712934,72.19,56,6143012,66.06,63,4494181,48.33,129,804507,0,0,8.65,62.35,8.57,29.08
2022-05-05T00:00:00.000Z,4,6712938,72.19,1,6143013,66.06,8,4494189,48.33,13,804520,0,0,8.65,62.34,8.58,29.08
2022-05-06T00:00:00.000Z,20,6712958,72.19,59,6143072,66.06,64,4494253,48.33,152,804672,0,0,8.65,62.33,8.59,29.08
2022-05-07T00:00:00.000Z,1,6712959,72.19,7,6143079,66.06,27,4494280,48.33,24,804696,0,0,8.65,62.32,8.6,29.08
2022-05-08T00:00:00.000Z,118,6713077,72.19,207,6143286,66.06,270,4494550,48.33,457,805153,0,0,8.66,62.31,8.61,29.08
2022-05-09T00:00:00.000Z,59,6713136,72.19,162,6143448,66.06,251,4494801,48.33,505,805658,0,0,8.66,62.31,8.61,29.08
2022-05-10T00:00:00.000Z,131,6713267,72.19,169,6143617,66.07,261,4495062,48.34,508,806166,0,0,8.67,62.3,8.62,29.08
2022-05-11T00:00:00.000Z,58,6713325,72.19,118,6143735,66.07,182,4495244,48.34,464,806630,0,0,8.67,62.3,8.63,29.08
2022-05-12T00:00:00.000Z,119,6713444,72.19,200,6143935,66.07,278,4495522,48.34,666,807296,0,0,8.68,62.29,8.64,29.07
2022-05-13T00:00:00.000Z,11,6713455,72.19,44,6143979,66.07,71,4495593,48.34,110,807406,0,0,8.68,62.28,8.65,29.07
2022-05-14T00:00:00.000Z,6,6713461,72.19,13,6143992,66.07,13,4495606,48.34,23,807429,0,0,8.68,62.26,8.66,29.07
2022-05-15T00:00:00.000Z,90,6713551,72.19,175,6144167,66.07,246,4495852,48.35,665,808094,0,0,8.69,62.26,8.67,29.07
2022-05-16T00:00:00.000Z,68,6713619,72.19,141,6144308,66.07,230,4496082,48.35,509,808603,0,0,8.7,62.19,8.65,29.16
2022-05-17T00:00:00.000Z,73,6713692,72.2,153,6144461,66.07,267,4496349,48.35,618,809221,0,0,8.7,62.18,8.66,29.16
2022-05-18T00:00:00.000Z,43,6713735,72.2,99,6144560,66.08,169,4496518,48.35,447,809668,0,0,8.71,62.17,8.67,29.16
2022-05-19T00:00:00.000Z,64,6713799,72.2,171,6144731,66.08,213,4496731,48.36,499,810167,0,0,8.71,62.16,8.68,29.16
2022-05-20T00:00:00.000Z,75,6713874,72.2,114,6144845,66.08,130,4496861,48.36,138,810305,0,0,8.71,62.15,8.69,29.16
2022-05-21T00:00:00.000Z,4,6713878,72.2,7,6144852,66.08,14,4496875,48.36,18,810323,0,0,8.71,62.14,8.7,29.16
2022-05-22T00:00:00.000Z,87,6713965,72.2,188,6145040,66.08,216,4497091,48.36,426,810749,0,0,8.72,62.14,8.71,29.16
2022-05-23T00:00:00.000Z,64,6714029,72.2,120,6145160,66.08,156,4497247,48.36,348,811097,0,0,8.72,62.14,8.71,29.16
2022-05-24T00:00:00.000Z,43,6714072,72.2,119,6145279,66.08,157,4497404,48.36,394,811491,0,0,8.73,62.13,8.71,29.15
2022-05-25T00:00:00.000Z,61,6714133,72.2,103,6145382,66.08,168,4497572,48.36,337,811828,0,0,8.73,62.12,8.72,29.15
2022-05-26T00:00:00.000Z,72,6714205,72.2,136,6145518,66.09,186,4497758,48.37,348,812176,0,0,8.73,62.11,8.73,29.16
2022-05-27T00:00:00.000Z,12,6714217,72.2,29,6145547,66.09,43,4497801,48.37,59,812235,0,0,8.73,62.1,8.74,29.16
2022-05-28T00:00:00.000Z,2,6714219,72.2,5,6145552,66.09,8,4497809,48.37,12,812247,0,0,8.73,62.09,8.75,29.16
2022-05-29T00:00:00.000Z,89,6714308,72.2,153,6145705,66.09,163,4497972,48.37,316,812563,0,0,8.74,62.09,8.75,29.16
2022-05-30T00:00:00.000Z,56,6714364,72.2,133,6145838,66.09,125,4498097,48.37,291,812854,0,0,8.74,62.09,8.76,29.16
2022-05-31T00:00:00.000Z,45,6714409,72.2,104,6145942,66.09,153,4498250,48.37,351,813205,0,0,8.74,62.07,8.78,29.15
2022-06-01T00:00:00.000Z,63,6714472,72.2,90,6146032,66.09,118,4498368,48.37,276,813481,0,0,8.75,61.95,8.9,29.16
2022-06-02T00:00:00.000Z,77,6714549,72.2,156,6146188,66.09,177,4498545,48.38,255,813736,0,0,8.75,45.96,24.88,29.15
2022-06-03T00:00:00.000Z,10,6714559,72.21,23,6146211,66.09,21,4498566,48.38,33,813769,0,0,8.75,45.9,24.95,29.16
2022-06-04T00:00:00.000Z,0,6714559,72.21,7,6146218,66.09,8,4498574,48.38,5,813774,0,0,8.75,45.84,25,29.16
2022-06-05T00:00:00.000Z,11,6714570,72.21,14,6146232,66.09,7,4498581,48.38,2,813776,0,0,8.75,45.8,25.05,29.16
2022-06-06T00:00:00.000Z,58,6714628,72.21,145,6146377,66.1,161,4498742,48.38,262,814038,0,0,8.75,39.96,30.89,29.16
2022-06-07T00:00:00.000Z,54,6714682,72.21,134,6146511,66.1,142,4498884,48.38,379,814417,0,0,8.76,39.92,30.93,29.15
2022-06-08T00:00:00.000Z,58,6714740,72.21,104,6146615,66.1,131,4499015,48.38,497,814914,0,0,8.76,39.89,30.96,29.15
2022-06-09T00:00:00.000Z,84,6714824,72.21,207,6146822,66.1,234,4499249,48.38,642,815556,0,0,8.77,39.86,30.99,29.15
2022-06-10T00:00:00.000Z,14,6714838,72.21,51,6146873,66.1,59,4499308,48.38,141,815697,0,0,8.77,39.83,31.02,29.15
2022-06-11T00:00:00.000Z,0,6714838,72.21,3,6146876,66.1,7,4499315,48.38,19,815716,0,0,8.77,39.8,31.05,29.15
2022-06-12T00:00:00.000Z,109,6714947,72.21,199,6147075,66.1,191,4499506,48.39,767,816483,0,0,8.78,39.8,31.05,29.15
2022-06-13T00:00:00.000Z,84,6715031,72.21,142,6147217,66.1,168,4499674,48.39,625,817108,0,0,8.79,39.81,31.04,29.15
2022-06-14T00:00:00.000Z,116,6715147,72.21,173,6147390,66.11,208,4499882,48.39,759,817867,0,0,8.79,39.79,31.06,29.15
2022-06-15T00:00:00.000Z,71,6715218,72.21,141,6147531,66.11,207,4500089,48.39,700,818567,0,0,8.8,39.78,31.08,29.15
2022-06-16T00:00:00.000Z,94,6715312,72.21,136,6147667,66.11,218,4500307,48.39,742,819309,0,0,8.81,39.74,31.11,29.14
2022-06-17T00:00:00.000Z,16,6715328,72.21,63,6147730,66.11,53,4500360,48.39,124,819433,0,0,8.81,39.72,31.14,29.15
2022-06-18T00:00:00.000Z,3,6715331,72.21,4,6147734,66.11,11,4500371,48.39,15,819448,0,0,8.81,39.68,31.17,29.14
2022-06-19T00:00:00.000Z,115,6715446,72.21,207,6147941,66.11,318,4500689,48.4,877,820325,0,0,8.82,39.53,31.33,29.15
2022-06-20T00:00:00.000Z,99,6715545,72.22,152,6148093,66.11,307,4500996,48.4,922,821247,0,0,8.83,33.92,36.85,29.23
2022-06-21T00:00:00.000Z,94,6715639,72.22,154,6148247,66.12,375,4501371,48.41,1229,822476,0,0,8.84,33.58,37.19,29.23
2022-06-22T00:00:00.000Z,110,6715749,72.22,135,6148382,66.12,339,4501710,48.41,894,823370,0,0,8.85,33.28,37.49,29.23
2022-06-23T00:00:00.000Z,132,6715881,72.22,217,6148599,66.12,525,4502235,48.41,1146,824516,0,0,8.87,32.84,37.92,29.23
2022-06-24T00:00:00.000Z,19,6715900,72.22,35,6148634,66.12,110,4502345,48.42,208,824724,0,0,8.87,32.43,38.34,29.24
2022-06-25T00:00:00.000Z,1,6715901,72.22,3,6148637,66.12,12,4502357,48.42,16,824740,0,0,8.87,32.04,38.72,29.24
2022-06-26T00:00:00.000Z,107,6716008,72.22,158,6148795,66.12,379,4502736,48.42,933,825673,0,0,8.88,31.63,39.13,29.24
2022-06-27T00:00:00.000Z,86,6716094,72.22,172,6148967,66.12,392,4503128,48.42,1028,826701,0,0,8.89,31.29,39.47,29.24
2022-06-28T00:00:00.000Z,84,6716178,72.22,151,6149118,66.12,364,4503492,48.43,932,827633,0,0,8.9,30.86,39.91,29.24
2022-06-29T00:00:00.000Z,76,6716254,72.22,106,6149224,66.13,265,4503757,48.43,816,828449,0,0,8.91,30.48,40.28,29.24
2022-06-30T00:00:00.000Z,86,6716340,72.22,165,6149389,66.13,355,4504112,48.44,1062,829511,0,0,8.92,30.05,40.71,29.24
2022-07-01T00:00:00.000Z,22,6716362,72.22,28,6149417,66.13,55,4504167,48.44,80,829591,0,0,8.92,29.62,41.14,29.24
2022-07-02T00:00:00.000Z,1,6716363,72.22,2,6149419,66.13,8,4504175,48.44,18,829609,0,0,8.92,29.2,41.56,29.24
2022-07-03T00:00:00.000Z,100,6716463,72.23,177,6149596,66.13,322,4504497,48.44,637,830246,0,0,8.93,28.81,41.95,29.24
2022-07-04T00:00:00.000Z,76,6716539,72.23,140,6149736,66.13,278,4504775,48.44,749,830995,0,0,8.94,28.5,42.26,29.24
2022-07-05T00:00:00.000Z,59,6716598,72.23,142,6149878,66.13,302,4505077,48.45,688,831683,0,0,8.94,28.06,42.7,29.24
2022-07-06T00:00:00.000Z,78,6716676,72.23,124,6150002,66.13,211,4505288,48.45,646,832329,0,0,8.95,27.39,43.37,29.24
2022-07-07T00:00:00.000Z,82,6716758,72.23,164,6150166,66.14,267,4505555,48.45,721,833050,0,0,8.96,26.48,44.28,29.24
2022-07-08T00:00:00.000Z,17,6716775,72.23,33,6150199,66.14,69,4505624,48.45,131,833181,0,0,8.96,25.47,45.29,29.24
2022-07-09T00:00:00.000Z,0,6716775,72.23,1,6150200,66.14,3,4505627,48.45,2,833183,0,0,8.96,24.42,46.34,29.24
2022-07-10T00:00:00.000Z,90,6716865,72.23,164,6150364,66.14,229,4505856,48.45,470,833653,0,0,8.96,23.77,46.99,29.24
2022-07-11T00:00:00.000Z,64,6716929,72.23,142,6150506,66.14,248,4506104,48.46,575,834228,0,0,8.97,23.22,47.54,29.24
2022-07-12T00:00:00.000Z,69,6716998,72.23,129,6150635,66.14,207,4506311,48.46,558,834786,0,0,8.98,22.13,48.63,29.24
2022-07-13T00:00:00.000Z,43,6717041,72.23,101,6150736,66.14,165,4506476,48.46,488,835274,0,0,8.98,21.1,49.66,29.24
2022-07-14T00:00:00.000Z,69,6717110,72.23,147,6150883,66.14,209,4506685,48.46,513,835787,0,0,8.99,20.12,50.63,29.24
2022-07-15T00:00:00.000Z,64,6717174,72.23,88,6150971,66.14,127,4506812,48.46,166,835953,0,0,8.99,19.27,51.48,29.25
2022-07-16T00:00:00.000Z,0,6717174,72.23,6,6150977,66.14,7,4506819,48.46,8,835961,0,0,8.99,18.29,52.46,29.25
2022-07-17T00:00:00.000Z,77,6717251,72.23,183,6151160,66.15,241,4507060,48.47,468,836429,0,0,8.99,17.83,52.92,29.25
2022-07-18T00:00:00.000Z,62,6717313,72.23,158,6151318,66.15,207,4507267,48.47,511,836940,0,0,9,17.48,53.26,29.26
2022-07-19T00:00:00.000Z,62,6717375,72.24,147,6151465,66.15,174,4507441,48.47,368,837308,0,0,9,16.77,53.97,29.26
2022-07-20T00:00:00.000Z,51,6717426,72.24,134,6151599,66.15,137,4507578,48.47,423,837731,0,0,9.01,16.09,54.64,29.26
2022-07-21T00:00:00.000Z,61,6717487,72.24,158,6151757,66.15,176,4507754,48.47,341,838072,0,0,9.01,15.43,55.3,29.27
2022-07-22T00:00:00.000Z,10,6717497,72.24,36,6151793,66.15,43,4507797,48.47,56,838128,0,0,9.01,14.64,56.08,29.28
2022-07-23T00:00:00.000Z,0,6717497,72.24,4,6151797,66.15,4,4507801,48.47,9,838137,0,0,9.01,14.17,56.55,29.28
2022-07-24T00:00:00.000Z,58,6717555,72.24,128,6151925,66.15,197,4507998,48.48,364,838501,0,0,9.02,13.55,57.16,29.29
2022-07-25T00:00:00.000Z,48,6717603,72.24,107,6152032,66.16,172,4508170,48.48,336,838837,0,0,9.02,13.09,57.61,29.3
2022-07-26T00:00:00.000Z,47,6717650,72.24,99,6152131,66.16,111,4508281,48.48,270,839107,0,0,9.02,12.46,58.23,29.3
2022-07-27T00:00:00.000Z,43,6717693,72.24,125,6152256,66.16,132,4508413,48.48,243,839350,0,0,9.03,11.89,58.8,29.31
2022-07-28T00:00:00.000Z,62,6717755,72.24,143,6152399,66.16,147,4508560,48.48,220,839570,0,0,9.03,11.35,59.34,29.31
2022-07-29T00:00:00.000Z,10,6717765,72.24,25,6152424,66.16,27,4508587,48.48,31,839601,0,0,9.03,10.85,59.83,29.32
2022-07-30T00:00:00.000Z,0,6717765,72.24,0,6152424,66.16,1,4508588,48.48,1,839602,0,0,9.03,10.34,60.33,29.33
2022-07-31T00:00:00.000Z,56,6717821,72.24,134,6152558,66.16,131,4508719,48.48,252,839854,0,0,9.03,9.97,60.7,29.33
2022-08-01T00:00:00.000Z,54,6717875,72.24,76,6152634,66.16,89,4508808,48.49,152,840006,0,0,9.03,9.47,61.19,29.34
2022-08-02T00:00:00.000Z,111,6717986,72.24,119,6152753,66.16,157,4508965,48.49,264,840270,0,0,9.04,8.92,61.73,29.35
2022-08-03T00:00:00.000Z,76,6718062,72.24,71,6152824,66.16,92,4509057,48.49,178,840448,0,0,9.04,8.46,62.19,29.35
2022-08-04T00:00:00.000Z,133,6718195,72.24,133,6152957,66.17,111,4509168,48.49,246,840694,0,0,9.04,8.04,62.61,29.36
2022-08-05T00:00:00.000Z,30,6718225,72.24,23,6152980,66.17,13,4509181,48.49,24,840718,0,0,9.04,7.71,62.93,29.36
2022-08-06T00:00:00.000Z,1,6718226,72.24,2,6152982,66.17,3,4509184,48.49,5,840723,0,0,9.04,7.32,63.32,29.36
2022-08-07T00:00:00.000Z,89,6718315,72.25,97,6153079,66.17,69,4509253,48.49,169,840892,0,0,9.04,6.92,63.71,29.37
2022-08-08T00:00:00.000Z,76,6718391,72.25,95,6153174,66.17,122,4509375,48.49,172,841064,0,0,9.04,6.74,63.89,29.37
2022-08-09T00:00:00.000Z,96,6718487,72.25,90,6153264,66.17,99,4509474,48.49,213,841277,0,0,9.05,6.25,64.37,29.38
2022-08-10T00:00:00.000Z,77,6718564,72.25,60,6153324,66.17,76,4509550,48.49,115,841392,0,0,9.05,5.91,64.71,29.38
2022-08-11T00:00:00.000Z,54,6718618,72.25,101,6153425,66.17,91,4509641,48.49,155,841547,0,0,9.05,5.59,65.03,29.38
2022-08-12T00:00:00.000Z,8,6718626,72.25,12,6153437,66.17,18,4509659,48.49,29,841576,0,0,9.05,5.35,65.27,29.38
2022-08-13T00:00:00.000Z,0,6718626,72.25,2,6153439,66.17,2,4509661,48.49,3,841579,0,0,9.05,5.1,65.52,29.38
2022-08-14T00:00:00.000Z,74,6718700,72.25,75,6153514,66.17,82,4509743,48.5,150,841729,0,0,9.05,4.87,65.75,29.39
2022-08-15T00:00:00.000Z,68,6718768,72.25,81,6153595,66.17,93,4509836,48.5,143,841872,0,0,9.05,4.74,65.87,29.39
2022-08-16T00:00:00.000Z,82,6718850,72.25,84,6153679,66.17,84,4509920,48.5,187,842059,0,0,9.06,4.46,66.15,29.39
2022-08-17T00:00:00.000Z,47,6718897,72.25,55,6153734,66.17,36,4509956,48.5,115,842174,0,0,9.06,4.16,66.44,29.39
2022-08-18T00:00:00.000Z,70,6718967,72.25,93,6153827,66.18,120,4510076,48.5,173,842347,0,0,9.06,3.98,66.63,29.39
2022-08-19T00:00:00.000Z,77,6719044,72.25,67,6153894,66.18,56,4510132,48.5,38,842385,0,0,9.06,3.83,66.78,29.39
2022-08-20T00:00:00.000Z,1,6719045,72.25,1,6153895,66.18,3,4510135,48.5,3,842388,0,0,9.06,3.67,66.94,29.39
2022-08-21T00:00:00.000Z,51,6719096,72.25,85,6153980,66.18,84,4510219,48.5,197,842585,0,0,9.06,3.52,67.08,29.4
2022-08-22T00:00:00.000Z,89,6719185,72.25,74,6154054,66.18,103,4510322,48.5,143,842728,0,0,9.06,3.44,67.16,29.4
2022-08-23T00:00:00.000Z,72,6719257,72.26,106,6154160,66.18,84,4510406,48.5,180,842908,0,0,9.06,3.27,67.33,29.4
2022-08-24T00:00:00.000Z,38,6719295,72.26,80,6154240,66.18,49,4510455,48.5,133,843041,0,0,9.07,3.15,67.46,29.4
2022-08-25T00:00:00.000Z,53,6719348,72.26,75,6154315,66.18,97,4510552,48.5,193,843234,0,0,9.07,3.03,67.57,29.4
2022-08-26T00:00:00.000Z,4,6719352,72.26,15,6154330,66.18,9,4510561,48.5,14,843248,0,0,9.07,2.94,67.66,29.4
2022-08-27T00:00:00.000Z,0,6719352,72.26,0,6154330,66.18,0,4510561,48.5,0,843248,0,0,9.07,2.84,67.76,29.4
2022-08-28T00:00:00.000Z,55,6719407,72.26,80,6154410,66.18,85,4510646,48.51,102,843350,0,0,9.07,2.75,67.85,29.4
2022-08-29T00:00:00.000Z,48,6719455,72.26,68,6154478,66.18,89,4510735,48.51,107,843457,0,0,9.07,2.69,67.91,29.4
2022-08-30T00:00:00.000Z,85,6719540,72.26,113,6154591,66.18,85,4510820,48.51,130,843587,0,0,9.07,2.6,68,29.4
2022-08-31T00:00:00.000Z,42,6719582,72.26,88,6154679,66.18,70,4510890,48.51,96,843683,0,0,9.07,2.53,68.07,29.4
2022-09-01T00:00:00.000Z,29,6719611,72.26,84,6154763,66.19,58,4510948,48.51,113,843796,0,0,9.07,2.46,68.14,29.4
2022-09-02T00:00:00.000Z,6,6719617,72.26,20,6154783,66.19,13,4510961,48.51,10,843806,0,0,9.07,2.4,68.2,29.4
2022-09-03T00:00:00.000Z,2,6719619,72.26,0,6154783,66.19,3,4510964,48.51,1,843807,0,0,9.07,2.33,68.27,29.4
2022-09-04T00:00:00.000Z,64,6719683,72.26,133,6154916,66.19,80,4511044,48.51,121,843928,0,0,9.08,2.27,68.32,29.4
2022-09-05T00:00:00.000Z,44,6719727,72.26,77,6154993,66.19,58,4511102,48.51,90,844018,0,0,9.08,2.23,68.37,29.4
2022-09-06T00:00:00.000Z,60,6719787,72.26,104,6155097,66.19,78,4511180,48.51,130,844148,0,0,9.08,2.17,68.42,29.4
2022-09-07T00:00:00.000Z,27,6719814,72.26,63,6155160,66.19,53,4511233,48.51,95,844243,0,0,9.08,2.12,68.47,29.4
2022-09-08T00:00:00.000Z,50,6719864,72.26,101,6155261,66.19,70,4511303,48.51,77,844320,0,0,9.08,2.07,68.53,29.4
2022-09-09T00:00:00.000Z,10,6719874,72.26,21,6155282,66.19,16,4511319,48.51,17,844337,0,0,9.08,2.03,68.57,29.4
2022-09-10T00:00:00.000Z,0,6719874,72.26,0,6155282,66.19,5,4511324,48.51,2,844339,0,0,9.08,1.97,68.62,29.4
2022-09-11T00:00:00.000Z,39,6719913,72.26,117,6155399,66.19,78,4511402,48.51,116,844455,0,0,9.08,1.92,68.67,29.41
2022-09-12T00:00:00.000Z,24,6719937,72.26,72,6155471,66.19,52,4511454,48.51,68,844523,0,0,9.08,1.88,68.71,29.41
2022-09-13T00:00:00.000Z,44,6719981,72.26,113,6155584,66.19,54,4511508,48.51,103,844626,0,0,9.08,1.82,68.77,29.41
2022-09-14T00:00:00.000Z,21,6720002,72.26,64,6155648,66.19,54,4511562,48.52,62,844688,0,0,9.08,1.78,68.82,29.41
2022-09-15T00:00:00.000Z,32,6720034,72.26,77,6155725,66.2,63,4511625,48.52,107,844795,0,0,9.08,1.73,68.86,29.41
2022-09-16T00:00:00.000Z,50,6720084,72.26,52,6155777,66.2,27,4511652,48.52,28,844823,0,0,9.08,1.7,68.89,29.41
2022-09-17T00:00:00.000Z,3,6720087,72.26,0,6155777,66.2,1,4511653,48.52,0,844823,0,0,9.08,1.66,68.93,29.41
2022-09-18T00:00:00.000Z,28,6720115,72.26,66,6155843,66.2,52,4511705,48.52,115,844938,0,0,9.09,1.63,68.96,29.41
2022-09-19T00:00:00.000Z,27,6720142,72.27,74,6155917,66.2,44,4511749,48.52,57,844995,0,0,9.09,1.61,68.98,29.41
2022-09-20T00:00:00.000Z,41,6720183,72.27,93,6156010,66.2,75,4511824,48.52,102,845097,0,0,9.09,1.56,69.03,29.41
2022-09-21T00:00:00.000Z,22,6720205,72.27,54,6156064,66.2,29,4511853,48.52,56,845153,83,0,9.09,1.55,69.05,29.41
2022-09-22T00:00:00.000Z,40,6720245,72.27,56,6156120,66.2,27,4511880,48.52,41,845194,1987,0.02,9.09,1.52,69.07,29.4
2022-09-23T00:00:00.000Z,7,6720252,72.27,11,6156131,66.2,4,4511884,48.52,1,845195,3307,0.04,9.09,1.5,69.1,29.41
2022-09-24T00:00:00.000Z,0,6720252,72.27,0,6156131,66.2,1,4511885,48.52,0,845195,3307,0.04,9.09,1.47,69.13,29.41
2022-09-25T00:00:00.000Z,5,6720257,72.27,20,6156151,66.2,10,4511895,48.52,27,845222,4256,0.05,9.09,1.46,69.13,29.41
2022-09-26T00:00:00.000Z,0,6720257,72.27,5,6156156,66.2,2,4511897,48.52,2,845224,4527,0.05,9.09,1.46,69.13,29.41
2022-09-27T00:00:00.000Z,2,6720259,72.27,0,6156156,66.2,3,4511900,48.52,3,845227,4544,0.05,9.09,1.42,69.17,29.41
2022-09-28T00:00:00.000Z,24,6720283,72.27,36,6156192,66.2,25,4511925,48.52,17,845244,8524,0.09,9.09,1.39,69.21,29.41
2022-09-29T00:00:00.000Z,32,6720315,72.27,61,6156253,66.2,13,4511938,48.52,48,845292,14056,0.15,9.09,1.37,69.22,29.41
2022-09-30T00:00:00.000Z,3,6720318,72.27,12,6156265,66.2,2,4511940,48.52,0,845292,15686,0.17,9.09,1.35,69.24,29.41
2022-10-01T00:00:00.000Z,0,6720318,72.27,1,6156266,66.2,1,4511941,48.52,1,845293,15701,0.17,9.09,1.31,69.29,29.41
2022-10-02T00:00:00.000Z,28,6720346,72.27,51,6156317,66.2,20,4511961,48.52,73,845366,21073,0.23,9.09,1.31,69.29,29.41
2022-10-03T00:00:00.000Z,23,6720369,72.27,29,6156346,66.2,13,4511974,48.52,12,845378,26954,0.29,9.09,1.31,69.28,29.4
2022-10-04T00:00:00.000Z,7,6720376,72.27,10,6156356,66.2,0,4511974,48.52,1,845379,28109,0.3,9.09,1.27,69.32,29.4
2022-10-05T00:00:00.000Z,1,6720377,72.27,0,6156356,66.2,0,4511974,48.52,1,845380,28109,0.3,9.09,1.28,69.31,29.4
2022-10-06T00:00:00.000Z,17,6720394,72.27,43,6156399,66.2,10,4511984,48.52,20,845400,35923,0.39,9.09,1.31,69.28,29.4
2022-10-07T00:00:00.000Z,3,6720397,72.27,3,6156402,66.2,3,4511987,48.52,0,845400,37335,0.4,9.09,1.3,69.29,29.41
2022-10-08T00:00:00.000Z,1,6720398,72.27,1,6156403,66.2,0,4511987,48.52,1,845401,37335,0.4,9.09,1.26,69.33,29.41
2022-10-09T00:00:00.000Z,7,6720405,72.27,22,6156425,66.2,6,4511993,48.52,5,845406,39389,0.42,9.09,1.31,69.28,29.41
2022-10-10T00:00:00.000Z,5,6720410,72.27,2,6156427,66.2,0,4511993,48.52,0,845406,39451,0.42,9.09,1.38,69.22,29.4
2022-10-11T00:00:00.000Z,12,6720422,72.27,32,6156459,66.2,1,4511994,48.52,32,845438,44129,0.47,9.09,1.36,69.24,29.4
2022-10-12T00:00:00.000Z,13,6720435,72.27,24,6156483,66.2,5,4511999,48.52,4,845442,49422,0.53,9.09,1.34,69.26,29.4
2022-10-13T00:00:00.000Z,17,6720452,72.27,16,6156499,66.2,5,4512004,48.52,9,845451,53410,0.57,9.09,1.4,69.2,29.4
2022-10-14T00:00:00.000Z,6,6720458,72.27,7,6156506,66.2,4,4512008,48.52,3,845454,54715,0.59,9.09,1.4,69.2,29.4
2022-10-15T00:00:00.000Z,0,6720458,72.27,0,6156506,66.2,0,4512008,48.52,1,845455,54723,0.59,9.09,1.38,69.22,29.4
2022-10-16T00:00:00.000Z,4,6720462,72.27,13,6156519,66.2,5,4512013,48.52,8,845463,56633,0.61,9.09,1.39,69.2,29.4
2022-10-17T00:00:00.000Z,1,6720463,72.27,1,6156520,66.2,3,4512016,48.52,1,845464,56663,0.61,9.09,1.39,69.2,29.4
2022-10-18T00:00:00.000Z,24,6720487,72.27,31,6156551,66.2,14,4512030,48.52,16,845480,61864,0.67,9.09,1.43,69.17,29.4
2022-10-19T00:00:00.000Z,18,6720505,72.27,25,6156576,66.2,7,4512037,48.52,3,845483,68221,0.73,9.09,1.47,69.12,29.4
2022-10-20T00:00:00.000Z,26,6720531,72.27,44,6156620,66.21,12,4512049,48.52,4,845487,74738,0.8,9.09,1.5,69.1,29.4
2022-10-21T00:00:00.000Z,4,6720535,72.27,7,6156627,66.21,2,4512051,48.52,4,845491,76245,0.82,9.09,1.5,69.09,29.4
2022-10-22T00:00:00.000Z,0,6720535,72.27,0,6156627,66.21,0,4512051,48.52,0,845491,76251,0.82,9.09,1.49,69.1,29.4
2022-10-23T00:00:00.000Z,15,6720550,72.27,33,6156660,66.21,18,4512069,48.52,10,845501,81387,0.88,9.09,1.51,69.08,29.4
2022-10-24T00:00:00.000Z,20,6720570,72.27,16,6156676,66.21,19,4512088,48.52,9,845510,86727,0.93,9.09,1.51,69.08,29.41
2022-10-25T00:00:00.000Z,18,6720588,72.27,34,6156710,66.21,22,4512110,48.52,21,845531,93141,1,9.09,1.55,69.04,29.4
2022-10-26T00:00:00.000Z,18,6720606,72.27,25,6156735,66.21,8,4512118,48.52,9,845540,100064,1.08,9.09,1.61,68.99,29.4
2022-10-27T00:00:00.000Z,18,6720624,72.27,26,6156761,66.21,14,4512132,48.52,17,845557,108329,1.16,9.09,1.67,68.93,29.4
2022-10-28T00:00:00.000Z,45,6720669,72.27,47,6156808,66.21,31,4512163,48.52,18,845575,110193,1.19,9.09,1.67,68.93,29.4
2022-10-29T00:00:00.000Z,0,6720669,72.27,0,6156808,66.21,0,4512163,48.52,0,845575,110193,1.19,9.09,1.66,68.94,29.4
2022-10-30T00:00:00.000Z,14,6720683,72.27,23,6156831,66.21,15,4512178,48.52,9,845584,116148,1.25,9.09,1.71,68.89,29.4
2022-10-31T00:00:00.000Z,17,6720700,72.27,16,6156847,66.21,8,4512186,48.52,9,845593,122461,1.32,9.09,1.76,68.84,29.4
2022-11-01T00:00:00.000Z,2,6720702,72.27,1,6156848,66.21,1,4512187,48.52,0,845593,123730,1.33,9.09,1.82,68.78,29.4
2022-11-02T00:00:00.000Z,13,6720715,72.27,13,6156861,66.21,7,4512194,48.52,8,845601,129827,1.4,9.09,1.88,68.72,29.4
2022-11-03T00:00:00.000Z,17,6720732,72.27,18,6156879,66.21,11,4512205,48.52,8,845609,136634,1.47,9.09,1.96,68.64,29.4
2022-11-04T00:00:00.000Z,4,6720736,72.27,6,6156885,66.21,1,4512206,48.52,2,845611,138293,1.49,9.09,1.98,68.63,29.4
2022-11-05T00:00:00.000Z,0,6720736,72.27,0,6156885,66.21,0,4512206,48.52,0,845611,138293,1.49,9.09,1.97,68.63,29.4
2022-11-06T00:00:00.000Z,25,6720761,72.27,34,6156919,66.21,11,4512217,48.52,23,845634,145108,1.56,9.09,2.03,68.57,29.4
2022-11-07T00:00:00.000Z,15,6720776,72.27,11,6156930,66.21,10,4512227,48.52,54,845688,152531,1.64,9.09,2.1,68.51,29.4
2022-11-08T00:00:00.000Z,28,6720804,72.27,26,6156956,66.21,14,4512241,48.52,9,845697,159438,1.71,9.09,2.1,68.5,29.4
2022-11-09T00:00:00.000Z,16,6720820,72.27,20,6156976,66.21,17,4512258,48.52,9,845706,166938,1.8,9.09,2.16,68.45,29.4
2022-11-10T00:00:00.000Z,27,6720847,72.27,17,6156993,66.21,11,4512269,48.52,6,845712,175775,1.89,9.09,2.22,68.39,29.4
2022-11-11T00:00:00.000Z,1,6720848,72.27,17,6157010,66.21,2,4512271,48.52,1,845713,178329,1.92,9.09,2.23,68.37,29.4
2022-11-12T00:00:00.000Z,1,6720849,72.27,0,6157010,66.21,2,4512273,48.52,0,845713,178379,1.92,9.09,2.22,68.38,29.4
2022-11-13T00:00:00.000Z,27,6720876,72.27,31,6157041,66.21,17,4512290,48.52,8,845721,185653,2,9.09,2.29,68.31,29.4
2022-11-14T00:00:00.000Z,20,6720896,72.27,17,6157058,66.21,21,4512311,48.52,16,845737,193639,2.08,9.09,2.37,68.23,29.4
2022-11-15T00:00:00.000Z,40,6720936,72.27,25,6157083,66.21,16,4512327,48.52,18,845755,201166,2.16,9.09,2.43,68.17,29.4
2022-11-16T00:00:00.000Z,14,6720950,72.27,27,6157110,66.21,16,4512343,48.52,11,845766,208790,2.25,9.1,2.5,68.1,29.4
2022-11-17T00:00:00.000Z,19,6720969,72.27,33,6157143,66.21,18,4512361,48.52,5,845771,217150,2.34,9.1,2.59,68.02,29.4
2022-11-18T00:00:00.000Z,6,6720975,72.27,4,6157147,66.21,4,4512365,48.52,0,845771,219704,2.36,9.1,2.61,67.99,29.4
2022-11-19T00:00:00.000Z,0,6720975,72.27,0,6157147,66.21,0,4512365,48.52,0,845771,219704,2.36,9.1,2.6,68,29.4
2022-11-20T00:00:00.000Z,19,6720994,72.27,19,6157166,66.21,6,4512371,48.52,13,845784,225933,2.43,9.1,2.67,67.93,29.4
2022-11-21T00:00:00.000Z,14,6721008,72.27,13,6157179,66.21,6,4512377,48.52,6,845790,232965,2.51,9.1,2.76,67.85,29.4
2022-11-22T00:00:00.000Z,26,6721034,72.27,13,6157192,66.21,17,4512394,48.52,6,845796,239943,2.58,9.1,2.83,67.77,29.4
2022-11-23T00:00:00.000Z,17,6721051,72.27,20,6157212,66.21,4,4512398,48.52,8,845804,246635,2.65,9.1,2.9,67.7,29.4
2022-11-24T00:00:00.000Z,9,6721060,72.28,16,6157228,66.21,13,4512411,48.52,27,845831,253778,2.73,9.1,2.98,67.62,29.4
2022-11-25T00:00:00.000Z,17,6721077,72.28,34,6157262,66.21,14,4512425,48.52,12,845843,255770,2.75,9.1,3,67.6,29.4
2022-11-26T00:00:00.000Z,0,6721077,72.28,2,6157264,66.21,0,4512425,48.52,0,845843,255780,2.75,9.1,3,67.61,29.4
2022-11-27T00:00:00.000Z,14,6721091,72.28,15,6157279,66.21,19,4512444,48.52,2,845845,261749,2.81,9.1,3.06,67.54,29.4
2022-11-28T00:00:00.000Z,8,6721099,72.28,23,6157302,66.21,8,4512452,48.52,6,845851,267437,2.88,9.1,3.14,67.47,29.4
2022-11-29T00:00:00.000Z,37,6721136,72.28,31,6157333,66.21,19,4512471,48.52,14,845865,273785,2.94,9.1,3.2,67.4,29.4
2022-11-30T00:00:00.000Z,12,6721148,72.28,25,6157358,66.21,20,4512491,48.53,8,845873,280402,3.02,9.1,3.27,67.34,29.39
2022-12-01T00:00:00.000Z,13,6721161,72.28,17,6157375,66.21,15,4512506,48.53,4,845877,287800,3.09,9.1,3.34,67.26,29.39
2022-12-02T00:00:00.000Z,2,6721163,72.28,7,6157382,66.21,4,4512510,48.53,10,845887,289647,3.11,9.1,3.36,67.24,29.39
2022-12-03T00:00:00.000Z,0,6721163,72.28,0,6157382,66.21,0,4512510,48.53,1,845888,289657,3.11,9.1,3.36,67.24,29.39
2022-12-04T00:00:00.000Z,30,6721193,72.28,24,6157406,66.21,29,4512539,48.53,26,845914,295394,3.18,9.1,3.42,67.18,29.39
2022-12-05T00:00:00.000Z,9,6721202,72.28,17,6157423,66.21,11,4512550,48.53,18,845932,300901,3.24,9.1,3.48,67.12,29.4
2022-12-06T00:00:00.000Z,32,6721234,72.28,26,6157449,66.21,27,4512577,48.53,7,845939,305790,3.29,9.1,3.55,67.06,29.39
2022-12-07T00:00:00.000Z,10,6721244,72.28,17,6157466,66.21,8,4512585,48.53,7,845946,310506,3.34,9.1,3.62,66.99,29.39
2022-12-08T00:00:00.000Z,18,6721262,72.28,29,6157495,66.21,15,4512600,48.53,3,845949,316245,3.4,9.1,3.69,66.91,29.39
2022-12-09T00:00:00.000Z,4,6721266,72.28,1,6157496,66.21,1,4512601,48.53,7,845956,318031,3.42,9.1,3.71,66.9,29.39
2022-12-10T00:00:00.000Z,1,6721267,72.28,0,6157496,66.21,2,4512603,48.53,0,845956,318039,3.42,9.1,3.7,66.91,29.39
2022-12-11T00:00:00.000Z,14,6721281,72.28,19,6157515,66.21,15,4512618,48.53,16,845972,322242,3.47,9.1,3.76,66.84,29.39
2022-12-12T00:00:00.000Z,14,6721295,72.28,13,6157528,66.22,5,4512623,48.53,0,845972,326729,3.51,9.1,3.82,66.78,29.39
2022-12-13T00:00:00.000Z,17,6721312,72.28,44,6157572,66.22,18,4512641,48.53,13,845985,331396,3.56,9.1,3.87,66.73,29.39
2022-12-14T00:00:00.000Z,17,6721329,72.28,16,6157588,66.22,7,4512648,48.53,3,845988,336033,3.61,9.1,3.92,66.69,29.39
2022-12-15T00:00:00.000Z,22,6721351,72.28,19,6157607,66.22,7,4512655,48.53,12,846000,341408,3.67,9.1,3.97,66.64,29.39
2022-12-16T00:00:00.000Z,11,6721362,72.28,2,6157609,66.22,1,4512656,48.53,0,846000,342904,3.69,9.1,3.98,66.62,29.39
2022-12-17T00:00:00.000Z,0,6721362,72.28,0,6157609,66.22,0,4512656,48.53,0,846000,342904,3.69,9.1,3.97,66.63,29.39
2022-12-18T00:00:00.000Z,9,6721371,72.28,17,6157626,66.22,8,4512664,48.53,3,846003,346043,3.72,9.1,4.01,66.59,29.39
2022-12-19T00:00:00.000Z,7,6721378,72.28,14,6157640,66.22,12,4512676,48.53,1,846004,349282,3.76,9.1,4.06,66.54,29.4
2022-12-20T00:00:00.000Z,12,6721390,72.28,17,6157657,66.22,2,4512678,48.53,2,846006,351310,3.78,9.1,4.1,66.51,29.39
2022-12-21T00:00:00.000Z,9,6721399,72.28,14,6157671,66.22,13,4512691,48.53,3,846009,353692,3.8,9.1,4.14,66.47,29.39
2022-12-22T00:00:00.000Z,4,6721403,72.28,10,6157681,66.22,14,4512705,48.53,1,846010,356634,3.84,9.1,4.18,66.42,29.39
2022-12-23T00:00:00.000Z,8,6721411,72.28,0,6157681,66.22,2,4512707,48.53,0,846010,357535,3.84,9.1,4.19,66.42,29.39
2022-12-24T00:00:00.000Z,0,6721411,72.28,0,6157681,66.22,0,4512707,48.53,0,846010,357535,3.84,9.1,4.18,66.43,29.39
2022-12-25T00:00:00.000Z,6,6721417,72.28,17,6157698,66.22,1,4512708,48.53,2,846012,359423,3.87,9.1,4.21,66.4,29.39
2022-12-26T00:00:00.000Z,17,6721434,72.28,6,6157704,66.22,13,4512721,48.53,0,846012,361424,3.89,9.1,4.24,66.36,29.39
2022-12-27T00:00:00.000Z,24,6721458,72.28,24,6157728,66.22,17,4512738,48.53,7,846019,363714,3.91,9.1,4.25,66.36,29.39
2022-12-28T00:00:00.000Z,18,6721476,72.28,18,6157746,66.22,24,4512762,48.53,64,846083,365648,3.93,9.1,4.26,66.34,29.39
2022-12-29T00:00:00.000Z,15,6721491,72.28,23,6157769,66.22,14,4512776,48.53,4,846087,368298,3.96,9.1,4.28,66.33,29.39
2022-12-30T00:00:00.000Z,4,6721495,72.28,5,6157774,66.22,3,4512779,48.53,0,846087,368982,3.97,9.1,4.27,66.33,29.4
2022-12-31T00:00:00.000Z,0,6721495,72.28,1,6157775,66.22,0,4512779,48.53,0,846087,368984,3.97,9.1,4.26,66.35,29.4
2023-01-01T00:00:00.000Z,6,6721501,72.28,14,6157789,66.22,2,4512781,48.53,1,846088,370668,3.99,9.1,4.27,66.33,29.4
2023-01-02T00:00:00.000Z,10,6721511,72.28,8,6157797,66.22,3,4512784,48.53,1,846089,372200,4,9.1,4.29,66.31,29.4
2023-01-03T00:00:00.000Z,20,6721531,72.28,17,6157814,66.22,7,4512791,48.53,3,846092,373852,4.02,9.1,4.3,66.3,29.4
2023-01-04T00:00:00.000Z,6,6721537,72.28,11,6157825,66.22,4,4512795,48.53,2,846094,375323,4.04,9.1,4.3,66.3,29.4
2023-01-05T00:00:00.000Z,12,6721549,72.28,19,6157844,66.22,11,4512806,48.53,2,846096,377173,4.06,9.1,4.31,66.29,29.39
2023-01-06T00:00:00.000Z,2,6721551,72.28,1,6157845,66.22,1,4512807,48.53,0,846096,377576,4.06,9.1,4.31,66.29,29.4
2023-01-07T00:00:00.000Z,1,6721552,72.28,0,6157845,66.22,0,4512807,48.53,0,846096,377576,4.06,9.1,4.3,66.31,29.4
2023-01-08T00:00:00.000Z,12,6721564,72.28,31,6157876,66.22,9,4512816,48.53,3,846099,379203,4.08,9.1,4.33,66.28,29.4
2023-01-09T00:00:00.000Z,12,6721576,72.28,20,6157896,66.22,1,4512817,48.53,0,846099,380526,4.09,9.1,4.34,66.26,29.4
2023-01-10T00:00:00.000Z,38,6721614,72.28,26,6157922,66.22,9,4512826,48.53,4,846103,381849,4.11,9.1,4.35,66.25,29.4
2023-01-11T00:00:00.000Z,14,6721628,72.28,18,6157940,66.22,11,4512837,48.53,1,846104,383136,4.12,9.1,4.36,66.25,29.4
2023-01-12T00:00:00.000Z,0,6721628,72.28,0,6157940,66.22,0,4512837,48.53,0,846104,383136,4.12,9.1,4.37,66.24,29.4
