Day_Date,vaccinated,vaccinated_cum,vaccinated_population_perc,vaccinated_seconde_dose,vaccinated_seconde_dose_cum,vaccinated_seconde_dose_population_perc,vaccinated_third_dose,vaccinated_third_dose_cum,vaccinated_third_dose_population_perc,vaccinated_fourth_dose,vaccinated_fourth_dose_cum,vaccinated_fourth_dose_population_perc,vaccinated_validity_perc,vaccinated_expired_perc,not_vaccinated_perc
2020-12-19T00:00:00.000Z,46,69,0,0,4,0,0,0,0,0,0,0,0,0,100
2020-12-20T00:00:00.000Z,7393,7462,0.08,0,4,0,0,0,0,0,0,0,0,0,100
2020-12-21T00:00:00.000Z,24921,32383,0.35,0,4,0,0,0,0,0,0,0,0,0,100
2020-12-22T00:00:00.000Z,44662,77045,0.83,0,4,0,0,0,0,0,0,0,0,0,100
2020-12-23T00:00:00.000Z,62911,139956,1.5,0,4,0,0,0,0,0,0,0,0,0,100
2020-12-24T00:00:00.000Z,73422,213378,2.29,0,4,0,0,0,0,0,0,0,0,0,100
2020-12-25T00:00:00.000Z,38511,251889,2.71,0,4,0,0,0,0,0,0,0,0,0,100
2020-12-26T00:00:00.000Z,32615,284504,3.06,0,4,0,0,0,0,0,0,0,0,0,100
2020-12-27T00:00:00.000Z,104560,389064,4.18,0,4,0,0,0,0,0,0,0,0,0,100
2020-12-28T00:00:00.000Z,135013,524077,5.64,0,4,0,0,0,0,0,0,0,0,0,100
2020-12-29T00:00:00.000Z,156300,680377,7.32,2,6,0,0,0,0,0,0,0,0,0,100
2020-12-30T00:00:00.000Z,153153,833530,8.96,0,6,0,0,0,0,0,0,0,0,0,100
2020-12-31T00:00:00.000Z,158560,992090,10.67,0,6,0,0,0,0,0,0,0,0,0,100
2021-01-01T00:00:00.000Z,71423,1063513,11.44,0,6,0,0,0,0,0,0,0,0,0,100
2021-01-02T00:00:00.000Z,71729,1135242,12.21,0,6,0,0,0,0,0,0,0,0,0,100
2021-01-03T00:00:00.000Z,149744,1284986,13.82,0,6,0,0,0,0,0,0,0,0,0,100
2021-01-04T00:00:00.000Z,152176,1437162,15.45,1,7,0,0,0,0,0,0,0,0,0,100
2021-01-05T00:00:00.000Z,125186,1562348,16.8,3,10,0,0,0,0,0,0,0,0,0,100
2021-01-06T00:00:00.000Z,103344,1665692,17.91,2,12,0,0,0,0,0,0,0,0,0,100
2021-01-07T00:00:00.000Z,116032,1781724,19.16,9,21,0,0,0,0,0,0,0,0,0,100
2021-01-08T00:00:00.000Z,66448,1848172,19.87,4,25,0,0,0,0,0,0,0,0,0,100
2021-01-09T00:00:00.000Z,44541,1892713,20.35,24,49,0,0,0,0,0,0,0,0,0,100
2021-01-10T00:00:00.000Z,37641,1930354,20.76,5999,6048,0.07,0,0,0,0,0,0,0,0,100
2021-01-11T00:00:00.000Z,21163,1951517,20.99,19263,25311,0.27,0,0,0,0,0,0,0,0,100
2021-01-12T00:00:00.000Z,24066,1975583,21.24,35671,60982,0.66,0,0,0,0,0,0,0,0,100
2021-01-13T00:00:00.000Z,52062,2027645,21.8,56869,117851,1.27,0,0,0,0,0,0,0,0,100
2021-01-14T00:00:00.000Z,56465,2084110,22.41,68833,186684,2.01,0,0,0,0,0,0,0,0,100
2021-01-15T00:00:00.000Z,30762,2114872,22.74,35937,222621,2.39,0,0,0,0,0,0,0,0,100
2021-01-16T00:00:00.000Z,29474,2144346,23.06,26004,248625,2.67,0,0,0,0,0,0,0,0,100
2021-01-17T00:00:00.000Z,68426,2212772,23.8,84589,333214,3.58,0,0,0,0,0,0,0.31,0,99.69
2021-01-18T00:00:00.000Z,69804,2282576,24.55,120420,453634,4.88,0,0,0,0,0,0,0.58,0,99.42
2021-01-19T00:00:00.000Z,72881,2355457,25.33,137823,591457,6.36,0,0,0,0,0,0,1.09,0,98.91
2021-01-20T00:00:00.000Z,76894,2432351,26.16,143748,735205,7.91,0,0,0,0,0,0,1.9,0,98.1
2021-01-21T00:00:00.000Z,69989,2502340,26.91,164438,899643,9.67,0,0,0,0,0,0,2.88,0,97.12
2021-01-22T00:00:00.000Z,37915,2540255,27.32,71126,970769,10.44,0,0,0,0,0,0,3.39,0,96.61
2021-01-23T00:00:00.000Z,39961,2580216,27.75,53578,1024347,11.02,0,0,0,0,0,0,3.77,0,96.23
2021-01-24T00:00:00.000Z,69135,2649351,28.49,140692,1165039,12.53,0,0,0,0,0,0,4.96,0,95.04
2021-01-25T00:00:00.000Z,80933,2730284,29.36,139501,1304540,14.03,0,0,0,0,0,0,6.61,0,93.39
2021-01-26T00:00:00.000Z,78711,2808995,30.21,126418,1430958,15.39,0,0,0,0,0,0,8.45,0,91.55
2021-01-27T00:00:00.000Z,77966,2886961,31.05,125050,1556008,16.73,0,0,0,0,0,0,10.34,0,89.66
2021-01-28T00:00:00.000Z,79561,2966522,31.9,130606,1686614,18.14,0,0,0,0,0,0,12.43,0,87.57
2021-01-29T00:00:00.000Z,36695,3003217,32.3,64781,1751395,18.83,0,0,0,0,0,0,13.34,0,86.66
2021-01-30T00:00:00.000Z,34392,3037609,32.66,42759,1794154,19.29,0,0,0,0,0,0,14.02,0,85.98
2021-01-31T00:00:00.000Z,73322,3110931,33.45,59493,1853647,19.93,0,0,0,0,0,0,15.76,0,84.24
2021-02-01T00:00:00.000Z,82491,3193422,34.34,35347,1888994,20.31,0,0,0,0,0,0,17.48,0,82.52
2021-02-02T00:00:00.000Z,70086,3263508,35.09,31062,1920056,20.65,0,0,0,0,0,0,19.01,0,80.99
2021-02-03T00:00:00.000Z,60299,3323807,35.74,51433,1971489,21.2,0,0,0,0,0,0,20.47,0,79.53
2021-02-04T00:00:00.000Z,72612,3396419,36.52,58084,2029573,21.82,0,0,0,0,0,0,22,0,78
2021-02-05T00:00:00.000Z,33939,3430358,36.89,28797,2058370,22.13,0,0,0,0,0,0,22.75,0,77.25
2021-02-06T00:00:00.000Z,21618,3451976,37.12,22228,2080598,22.37,0,0,0,0,0,0,23.23,0,76.77
2021-02-07T00:00:00.000Z,54076,3506052,37.7,68725,2149323,23.11,0,0,0,0,0,0,23.99,0,76.01
2021-02-08T00:00:00.000Z,58630,3564682,38.33,65456,2214779,23.82,0,0,0,0,0,0,24.52,0,75.48
2021-02-09T00:00:00.000Z,66339,3631021,39.05,67562,2282341,24.54,0,0,0,0,0,0,25.04,0,74.96
2021-02-10T00:00:00.000Z,70559,3701580,39.8,72297,2354638,25.32,0,0,0,0,0,0,25.77,0,74.23
2021-02-11T00:00:00.000Z,81153,3782733,40.68,72094,2426732,26.1,0,0,0,0,0,0,26.61,0,73.39
2021-02-12T00:00:00.000Z,39093,3821826,41.1,37584,2464316,26.5,0,0,0,0,0,0,27.02,0,72.98
2021-02-13T00:00:00.000Z,27456,3849282,41.39,30439,2494755,26.83,0,0,0,0,0,0,27.33,0,72.67
2021-02-14T00:00:00.000Z,74905,3924187,42.2,69076,2563831,27.57,0,0,0,0,0,0,28.25,0,71.75
2021-02-15T00:00:00.000Z,81537,4005724,43.08,75710,2639541,28.38,0,0,0,0,0,0,29.17,0,70.83
2021-02-16T00:00:00.000Z,83412,4089136,43.97,78282,2717823,29.23,0,0,0,0,0,0,30.11,0,69.89
2021-02-17T00:00:00.000Z,61974,4151110,44.64,75632,2793455,30.04,0,0,0,0,0,0,31.01,0,68.99
2021-02-18T00:00:00.000Z,69144,4220254,45.38,79726,2873181,30.9,0,0,0,0,0,0,31.94,0,68.06
2021-02-19T00:00:00.000Z,39663,4259917,45.81,38151,2911332,31.31,0,0,0,0,0,0,32.45,0,67.55
2021-02-20T00:00:00.000Z,31648,4291565,46.15,28723,2940055,31.62,0,0,0,0,0,0,32.85,0,67.15
2021-02-21T00:00:00.000Z,79424,4370989,47,78439,3018494,32.46,0,0,0,0,0,0,33.8,0,66.2
2021-02-22T00:00:00.000Z,85054,4456043,47.92,80585,3099079,33.33,0,0,0,0,0,0,34.83,0,65.17
2021-02-23T00:00:00.000Z,77321,4533364,48.75,70471,3169550,34.08,0,0,0,0,0,0,35.84,0,64.16
2021-02-24T00:00:00.000Z,61064,4594428,49.41,63131,3232681,34.76,0,0,0,0,0,0,36.76,0,63.24
2021-02-25T00:00:00.000Z,51722,4646150,49.96,64793,3297474,35.46,0,0,0,0,0,0,37.66,0,62.34
2021-02-26T00:00:00.000Z,25905,4672055,50.24,32035,3329509,35.8,0,0,0,0,0,0,38.1,0,61.9
2021-02-27T00:00:00.000Z,18347,4690402,50.44,21195,3350704,36.03,0,0,0,0,0,0,38.42,0,61.58
2021-02-28T00:00:00.000Z,40357,4730759,50.87,55870,3406574,36.63,0,0,0,0,0,0,39.24,0,60.76
2021-03-01T00:00:00.000Z,45732,4776491,51.36,61433,3468007,37.29,0,0,0,0,0,0,40.1,0,59.9
2021-03-02T00:00:00.000Z,41193,4817684,51.81,64790,3532797,37.99,0,0,0,0,0,0,40.85,0,59.15
2021-03-03T00:00:00.000Z,42021,4859705,52.26,66785,3599582,38.71,0,0,0,0,0,0,41.55,0,58.45
2021-03-04T00:00:00.000Z,39704,4899409,52.69,79107,3678689,39.56,0,0,0,0,0,0,42.24,0,57.76
2021-03-05T00:00:00.000Z,17355,4916764,52.87,40460,3719149,39.99,0,0,0,0,0,0,42.57,0,57.43
2021-03-06T00:00:00.000Z,10715,4927479,52.99,25341,3744490,40.27,0,0,0,0,0,0,42.78,0,57.22
2021-03-07T00:00:00.000Z,31151,4958630,53.32,72836,3817326,41.05,0,0,0,0,0,0,43.36,0,56.64
2021-03-08T00:00:00.000Z,27377,4986007,53.62,73289,3890615,41.84,0,0,0,0,0,0,43.97,0,56.03
2021-03-09T00:00:00.000Z,26746,5012753,53.9,76593,3967208,42.66,0,0,0,0,0,0,44.62,0,55.38
2021-03-10T00:00:00.000Z,23359,5036112,54.16,58677,4025885,43.29,0,0,0,0,0,0,45.27,0,54.73
2021-03-11T00:00:00.000Z,23294,5059406,54.41,69080,4094965,44.04,0,0,0,0,0,0,45.99,0,54.01
2021-03-12T00:00:00.000Z,11290,5070696,54.53,41405,4136370,44.48,0,0,0,0,0,0,46.34,0,53.66
2021-03-13T00:00:00.000Z,7944,5078640,54.61,25236,4161606,44.75,0,0,0,0,0,0,46.57,0,53.43
2021-03-14T00:00:00.000Z,20981,5099621,54.84,73929,4235535,45.55,0,0,0,0,0,0,47.2,0,52.8
2021-03-15T00:00:00.000Z,20137,5119758,55.06,78273,4313808,46.39,0,0,0,0,0,0,47.81,0,52.19
2021-03-16T00:00:00.000Z,18747,5138505,55.26,71474,4385282,47.16,0,0,0,0,0,0,48.43,0,51.57
2021-03-17T00:00:00.000Z,17696,5156201,55.45,59001,4444283,47.79,0,0,0,0,0,0,48.92,0,51.08
2021-03-18T00:00:00.000Z,16043,5172244,55.62,58124,4502407,48.42,0,0,0,0,0,0,49.45,0,50.55
2021-03-19T00:00:00.000Z,6944,5179188,55.69,27973,4530380,48.72,0,0,0,0,0,0,49.75,0,50.25
2021-03-20T00:00:00.000Z,5223,5184411,55.75,15295,4545675,48.88,0,0,0,0,0,0,49.93,0,50.07
2021-03-21T00:00:00.000Z,13162,5197573,55.89,40503,4586178,49.32,0,0,0,0,0,0,50.46,0,49.54
2021-03-22T00:00:00.000Z,13570,5211143,56.04,40532,4626710,49.75,0,0,0,0,0,0,51,0,49
2021-03-23T00:00:00.000Z,2835,5213978,56.07,7295,4634005,49.83,0,0,0,0,0,0,51.43,0,48.57
2021-03-24T00:00:00.000Z,10990,5224968,56.19,46550,4680555,50.33,0,0,0,0,0,0,51.84,0,48.16
2021-03-25T00:00:00.000Z,10257,5235225,56.3,35428,4715983,50.71,0,0,0,0,0,0,52.22,0,47.78
2021-03-26T00:00:00.000Z,4180,5239405,56.34,13327,4729310,50.86,0,0,0,0,0,0,52.4,0,47.6
2021-03-27T00:00:00.000Z,1782,5241187,56.36,4265,4733575,50.9,0,0,0,0,0,0,52.5,0,47.5
2021-03-28T00:00:00.000Z,2109,5243296,56.38,4605,4738180,50.95,0,0,0,0,0,0,52.74,0,47.26
2021-03-29T00:00:00.000Z,6904,5250200,56.46,30012,4768192,51.27,0,0,0,0,0,0,53,0,47
2021-03-30T00:00:00.000Z,7878,5258078,56.54,22446,4790638,51.52,0,0,0,0,0,0,53.08,0,46.92
2021-03-31T00:00:00.000Z,8145,5266223,56.63,19487,4810125,51.73,0,0,0,0,0,0,53.38,0,46.62
2021-04-01T00:00:00.000Z,8195,5274418,56.72,18697,4828822,51.93,0,0,0,0,0,0,53.62,0,46.38
2021-04-02T00:00:00.000Z,2926,5277344,56.75,8125,4836947,52.01,0,0,0,0,0,0,53.71,0,46.29
2021-04-03T00:00:00.000Z,1430,5278774,56.77,2976,4839923,52.05,0,0,0,0,0,0,53.74,0,46.26
2021-04-04T00:00:00.000Z,9614,5288388,56.87,22829,4862752,52.29,0,0,0,0,0,0,53.82,0,46.18
2021-04-05T00:00:00.000Z,10355,5298743,56.98,21267,4884019,52.52,0,0,0,0,0,0,54.04,0,45.96
2021-04-06T00:00:00.000Z,9017,5307760,57.08,16785,4900804,52.7,0,0,0,0,0,0,54.21,0,45.79
2021-04-07T00:00:00.000Z,8919,5316679,57.17,15301,4916105,52.87,0,0,0,0,0,0,54.36,0,45.64
2021-04-08T00:00:00.000Z,9415,5326094,57.27,17001,4933106,53.05,0,0,0,0,0,0,54.52,0,45.48
2021-04-09T00:00:00.000Z,3600,5329694,57.31,6242,4939348,53.12,0,0,0,0,0,0,54.58,0,45.42
2021-04-10T00:00:00.000Z,1630,5331324,57.33,3519,4942867,53.15,0,0,0,0,0,0,54.61,0,45.39
2021-04-11T00:00:00.000Z,9030,5340354,57.43,14242,4957109,53.31,0,0,0,0,0,0,54.78,0,45.22
2021-04-12T00:00:00.000Z,8928,5349282,57.52,13223,4970332,53.45,0,0,0,0,0,0,54.95,0,45.05
2021-04-13T00:00:00.000Z,5832,5355114,57.59,4953,4975285,53.5,0,0,0,0,0,0,55.08,0,44.92
2021-04-14T00:00:00.000Z,3638,5358752,57.63,5300,4980585,53.56,0,0,0,0,0,0,55.18,0,44.82
2021-04-15T00:00:00.000Z,688,5359440,57.63,572,4981157,53.56,0,0,0,0,0,0,55.27,0,44.73
2021-04-16T00:00:00.000Z,3407,5362847,57.67,6641,4987798,53.64,0,0,0,0,0,0,55.33,0,44.67
2021-04-17T00:00:00.000Z,816,5363663,57.68,1970,4989768,53.66,0,0,0,0,0,0,55.35,0,44.65
2021-04-18T00:00:00.000Z,7091,5370754,57.75,7431,4997199,53.74,0,0,0,0,0,0,55.47,0,44.53
2021-04-19T00:00:00.000Z,6392,5377146,57.82,7123,5004322,53.81,0,0,0,0,0,0,55.58,0,44.42
2021-04-20T00:00:00.000Z,6269,5383415,57.89,6880,5011202,53.89,0,0,0,0,0,0,55.65,0,44.35
2021-04-21T00:00:00.000Z,6368,5389783,57.96,7095,5018297,53.96,0,0,0,0,0,0,55.71,0,44.29
2021-04-22T00:00:00.000Z,5940,5395723,58.02,7679,5025976,54.05,0,0,0,0,0,0,55.75,0,44.25
2021-04-23T00:00:00.000Z,2754,5398477,58.05,3380,5029356,54.08,0,0,0,0,0,0,55.8,0,44.2
2021-04-24T00:00:00.000Z,766,5399243,58.06,1285,5030641,54.1,0,0,0,0,0,0,55.82,0,44.18
2021-04-25T00:00:00.000Z,4826,5404069,58.11,6915,5037556,54.17,0,0,0,0,0,0,55.89,0,44.11
2021-04-26T00:00:00.000Z,5472,5409541,58.17,7885,5045441,54.26,0,0,0,0,0,0,55.96,0,44.04
2021-04-27T00:00:00.000Z,4497,5414038,58.22,6619,5052060,54.33,0,0,0,0,0,0,56.03,0,43.97
2021-04-28T00:00:00.000Z,4484,5418522,58.27,7319,5059379,54.41,0,0,0,0,0,0,56.09,0,43.91
2021-04-29T00:00:00.000Z,4369,5422891,58.32,7282,5066661,54.48,0,0,0,0,0,0,56.16,0,43.84
2021-04-30T00:00:00.000Z,1916,5424807,58.34,3192,5069853,54.52,0,0,0,0,0,0,56.19,0,43.81
2021-05-01T00:00:00.000Z,454,5425261,58.34,891,5070744,54.53,0,0,0,0,0,0,56.2,0,43.8
2021-05-02T00:00:00.000Z,3224,5428485,58.38,6084,5076828,54.59,0,0,0,0,0,0,56.26,0,43.74
2021-05-03T00:00:00.000Z,3533,5432018,58.41,5823,5082651,54.66,0,0,0,0,0,0,56.32,0,43.68
2021-05-04T00:00:00.000Z,3582,5435600,58.45,4720,5087371,54.71,0,0,0,0,0,0,56.38,0,43.62
2021-05-05T00:00:00.000Z,3284,5438884,58.49,4082,5091453,54.75,0,0,0,0,0,0,56.44,0,43.56
2021-05-06T00:00:00.000Z,3635,5442519,58.53,3138,5094591,54.78,0,0,0,0,0,0,56.5,0,43.5
2021-05-07T00:00:00.000Z,1832,5444351,58.55,2498,5097089,54.81,0,0,0,0,0,0,56.52,0,43.48
2021-05-08T00:00:00.000Z,235,5444586,58.55,504,5097593,54.82,0,0,0,0,0,0,56.53,0,43.47
2021-05-09T00:00:00.000Z,2844,5447430,58.58,4743,5102336,54.87,0,0,0,0,0,0,56.58,0,43.42
2021-05-10T00:00:00.000Z,2891,5450321,58.61,4701,5107037,54.92,0,0,0,0,0,0,56.63,0,43.37
2021-05-11T00:00:00.000Z,2618,5452939,58.64,3870,5110907,54.96,0,0,0,0,0,0,56.67,0,43.33
2021-05-12T00:00:00.000Z,2021,5454960,58.66,3332,5114239,55,0,0,0,0,0,0,56.7,0,43.3
2021-05-13T00:00:00.000Z,2035,5456995,58.68,3675,5117914,55.04,0,0,0,0,0,0,56.73,0,43.27
2021-05-14T00:00:00.000Z,968,5457963,58.69,1487,5119401,55.05,0,0,0,0,0,0,56.75,0,43.25
2021-05-15T00:00:00.000Z,247,5458210,58.69,255,5119656,55.05,0,0,0,0,0,0,56.75,0,43.25
2021-05-16T00:00:00.000Z,527,5458737,58.7,1201,5120857,55.07,0,0,0,0,0,0,56.78,0,43.22
2021-05-17T00:00:00.000Z,294,5459031,58.7,839,5121696,55.08,0,0,0,0,0,0,56.81,0,43.19
2021-05-18T00:00:00.000Z,1956,5460987,58.72,4931,5126627,55.13,0,0,0,0,0,0,56.84,0,43.16
2021-05-19T00:00:00.000Z,2218,5463205,58.75,5032,5131659,55.18,0,0,0,0,0,0,56.87,0,43.13
2021-05-20T00:00:00.000Z,2307,5465512,58.77,3873,5135532,55.23,0,0,0,0,0,0,56.9,0,43.1
2021-05-21T00:00:00.000Z,1177,5466689,58.79,1400,5136932,55.24,0,0,0,0,0,0,56.92,0,43.08
2021-05-22T00:00:00.000Z,204,5466893,58.79,393,5137325,55.24,0,0,0,0,0,0,56.92,0,43.08
2021-05-23T00:00:00.000Z,2269,5469162,58.81,3213,5140538,55.28,0,0,0,0,0,0,56.94,0,43.06
2021-05-24T00:00:00.000Z,2125,5471287,58.84,3594,5144132,55.32,0,0,0,0,0,0,56.96,0,43.04
2021-05-25T00:00:00.000Z,1814,5473101,58.86,2583,5146715,55.35,0,0,0,0,0,0,56.99,0,43.01
2021-05-26T00:00:00.000Z,1400,5474501,58.87,2499,5149214,55.37,0,0,0,0,0,0,57.03,0,42.97
2021-05-27T00:00:00.000Z,1842,5476343,58.89,3180,5152394,55.41,0,0,0,0,0,0,57.06,0,42.94
2021-05-28T00:00:00.000Z,773,5477116,58.9,1401,5153795,55.42,0,0,0,0,0,0,57.07,0,42.93
2021-05-29T00:00:00.000Z,185,5477301,58.9,223,5154018,55.42,0,0,0,0,0,0,57.07,0,42.93
2021-05-30T00:00:00.000Z,1637,5478938,58.92,1930,5155948,55.44,0,0,0,0,0,0,57.1,0,42.9
2021-05-31T00:00:00.000Z,1727,5480665,58.94,2088,5158036,55.47,0,0,0,0,0,0,57.13,0,42.87
2021-06-01T00:00:00.000Z,1369,5482034,58.95,1815,5159851,55.49,0,0,0,0,0,0,57.47,0,42.53
2021-06-02T00:00:00.000Z,1502,5483536,58.97,1603,5161454,55.5,0,0,0,0,0,0,57.25,0,42.75
2021-06-03T00:00:00.000Z,1676,5485212,58.99,1484,5162938,55.52,0,0,0,0,0,0,57.27,0,42.73
2021-06-04T00:00:00.000Z,1083,5486295,59,774,5163712,55.53,0,0,0,0,0,0,57.28,0,42.72
2021-06-05T00:00:00.000Z,179,5486474,59,158,5163870,55.53,0,0,0,0,0,0,57.29,0,42.71
2021-06-06T00:00:00.000Z,4284,5490758,59.04,1001,5164871,55.54,0,0,0,0,0,0,57.31,0,42.69
2021-06-07T00:00:00.000Z,4429,5495187,59.09,807,5165678,55.55,0,0,0,0,0,0,57.34,0,42.66
2021-06-08T00:00:00.000Z,3732,5498919,59.13,1166,5166844,55.56,0,0,0,0,0,0,57.36,0,42.64
2021-06-09T00:00:00.000Z,3606,5502525,59.17,1319,5168163,55.58,0,0,0,0,0,0,57.4,0,42.6
2021-06-10T00:00:00.000Z,3351,5505876,59.21,1292,5169455,55.59,0,0,0,0,0,0,57.42,0,42.58
2021-06-11T00:00:00.000Z,1387,5507263,59.22,576,5170031,55.6,0,0,0,0,0,0,57.43,0,42.57
2021-06-12T00:00:00.000Z,212,5507475,59.22,165,5170196,55.6,0,0,0,0,0,0,57.43,0,42.57
2021-06-13T00:00:00.000Z,3099,5510574,59.26,1254,5171450,55.61,0,0,0,0,0,0,57.45,0,42.55
2021-06-14T00:00:00.000Z,3047,5513621,59.29,1522,5172972,55.63,0,0,0,0,0,0,57.46,0,42.54
2021-06-15T00:00:00.000Z,3132,5516753,59.32,1365,5174337,55.64,0,0,0,0,0,0,57.48,0,42.52
2021-06-16T00:00:00.000Z,2722,5519475,59.35,989,5175326,55.65,0,0,0,0,0,0,57.49,0,42.51
2021-06-17T00:00:00.000Z,2718,5522193,59.38,1191,5176517,55.67,0,0,0,0,0,0,57.51,0,42.49
2021-06-18T00:00:00.000Z,1260,5523453,59.4,496,5177013,55.67,0,0,0,0,0,0,57.52,0,42.48
2021-06-19T00:00:00.000Z,234,5523687,59.4,137,5177150,55.67,0,0,0,0,0,0,57.52,0,42.48
2021-06-20T00:00:00.000Z,3311,5526998,59.43,1329,5178479,55.69,0,0,0,0,0,0,57.54,0,42.46
2021-06-21T00:00:00.000Z,5232,5532230,59.49,1210,5179689,55.7,0,0,0,0,0,0,57.56,0,42.44
2021-06-22T00:00:00.000Z,6917,5539147,59.57,1092,5180781,55.71,0,0,0,0,0,0,57.58,0,42.42
2021-06-23T00:00:00.000Z,10740,5549887,59.68,1285,5182066,55.73,0,0,0,0,0,0,57.6,0,42.4
2021-06-24T00:00:00.000Z,12037,5561924,59.81,1458,5183524,55.74,0,0,0,0,0,0,57.62,0,42.38
2021-06-25T00:00:00.000Z,7103,5569027,59.89,936,5184460,55.75,0,0,0,0,0,0,57.62,0,42.38
2021-06-26T00:00:00.000Z,2264,5571291,59.91,194,5184654,55.75,0,0,0,0,0,0,57.63,0,42.37
2021-06-27T00:00:00.000Z,13628,5584919,60.06,3433,5188087,55.79,0,0,0,0,0,0,57.65,0,42.35
2021-06-28T00:00:00.000Z,14508,5599427,60.21,3670,5191757,55.83,0,0,0,0,0,0,57.68,0,42.32
2021-06-29T00:00:00.000Z,16702,5616129,60.39,3734,5195491,55.87,0,0,0,0,0,0,57.69,0,42.31
2021-06-30T00:00:00.000Z,16474,5632603,60.57,3389,5198880,55.91,0,0,0,0,0,0,57.72,0,42.28
2021-07-01T00:00:00.000Z,16817,5649420,60.75,3368,5202248,55.94,118,118,0,0,0,0,57.78,0,42.22
2021-07-02T00:00:00.000Z,9823,5659243,60.86,1593,5203841,55.96,7,125,0,0,0,0,57.79,0,42.21
2021-07-03T00:00:00.000Z,2670,5661913,60.89,296,5204137,55.96,1,126,0,0,0,0,57.79,0,42.21
2021-07-04T00:00:00.000Z,17729,5679642,61.08,3155,5207292,56,1,127,0,0,0,0,57.85,0,42.15
2021-07-05T00:00:00.000Z,17842,5697484,61.27,3038,5210330,56.03,7,134,0,0,0,0,57.91,0,42.09
2021-07-06T00:00:00.000Z,17834,5715318,61.46,3403,5213733,56.07,11,145,0,0,0,0,57.99,0,42.01
2021-07-07T00:00:00.000Z,15520,5730838,61.63,2692,5216425,56.09,12,157,0,0,0,0,58.05,0,41.95
2021-07-08T00:00:00.000Z,16577,5747415,61.8,2869,5219294,56.13,17,174,0,0,0,0,58.12,0,41.88
2021-07-09T00:00:00.000Z,11118,5758533,61.92,1528,5220822,56.14,4,178,0,0,0,0,58.15,0,41.85
2021-07-10T00:00:00.000Z,4980,5763513,61.98,383,5221205,56.15,6,184,0,0,0,0,58.15,0,41.85
2021-07-11T00:00:00.000Z,1453,5764966,61.99,2846,5224051,56.18,8,192,0,0,0,0,58.22,0,41.78
2021-07-12T00:00:00.000Z,2413,5767379,62.02,3676,5227727,56.22,56,248,0,0,0,0,58.29,0,41.71
2021-07-13T00:00:00.000Z,2952,5770331,62.05,5451,5233178,56.27,124,372,0,0,0,0,58.36,0,41.64
2021-07-14T00:00:00.000Z,2736,5773067,62.08,7521,5240699,56.36,441,813,0.01,0,0,0,58.42,0,41.58
2021-07-15T00:00:00.000Z,2990,5776057,62.11,9283,5249982,56.46,374,1187,0.01,0,0,0,58.5,0,41.5
2021-07-16T00:00:00.000Z,1276,5777333,62.13,5888,5255870,56.52,65,1252,0.01,0,0,0,58.54,0,41.46
2021-07-17T00:00:00.000Z,365,5777698,62.13,1386,5257256,56.53,7,1259,0.01,0,0,0,58.55,0,41.44
2021-07-18T00:00:00.000Z,2065,5779763,62.15,9765,5267021,56.64,235,1494,0.02,0,0,0,58.6,0,41.4
2021-07-19T00:00:00.000Z,3204,5782967,62.19,11337,5278358,56.76,461,1955,0.02,0,0,0,58.65,0,41.35
2021-07-20T00:00:00.000Z,2677,5785644,62.22,11901,5290259,56.89,373,2328,0.03,0,0,0,58.72,0,41.28
2021-07-21T00:00:00.000Z,2386,5788030,62.24,11870,5302129,57.02,323,2651,0.03,0,0,0,58.81,0,41.19
2021-07-22T00:00:00.000Z,2867,5790897,62.27,13259,5315388,57.16,391,3042,0.03,0,0,0,58.93,0,41.07
2021-07-23T00:00:00.000Z,2022,5792919,62.29,8229,5323617,57.25,106,3148,0.03,0,0,0,58.99,0,41.01
2021-07-24T00:00:00.000Z,636,5793555,62.3,1475,5325092,57.26,7,3155,0.03,0,0,0,58.99,0,41
2021-07-25T00:00:00.000Z,4412,5797967,62.35,15484,5340576,57.43,223,3378,0.04,0,0,0,59.1,0,40.89
2021-07-26T00:00:00.000Z,5159,5803126,62.4,13519,5354095,57.58,323,3701,0.04,0,0,0,59.24,0,40.75
2021-07-27T00:00:00.000Z,5481,5808607,62.46,13561,5367656,57.72,413,4114,0.04,0,0,0,59.37,0.01,40.62
2021-07-28T00:00:00.000Z,3982,5812589,62.51,12337,5379993,57.85,472,4586,0.05,0,0,0,59.5,0.01,40.49
2021-07-29T00:00:00.000Z,4653,5817242,62.56,14184,5394177,58.01,530,5116,0.06,0,0,0,59.65,0.01,40.33
2021-07-30T00:00:00.000Z,2643,5819885,62.58,10844,5405021,58.12,4121,9237,0.1,0,0,0,59.74,0.02,40.25
2021-07-31T00:00:00.000Z,1402,5821287,62.6,3546,5408567,58.16,6159,15396,0.17,0,0,0,59.75,0.02,40.23
2021-08-01T00:00:00.000Z,3071,5824358,62.63,3361,5411928,58.2,31045,46441,0.5,0,0,0,59.91,0.02,40.06
2021-08-02T00:00:00.000Z,3124,5827482,62.67,3165,5415093,58.23,58508,104949,1.13,0,0,0,60.06,0.03,39.91
2021-08-03T00:00:00.000Z,3377,5830859,62.7,3318,5418411,58.27,78951,183900,1.98,0,0,0,60.21,0.03,39.76
2021-08-04T00:00:00.000Z,3518,5834377,62.74,3247,5421658,58.3,80760,264660,2.85,0,0,0,60.34,0.03,39.63
2021-08-05T00:00:00.000Z,4503,5838880,62.79,3563,5425221,58.34,88440,353100,3.8,0,0,0,60.49,0.04,39.47
2021-08-06T00:00:00.000Z,2428,5841308,62.81,1843,5427064,58.36,44741,397841,4.28,0,0,0,60.6,0.04,39.36
2021-08-07T00:00:00.000Z,1026,5842334,62.83,684,5427748,58.37,27352,425193,4.57,0,0,0,60.63,0.04,39.32
2021-08-08T00:00:00.000Z,4987,5847321,62.88,3073,5430821,58.4,80084,505277,5.43,0,0,0,60.68,0.04,39.28
2021-08-09T00:00:00.000Z,5335,5852656,62.94,3047,5433868,58.43,76486,581763,6.26,0,0,0,60.72,0.04,39.24
2021-08-10T00:00:00.000Z,5539,5858195,63,3196,5437064,58.47,75425,657188,7.07,0,0,0,60.75,0.04,39.2
2021-08-11T00:00:00.000Z,5690,5863885,63.06,2935,5439999,58.5,62634,719822,7.74,0,0,0,60.79,0.04,39.17
2021-08-12T00:00:00.000Z,7020,5870905,63.13,3281,5443280,58.53,59459,779281,8.38,0,0,0,60.83,0.04,39.12
2021-08-13T00:00:00.000Z,3808,5874713,63.17,2058,5445338,58.56,43868,823149,8.85,0,0,0,60.84,0.05,39.11
2021-08-14T00:00:00.000Z,2248,5876961,63.2,848,5446186,58.57,44483,867632,9.33,0,0,0,60.85,0.05,39.1
2021-08-15T00:00:00.000Z,7141,5884102,63.27,4528,5450714,58.61,97975,965607,10.38,0,0,0,60.89,0.05,39.06
2021-08-16T00:00:00.000Z,6980,5891082,63.35,4734,5455448,58.67,89513,1055120,11.35,0,0,0,60.92,0.04,39.03
2021-08-17T00:00:00.000Z,7570,5898652,63.43,5129,5460577,58.72,83315,1138435,12.24,0,0,0,60.96,0.04,39
2021-08-18T00:00:00.000Z,8631,5907283,63.52,4598,5465175,58.77,69256,1207691,12.99,0,0,0,60.99,0.04,38.96
2021-08-19T00:00:00.000Z,10067,5917350,63.63,5208,5470383,58.83,65970,1273661,13.7,0,0,0,61.03,0.04,38.92
2021-08-20T00:00:00.000Z,4763,5922113,63.68,2815,5473198,58.86,60445,1334106,14.35,0,0,0,61.05,0.05,38.9
2021-08-21T00:00:00.000Z,3490,5925603,63.72,1573,5474771,58.87,50720,1384826,14.89,0,0,0,61.06,0.05,38.89
2021-08-22T00:00:00.000Z,9825,5935428,63.83,4799,5479570,58.92,105090,1489916,16.02,0,0,0,61.12,0.04,38.84
2021-08-23T00:00:00.000Z,10930,5946358,63.94,4440,5484010,58.97,94007,1583923,17.03,0,0,0,61.17,0.04,38.79
2021-08-24T00:00:00.000Z,11726,5958084,64.07,4694,5488704,59.02,98527,1682450,18.09,0,0,0,61.23,0.04,38.73
2021-08-25T00:00:00.000Z,9611,5967695,64.17,4474,5493178,59.07,99513,1781963,19.16,0,0,0,61.29,0.04,38.67
2021-08-26T00:00:00.000Z,10109,5977804,64.28,5048,5498226,59.13,101197,1883160,20.25,0,0,0,61.36,0.03,38.61
2021-08-27T00:00:00.000Z,4319,5982123,64.33,2777,5501003,59.16,56687,1939847,20.86,0,0,0,61.35,0.04,38.61
2021-08-28T00:00:00.000Z,3695,5985818,64.37,1494,5502497,59.17,33532,1973379,21.22,0,0,0,61.4,0.04,38.57
2021-08-29T00:00:00.000Z,10328,5996146,64.48,5931,5508428,59.23,79519,2052898,22.08,0,0,0,61.46,0.03,38.5
2021-08-30T00:00:00.000Z,12333,6008479,64.61,7012,5515440,59.31,115981,2168879,23.32,0,0,0,61.53,0.03,38.44
2021-08-31T00:00:00.000Z,12080,6020559,64.74,6516,5521956,59.38,114847,2283726,24.56,0,0,0,61.6,0.03,38.37
2021-09-01T00:00:00.000Z,9036,6029595,64.84,6026,5527982,59.45,112469,2396195,25.77,0,0,0,61.43,0.03,38.54
2021-09-02T00:00:00.000Z,8783,6038378,64.93,7175,5535157,59.52,111517,2507712,26.97,0,0,0,61.49,0.03,38.48
2021-09-03T00:00:00.000Z,3747,6042125,64.97,4108,5539265,59.57,58876,2566588,27.6,0,0,0,61.56,0.03,38.42
2021-09-04T00:00:00.000Z,2691,6044816,65,2017,5541282,59.59,29943,2596531,27.92,0,0,0,61.59,0.03,38.38
2021-09-05T00:00:00.000Z,6992,6051808,65.08,6455,5547737,59.66,73314,2669845,28.71,0,0,0,61.68,0.03,38.29
2021-09-06T00:00:00.000Z,2826,6054634,65.11,2704,5550441,59.69,22793,2692638,28.96,0,0,0,61.77,0.03,38.2
2021-09-07T00:00:00.000Z,1196,6055830,65.12,871,5551312,59.7,5396,2698034,29.01,0,0,0,61.85,0.03,38.12
2021-09-08T00:00:00.000Z,1373,6057203,65.14,1187,5552499,59.71,6618,2704652,29.08,0,0,0,61.93,0.03,38.05
2021-09-09T00:00:00.000Z,7089,6064292,65.21,12562,5565061,59.84,73829,2778481,29.88,0,0,0,62.02,0.03,37.95
2021-09-10T00:00:00.000Z,3255,6067547,65.25,5004,5570065,59.9,37929,2816410,30.29,0,0,0,62.06,0.03,37.91
2021-09-11T00:00:00.000Z,2105,6069652,65.27,2499,5572564,59.92,14813,2831223,30.45,0,0,0,62.08,0.03,37.89
2021-09-12T00:00:00.000Z,6112,6075764,65.34,8585,5581149,60.02,54118,2885341,31.03,0,0,0,62.16,0.03,37.81
2021-09-13T00:00:00.000Z,5608,6081372,65.4,8253,5589402,60.11,47968,2933309,31.54,0,0,0,62.15,0.03,37.82
2021-09-14T00:00:00.000Z,4957,6086329,65.45,7413,5596815,60.19,48846,2982155,32.07,0,0,0,62.2,0.03,37.77
2021-09-15T00:00:00.000Z,1743,6088072,65.47,2711,5599526,60.21,16682,2998837,32.25,0,0,0,62.25,0.03,37.72
2021-09-16T00:00:00.000Z,337,6088409,65.47,544,5600070,60.22,1740,3000577,32.27,0,0,0,62.37,0.03,37.6
2021-09-17T00:00:00.000Z,3677,6092086,65.51,7013,5607083,60.3,42891,3043468,32.73,0,0,0,62.42,0.03,37.54
2021-09-18T00:00:00.000Z,2254,6094340,65.54,2941,5610024,60.33,12782,3056250,32.87,0,0,0,62.45,0.03,37.52
2021-09-19T00:00:00.000Z,5942,6100282,65.6,10708,5620732,60.44,44326,3100576,33.34,0,0,0,62.55,0.03,37.42
2021-09-20T00:00:00.000Z,3240,6103522,65.63,4638,5625370,60.49,16703,3117279,33.52,0,0,0,62.63,0.03,37.34
2021-09-21T00:00:00.000Z,1333,6104855,65.65,2050,5627420,60.51,3474,3120753,33.56,0,0,0,62.69,0.03,37.28
2021-09-22T00:00:00.000Z,4255,6109110,65.69,7242,5634662,60.59,25065,3145818,33.83,0,0,0,62.72,0.03,37.25
2021-09-23T00:00:00.000Z,4385,6113495,65.74,5902,5640564,60.66,27826,3173644,34.13,0,0,0,62.75,0.03,37.22
2021-09-24T00:00:00.000Z,3199,6116694,65.78,4182,5644746,60.7,27713,3201357,34.43,0,0,0,62.82,0.03,37.15
2021-09-25T00:00:00.000Z,2072,6118766,65.8,2255,5647001,60.73,10440,3211797,34.54,0,0,0,62.85,0.03,37.12
2021-09-26T00:00:00.000Z,5606,6124372,65.86,5968,5652969,60.79,36261,3248058,34.93,0,0,0,62.96,0.03,37
2021-09-27T00:00:00.000Z,4692,6129064,65.91,4459,5657428,60.84,30447,3278505,35.26,0,0,0,63.02,0.03,36.94
2021-09-28T00:00:00.000Z,1465,6130529,65.92,1176,5658604,60.85,6248,3284753,35.32,0,0,0,63.06,0.04,36.91
2021-09-29T00:00:00.000Z,9619,6140148,66.03,8340,5666944,60.94,60320,3345073,35.97,0,0,0,63.13,0.03,36.84
2021-09-30T00:00:00.000Z,10965,6151113,66.15,8567,5675511,61.03,79695,3424768,36.83,0,0,0,63.18,0.03,36.79
2021-10-01T00:00:00.000Z,5116,6156229,66.2,3868,5679379,61.07,46535,3471303,37.33,0,0,0,63.23,0.03,36.73
2021-10-02T00:00:00.000Z,2859,6159088,66.23,2123,5681502,61.1,22426,3493729,37.57,0,0,0,63.26,0.03,36.71
2021-10-03T00:00:00.000Z,11667,6170755,66.36,7269,5688771,61.17,70720,3564449,38.33,0,0,0,63.35,0.03,36.62
2021-10-04T00:00:00.000Z,10316,6181071,66.47,6752,5695523,61.25,51900,3616349,38.89,0,0,0,63.4,0.03,36.57
2021-10-05T00:00:00.000Z,8456,6189527,66.56,5302,5700825,61.3,40470,3656819,39.32,0,0,0,63.41,0.03,36.55
2021-10-06T00:00:00.000Z,7541,6197068,66.64,4172,5704997,61.35,34130,3690949,39.69,0,0,0,63.52,0.03,36.45
2021-10-07T00:00:00.000Z,6888,6203956,66.71,4000,5708997,61.39,34054,3725003,40.06,0,0,0,63.63,0.03,36.34
2021-10-08T00:00:00.000Z,3088,6207044,66.75,2632,5711629,61.42,19237,3744240,40.26,0,0,0,63.68,0.03,36.29
2021-10-09T00:00:00.000Z,1336,6208380,66.76,1440,5713069,61.44,7438,3751678,40.34,0,0,0,63.71,0.03,36.26
2021-10-10T00:00:00.000Z,4674,6213054,66.81,3744,5716813,61.48,21508,3773186,40.58,0,0,0,63.82,0.04,36.14
2021-10-11T00:00:00.000Z,4294,6217348,66.86,2938,5719751,61.51,17257,3790443,40.76,0,0,0,63.91,0.04,36.05
2021-10-12T00:00:00.000Z,3972,6221320,66.9,2998,5722749,61.54,15352,3805795,40.93,0,0,0,63.99,0.05,35.96
2021-10-13T00:00:00.000Z,3484,6224804,66.94,2445,5725194,61.57,13577,3819372,41.07,0,0,0,64.09,0.05,35.86
2021-10-14T00:00:00.000Z,3864,6228668,66.98,2679,5727873,61.59,16560,3835932,41.25,0,0,0,64.19,0.06,35.75
2021-10-15T00:00:00.000Z,1696,6230364,67,1678,5729551,61.61,9005,3844937,41.35,0,0,0,64.23,0.07,35.7
2021-10-16T00:00:00.000Z,726,6231090,67.01,949,5730500,61.62,4033,3848970,41.39,0,0,0,64.25,0.08,35.67
2021-10-17T00:00:00.000Z,3087,6234177,67.04,2521,5733021,61.65,12791,3861761,41.53,0,0,0,64.36,0.09,35.56
2021-10-18T00:00:00.000Z,2453,6236630,67.07,1679,5734700,61.67,10065,3871826,41.64,0,0,0,64.43,0.1,35.47
2021-10-19T00:00:00.000Z,2392,6239022,67.09,1276,5735976,61.68,9295,3881121,41.74,0,0,0,64.49,0.1,35.4
2021-10-20T00:00:00.000Z,2430,6241452,67.12,2298,5738274,61.71,10088,3891209,41.84,0,0,0,64.14,0.52,35.34
2021-10-21T00:00:00.000Z,3031,6244483,67.15,3085,5741359,61.74,12157,3903366,41.97,0,0,0,54.23,10.41,35.36
2021-10-22T00:00:00.000Z,1271,6245754,67.16,1427,5742786,61.76,5827,3909193,42.04,0,0,0,54.36,10.26,35.38
2021-10-23T00:00:00.000Z,569,6246323,67.17,1262,5744048,61.77,2558,3911751,42.07,0,0,0,54.42,10.19,35.39
2021-10-24T00:00:00.000Z,2511,6248834,67.2,2652,5746700,61.8,9852,3921603,42.17,0,0,0,54.22,10.43,35.35
2021-10-25T00:00:00.000Z,2629,6251463,67.23,2738,5749438,61.83,8501,3930104,42.26,0,0,0,54.59,10.22,35.19
2021-10-26T00:00:00.000Z,2375,6253838,67.25,2043,5751481,61.85,8515,3938619,42.35,0,0,0,54.64,10.26,35.1
2021-10-27T00:00:00.000Z,2283,6256121,67.28,2561,5754042,61.88,7946,3946565,42.44,0,0,0,54.58,10.37,35.06
2021-10-28T00:00:00.000Z,2497,6258618,67.3,2767,5756809,61.91,8660,3955225,42.53,0,0,0,54.69,10.76,34.55
2021-10-29T00:00:00.000Z,894,6259512,67.31,1143,5757952,61.92,4126,3959351,42.58,0,0,0,54.73,10.75,34.52
2021-10-30T00:00:00.000Z,363,6259875,67.32,526,5758478,61.92,1709,3961060,42.6,0,0,0,54.68,10.81,34.52
2021-10-31T00:00:00.000Z,2258,6262133,67.34,2489,5760967,61.95,8249,3969309,42.68,0,0,0,54.83,10.7,34.47
2021-11-01T00:00:00.000Z,1732,6263865,67.36,2088,5763055,61.97,6475,3975784,42.75,0,0,0,54.95,10.63,34.42
2021-11-02T00:00:00.000Z,2018,6265883,67.38,2039,5765094,61.99,6283,3982067,42.82,0,0,0,54.89,10.69,34.42
2021-11-03T00:00:00.000Z,1756,6267639,67.4,1887,5766981,62.02,5550,3987617,42.88,0,0,0,54.86,10.75,34.39
2021-11-04T00:00:00.000Z,2104,6269743,67.42,2792,5769773,62.05,7123,3994740,42.96,0,0,0,54.85,10.81,34.33
2021-11-05T00:00:00.000Z,781,6270524,67.43,896,5770669,62.05,3476,3998216,42.99,0,0,0,54.85,10.83,34.32
2021-11-06T00:00:00.000Z,344,6270868,67.43,384,5771053,62.06,1369,3999585,43.01,0,0,0,54.82,10.86,34.32
2021-11-07T00:00:00.000Z,1579,6272447,67.45,1768,5772821,62.08,6129,4005714,43.08,0,0,0,54.92,10.8,34.28
2021-11-08T00:00:00.000Z,1513,6273960,67.47,1595,5774416,62.1,5406,4011120,43.13,0,0,0,55.01,10.75,34.24
2021-11-09T00:00:00.000Z,1427,6275387,67.48,1601,5776017,62.11,5327,4016447,43.19,0,0,0,55.05,10.74,34.21
2021-11-10T00:00:00.000Z,1419,6276806,67.5,1651,5777668,62.13,4773,4021220,43.24,0,0,0,55.08,10.73,34.19
2021-11-11T00:00:00.000Z,1624,6278430,67.52,1940,5779608,62.15,5703,4026923,43.3,0,0,0,55.15,10.69,34.15
2021-11-12T00:00:00.000Z,631,6279061,67.52,817,5780425,62.16,2918,4029841,43.33,0,0,0,55.17,10.69,34.14
2021-11-13T00:00:00.000Z,252,6279313,67.52,283,5780708,62.16,1123,4030964,43.35,0,0,0,55.14,10.72,34.14
2021-11-14T00:00:00.000Z,1538,6280851,67.54,1633,5782341,62.18,5106,4036070,43.4,0,0,0,55.21,10.68,34.11
2021-11-15T00:00:00.000Z,1271,6282122,67.55,1615,5783956,62.2,4764,4040834,43.45,0,0,0,55.28,10.63,34.09
2021-11-16T00:00:00.000Z,1271,6283393,67.57,1406,5785362,62.21,4339,4045173,43.5,0,0,0,55.32,10.62,34.07
2021-11-17T00:00:00.000Z,1201,6284594,67.58,1556,5786918,62.23,3901,4049074,43.54,0,0,0,55.35,10.6,34.05
2021-11-18T00:00:00.000Z,1358,6285952,67.6,1683,5788601,62.25,5002,4054076,43.6,0,0,0,55.41,10.58,34.02
2021-11-19T00:00:00.000Z,585,6286537,67.6,757,5789358,62.26,2450,4056526,43.62,0,0,0,55.42,10.57,34.01
2021-11-20T00:00:00.000Z,236,6286773,67.6,253,5789611,62.26,925,4057451,43.63,0,0,0,55.41,10.58,34
2021-11-21T00:00:00.000Z,1410,6288183,67.62,1535,5791146,62.28,4873,4062324,43.68,0,0,0,55.47,10.54,33.98
2021-11-22T00:00:00.000Z,1678,6289861,67.64,1516,5792662,62.29,4231,4066555,43.73,0,0,0,55.54,10.5,33.96
2021-11-23T00:00:00.000Z,8614,6298475,67.73,1675,5794337,62.31,3998,4070553,43.77,0,0,0,55.57,10.48,33.95
2021-11-24T00:00:00.000Z,9348,6307823,67.83,1310,5795647,62.32,3916,4074469,43.81,0,0,0,55.6,10.44,33.95
2021-11-25T00:00:00.000Z,9810,6317633,67.94,1597,5797244,62.34,4830,4079299,43.87,0,0,0,55.64,10.43,33.93
2021-11-26T00:00:00.000Z,5609,6323242,68,742,5797986,62.35,2785,4082084,43.9,0,0,0,55.63,10.45,33.92
2021-11-27T00:00:00.000Z,4776,6328018,68.05,321,5798307,62.35,1159,4083243,43.91,0,0,0,55.62,10.46,33.92
2021-11-28T00:00:00.000Z,10145,6338163,68.16,1476,5799783,62.37,4895,4088138,43.96,0,0,0,55.67,10.43,33.9
2021-11-29T00:00:00.000Z,9038,6347201,68.25,1126,5800909,62.38,4364,4092502,44.01,0,0,0,55.73,10.39,33.88
2021-11-30T00:00:00.000Z,10040,6357241,68.36,1025,5801934,62.39,4079,4096581,44.05,0,0,0,55.77,10.37,33.86
2021-12-01T00:00:00.000Z,8622,6365863,68.46,1091,5803025,62.4,4436,4101017,44.1,5,5,0,55.79,10.36,33.84
2021-12-02T00:00:00.000Z,9167,6375030,68.55,1445,5804470,62.42,5111,4106128,44.16,6,11,0,55.84,10.34,33.82
2021-12-03T00:00:00.000Z,6331,6381361,68.62,670,5805140,62.43,2859,4108987,44.19,1,12,0,55.86,10.33,33.81
2021-12-04T00:00:00.000Z,2507,6383868,68.65,232,5805372,62.43,913,4109900,44.2,3,15,0,55.85,10.34,33.81
2021-12-05T00:00:00.000Z,8334,6392202,68.74,1251,5806623,62.44,4678,4114578,44.25,1,16,0,55.9,10.31,33.79
2021-12-06T00:00:00.000Z,6722,6398924,68.81,1193,5807816,62.45,4342,4118920,44.29,4,20,0,55.95,10.27,33.78
2021-12-07T00:00:00.000Z,5550,6404474,68.87,1495,5809311,62.47,3956,4122876,44.34,9,29,0,55.99,10.25,33.76
2021-12-08T00:00:00.000Z,4931,6409405,68.92,1196,5810507,62.48,3874,4126750,44.38,10,39,0,56.03,10.22,33.75
2021-12-09T00:00:00.000Z,6237,6415642,68.99,1232,5811739,62.5,4499,4131249,44.43,8,47,0,56.08,10.19,33.73
2021-12-10T00:00:00.000Z,3005,6418647,69.02,696,5812435,62.5,2674,4133923,44.45,4,51,0,56.1,10.18,33.72
2021-12-11T00:00:00.000Z,1491,6420138,69.04,251,5812686,62.51,1011,4134934,44.46,0,51,0,56.1,10.18,33.71
2021-12-12T00:00:00.000Z,7271,6427409,69.12,1441,5814127,62.52,5242,4140176,44.52,3,54,0,56.16,10.15,33.69
2021-12-13T00:00:00.000Z,6176,6433585,69.18,1369,5815496,62.54,4343,4144519,44.57,4,58,0,56.21,10.11,33.67
2021-12-14T00:00:00.000Z,7316,6440901,69.26,6098,5821594,62.6,4926,4149445,44.62,11,69,0,56.27,10.09,33.65
2021-12-15T00:00:00.000Z,7202,6448103,69.34,7402,5828996,62.68,5437,4154882,44.68,6,75,0,56.34,10.06,33.6
2021-12-16T00:00:00.000Z,8079,6456182,69.43,8609,5837605,62.77,6550,4161432,44.75,7,82,0,56.53,10.05,33.42
2021-12-17T00:00:00.000Z,4404,6460586,69.47,5132,5842737,62.83,3943,4165375,44.79,3,85,0,56.64,10.05,33.3
2021-12-18T00:00:00.000Z,3940,6464526,69.52,2913,5845650,62.86,1351,4166726,44.81,2,87,0,56.73,10.07,33.2
2021-12-19T00:00:00.000Z,6980,6471506,69.59,9331,5854981,62.96,6265,4172991,44.87,5,92,0,56.92,10.04,33.04
2021-12-20T00:00:00.000Z,7969,6479475,69.68,7513,5862494,63.04,5433,4178424,44.93,9,101,0,57.07,10.02,32.91
2021-12-21T00:00:00.000Z,9545,6489020,69.78,8643,5871137,63.14,6474,4184898,45,8,109,0,57.27,10.01,32.71
2021-12-22T00:00:00.000Z,9664,6498684,69.88,8147,5879284,63.22,6236,4191134,45.07,12,121,0,57.49,10,32.52
2021-12-23T00:00:00.000Z,11541,6510225,70.01,10261,5889545,63.33,8132,4199266,45.16,15,136,0,57.7,9.97,32.33
2021-12-24T00:00:00.000Z,5870,6516095,70.07,6240,5895785,63.4,5270,4204536,45.21,12,148,0,57.83,9.96,32.21
2021-12-25T00:00:00.000Z,3338,6519433,70.11,2565,5898350,63.43,2019,4206555,45.24,6,154,0,57.9,9.96,32.15
2021-12-26T00:00:00.000Z,10653,6530086,70.22,8908,5907258,63.52,8193,4214748,45.32,8,162,0,58.1,9.92,31.98
2021-12-27T00:00:00.000Z,10367,6540453,70.33,7142,5914400,63.6,8179,4222927,45.41,21,183,0,58.27,9.9,31.83
2021-12-28T00:00:00.000Z,11372,6551825,70.46,7447,5921847,63.68,9625,4232552,45.51,24,207,0,58.46,9.88,31.66
2021-12-29T00:00:00.000Z,9935,6561760,70.56,5960,5927807,63.74,8361,4240913,45.6,17,224,0,58.64,9.85,31.51
2021-12-30T00:00:00.000Z,11008,6572768,70.68,7732,5935539,63.83,12236,4253149,45.74,9,233,0,58.84,9.82,31.34
2021-12-31T00:00:00.000Z,4828,6577596,70.73,3671,5939210,63.87,7291,4260440,45.81,134,367,0,58.9,9.79,31.3
2022-01-01T00:00:00.000Z,1992,6579588,70.75,1591,5940801,63.88,2740,4263180,45.84,65,432,0,58.93,9.79,31.28
2022-01-02T00:00:00.000Z,10217,6589805,70.86,6484,5947285,63.95,13001,4276181,45.98,590,1022,0.01,59.14,9.76,31.1
2022-01-03T00:00:00.000Z,9381,6599186,70.96,5256,5952541,64.01,11327,4287508,46.11,25054,26076,0.28,59.29,9.71,31
2022-01-04T00:00:00.000Z,8968,6608154,71.06,5941,5958482,64.07,10513,4298021,46.22,50653,76729,0.83,59.46,9.68,30.86
2022-01-05T00:00:00.000Z,8552,6616706,71.15,5735,5964217,64.14,10486,4308507,46.33,59574,136303,1.47,59.56,9.65,30.79
2022-01-06T00:00:00.000Z,10339,6627045,71.26,7960,5972177,64.22,13527,4322034,46.48,63989,200292,2.15,59.81,9.63,30.56
2022-01-07T00:00:00.000Z,4752,6631797,71.32,4554,5976731,64.27,8146,4330180,46.56,31132,231424,2.49,59.89,9.61,30.49
2022-01-08T00:00:00.000Z,2750,6634547,71.34,2451,5979182,64.3,5500,4335680,46.62,27624,259048,2.79,59.9,9.64,30.46
2022-01-09T00:00:00.000Z,9310,6643857,71.44,7722,5986904,64.38,11860,4347540,46.75,66757,325805,3.5,60.06,9.59,30.35
2022-01-10T00:00:00.000Z,8355,6652212,71.53,7647,5994551,64.46,11862,4359402,46.88,64754,390559,4.2,60.21,9.54,30.25
2022-01-11T00:00:00.000Z,8101,6660313,71.62,8621,6003172,64.56,11961,4371363,47.01,56651,447210,4.81,60.38,9.49,30.13
2022-01-12T00:00:00.000Z,7279,6667592,71.7,8307,6011479,64.64,11101,4382464,47.13,44621,491831,5.29,60.51,9.45,30.04
2022-01-13T00:00:00.000Z,7510,6675102,71.78,9618,6021097,64.75,11535,4393999,47.25,34750,526581,5.66,60.7,9.35,29.94
2022-01-14T00:00:00.000Z,2554,6677656,71.81,4931,6026028,64.8,6138,4400137,47.32,11138,537719,5.78,60.79,9.31,29.9
2022-01-15T00:00:00.000Z,1463,6679119,71.82,3165,6029193,64.83,3878,4404015,47.36,5715,543434,5.84,60.83,9.29,29.87
2022-01-16T00:00:00.000Z,3818,6682937,71.86,8520,6037713,64.93,7678,4411693,47.44,19988,563422,6.06,60.97,9.2,29.82
2022-01-17T00:00:00.000Z,2808,6685745,71.9,7045,6044758,65,6162,4417855,47.51,17835,581257,6.25,61.09,9.13,29.78
2022-01-18T00:00:00.000Z,2475,6688220,71.92,7379,6052137,65.08,5520,4423375,47.57,14809,596066,6.41,61.23,9.07,29.7
2022-01-19T00:00:00.000Z,1915,6690135,71.94,6362,6058499,65.15,4511,4427886,47.62,8456,604522,6.5,61.37,8.98,29.65
2022-01-20T00:00:00.000Z,1781,6691916,71.96,6965,6065464,65.22,4785,4432671,47.67,8038,612560,6.59,61.44,8.85,29.71
2022-01-21T00:00:00.000Z,902,6692818,71.97,3727,6069191,65.27,2632,4435303,47.7,3358,615918,6.62,61.51,8.81,29.68
2022-01-22T00:00:00.000Z,328,6693146,71.97,1461,6070652,65.28,1056,4436359,47.71,1112,617030,6.64,61.51,8.75,29.74
2022-01-23T00:00:00.000Z,1067,6694213,71.99,5628,6076280,65.34,2872,4439231,47.74,6080,623110,6.7,61.61,8.7,29.69
2022-01-24T00:00:00.000Z,758,6694971,71.99,4480,6080760,65.39,2259,4441490,47.76,5054,628164,6.76,61.73,8.62,29.65
2022-01-25T00:00:00.000Z,740,6695711,72,4398,6085158,65.44,2172,4443662,47.78,7102,635266,6.83,61.9,8.51,29.59
2022-01-26T00:00:00.000Z,613,6696324,72.01,3283,6088441,65.47,1602,4445264,47.8,4261,639527,6.88,62.02,8.42,29.57
2022-01-27T00:00:00.000Z,794,6697118,72.02,4404,6092845,65.52,1999,4447263,47.82,5439,644966,6.94,62.12,8.35,29.52
2022-01-28T00:00:00.000Z,393,6697511,72.02,2372,6095217,65.55,1166,4448429,47.84,3449,648415,6.97,62.16,8.33,29.5
2022-01-29T00:00:00.000Z,124,6697635,72.02,1044,6096261,65.56,423,4448852,47.84,1160,649575,6.99,62.23,8.29,29.48
2022-01-30T00:00:00.000Z,769,6698404,72.03,4718,6100979,65.61,2014,4450866,47.86,8098,657673,7.07,62.3,8.24,29.46
2022-01-31T00:00:00.000Z,528,6698932,72.04,3186,6104165,65.64,1604,4452470,47.88,6470,664143,7.14,62.39,8.17,29.43
2022-02-01T00:00:00.000Z,476,6699408,72.04,2803,6106968,65.67,1516,4453986,47.9,5718,669861,7.2,62.45,8.15,29.4
2022-02-02T00:00:00.000Z,372,6699780,72.05,2388,6109356,65.7,1376,4455362,47.91,5071,674932,7.26,62.28,8.13,29.59
2022-02-03T00:00:00.000Z,445,6700225,72.05,2775,6112131,65.73,1453,4456815,47.93,5605,680537,7.32,62.34,8.08,29.57
2022-02-04T00:00:00.000Z,174,6700399,72.05,988,6113119,65.74,752,4457567,47.93,2454,682991,7.34,62.37,8.06,29.57
2022-02-05T00:00:00.000Z,61,6700460,72.05,340,6113459,65.74,215,4457782,47.94,420,683411,7.35,62.34,8.09,29.56
2022-02-06T00:00:00.000Z,406,6700866,72.06,2322,6115781,65.77,1341,4459123,47.95,5684,689095,7.41,62.41,8.05,29.55
2022-02-07T00:00:00.000Z,280,6701146,72.06,1306,6117087,65.78,979,4460102,47.96,5959,695054,7.47,62.47,8.01,29.52
2022-02-08T00:00:00.000Z,315,6701461,72.06,1495,6118582,65.8,1061,4461163,47.97,6137,701191,7.54,62.54,7.97,29.49
2022-02-09T00:00:00.000Z,253,6701714,72.07,1102,6119684,65.81,941,4462104,47.98,4570,705761,7.59,62.6,7.95,29.45
2022-02-10T00:00:00.000Z,269,6701983,72.07,1293,6120977,65.82,930,4463034,47.99,4814,710575,7.64,62.63,7.93,29.44
2022-02-11T00:00:00.000Z,211,6702194,72.07,553,6121530,65.83,512,4463546,48,2534,713109,7.67,62.67,7.91,29.42
2022-02-12T00:00:00.000Z,30,6702224,72.07,90,6121620,65.83,123,4463669,48,268,713377,7.67,62.67,7.91,29.41
2022-02-13T00:00:00.000Z,286,6702510,72.08,944,6122564,65.84,964,4464633,48.01,4996,718373,7.73,62.73,7.87,29.39
2022-02-14T00:00:00.000Z,179,6702689,72.08,625,6123189,65.85,746,4465379,48.02,3143,721516,7.76,62.89,7.74,29.36
2022-02-15T00:00:00.000Z,265,6702954,72.08,763,6123952,65.85,929,4466308,48.03,3815,725331,7.8,62.92,7.73,29.35
2022-02-16T00:00:00.000Z,180,6703134,72.08,576,6124528,65.86,800,4467108,48.04,2487,727818,7.83,62.95,7.72,29.34
2022-02-17T00:00:00.000Z,248,6703382,72.08,736,6125264,65.87,770,4467878,48.05,3055,730873,7.86,62.96,7.7,29.34
2022-02-18T00:00:00.000Z,128,6703510,72.09,332,6125596,65.87,432,4468310,48.05,1118,731991,7.87,62.98,7.69,29.33
2022-02-19T00:00:00.000Z,33,6703543,72.09,83,6125679,65.87,78,4468388,48.05,79,732070,7.87,62.99,7.69,29.32
2022-02-20T00:00:00.000Z,202,6703745,72.09,604,6126283,65.88,717,4469105,48.06,2573,734643,7.9,63.01,7.67,29.32
2022-02-21T00:00:00.000Z,173,6703918,72.09,413,6126696,65.88,488,4469593,48.06,1541,736184,7.92,63.04,7.65,29.31
2022-02-22T00:00:00.000Z,158,6704076,72.09,452,6127148,65.89,560,4470153,48.07,1869,738053,7.94,63.05,7.65,29.3
2022-02-23T00:00:00.000Z,109,6704185,72.09,352,6127500,65.89,450,4470603,48.07,1152,739205,7.95,63.06,7.65,29.29
2022-02-24T00:00:00.000Z,137,6704322,72.09,454,6127954,65.9,563,4471166,48.08,1492,740697,7.97,63.05,7.66,29.29
2022-02-25T00:00:00.000Z,58,6704380,72.1,137,6128091,65.9,188,4471354,48.08,455,741152,7.97,63.06,7.66,29.28
2022-02-26T00:00:00.000Z,15,6704395,72.1,27,6128118,65.9,156,4471510,48.08,35,741187,7.97,63.05,7.67,29.28
2022-02-27T00:00:00.000Z,113,6704508,72.1,339,6128457,65.9,449,4471959,48.09,1118,742305,7.98,63.05,7.67,29.28
2022-02-28T00:00:00.000Z,109,6704617,72.1,268,6128725,65.91,417,4472376,48.09,906,743211,7.99,63.07,7.65,29.28
2022-03-01T00:00:00.000Z,97,6704714,72.1,279,6129004,65.91,370,4472746,48.1,796,744007,8,63.1,7.63,29.27
2022-03-02T00:00:00.000Z,77,6704791,72.1,198,6129202,65.91,323,4473069,48.1,694,744701,8.01,63.11,7.62,29.27
2022-03-03T00:00:00.000Z,155,6704946,72.1,370,6129572,65.91,496,4473565,48.11,985,745686,8.02,63.05,7.67,29.27
2022-03-04T00:00:00.000Z,52,6704998,72.1,166,6129738,65.92,166,4473731,48.11,227,745913,8.02,63.05,7.68,29.27
2022-03-05T00:00:00.000Z,3,6705001,72.1,25,6129763,65.92,43,4473774,48.11,31,745944,8.02,63.04,7.69,29.27
2022-03-06T00:00:00.000Z,98,6705099,72.1,258,6130021,65.92,413,4474187,48.11,759,746703,8.03,63.04,7.69,29.27
2022-03-07T00:00:00.000Z,87,6705186,72.1,259,6130280,65.92,346,4474533,48.12,604,747307,8.04,63.05,7.69,29.26
2022-03-08T00:00:00.000Z,98,6705284,72.11,263,6130543,65.92,333,4474866,48.12,550,747857,8.04,63.04,7.7,29.26
2022-03-09T00:00:00.000Z,89,6705373,72.11,212,6130755,65.93,332,4475198,48.12,491,748348,8.05,63.02,7.72,29.25
2022-03-10T00:00:00.000Z,113,6705486,72.11,373,6131128,65.93,424,4475622,48.13,616,748964,8.05,63.01,7.74,29.25
2022-03-11T00:00:00.000Z,24,6705510,72.11,86,6131214,65.93,121,4475743,48.13,144,749108,8.06,63,7.75,29.25
2022-03-12T00:00:00.000Z,10,6705520,72.11,10,6131224,65.93,31,4475774,48.13,27,749135,8.06,62.98,7.77,29.24
2022-03-13T00:00:00.000Z,100,6705620,72.11,270,6131494,65.94,358,4476132,48.13,594,749729,8.06,62.98,7.78,29.24
2022-03-14T00:00:00.000Z,64,6705684,72.11,252,6131746,65.94,316,4476448,48.14,559,750288,8.07,62.98,7.78,29.24
2022-03-15T00:00:00.000Z,78,6705762,72.11,183,6131929,65.94,291,4476739,48.14,587,750875,8.07,62.95,7.81,29.24
2022-03-16T00:00:00.000Z,74,6705836,72.11,205,6132134,65.94,300,4477039,48.14,669,751544,8.08,62.94,7.82,29.24
2022-03-17T00:00:00.000Z,65,6705901,72.11,119,6132253,65.94,286,4477325,48.15,612,752156,8.09,62.94,7.82,29.24
2022-03-18T00:00:00.000Z,18,6705919,72.11,54,6132307,65.94,99,4477424,48.15,234,752390,8.09,62.94,7.82,29.24
2022-03-19T00:00:00.000Z,5,6705924,72.11,10,6132317,65.94,27,4477451,48.15,38,752428,8.09,62.89,7.88,29.23
2022-03-20T00:00:00.000Z,119,6706043,72.11,258,6132575,65.95,485,4477936,48.15,1428,753856,8.11,62.87,7.89,29.23
2022-03-21T00:00:00.000Z,97,6706140,72.11,245,6132820,65.95,374,4478310,48.16,1132,754988,8.12,62.87,7.9,29.23
2022-03-22T00:00:00.000Z,140,6706280,72.12,341,6133161,65.95,504,4478814,48.16,1769,756757,8.14,62.84,7.94,29.23
2022-03-23T00:00:00.000Z,109,6706389,72.12,210,6133371,65.96,461,4479275,48.17,1674,758431,8.16,62.81,7.97,29.22
2022-03-24T00:00:00.000Z,175,6706564,72.12,344,6133715,65.96,763,4480038,48.18,2359,760790,8.18,62.78,8,29.22
2022-03-25T00:00:00.000Z,38,6706602,72.12,79,6133794,65.96,156,4480194,48.18,628,761418,8.19,62.78,8,29.23
2022-03-26T00:00:00.000Z,12,6706614,72.12,11,6133805,65.96,33,4480227,48.18,91,761509,8.19,62.77,8,29.22
2022-03-27T00:00:00.000Z,165,6706779,72.12,344,6134149,65.96,757,4480984,48.19,3189,764698,8.22,62.75,8.02,29.22
2022-03-28T00:00:00.000Z,113,6706892,72.12,269,6134418,65.97,621,4481605,48.19,2414,767112,8.25,62.75,8.03,29.22
2022-03-29T00:00:00.000Z,125,6707017,72.12,257,6134675,65.97,638,4482243,48.2,2768,769880,8.28,62.7,8.07,29.22
2022-03-30T00:00:00.000Z,132,6707149,72.13,207,6134882,65.97,538,4482781,48.21,2369,772249,8.3,62.81,8.11,29.07
2022-03-31T00:00:00.000Z,166,6707315,72.13,300,6135182,65.97,729,4483510,48.21,2845,775094,8.34,62.79,8.11,29.1
2022-04-01T00:00:00.000Z,121,6707436,72.13,158,6135340,65.98,275,4483785,48.22,583,775677,8.34,62.72,8.13,29.15
2022-04-02T00:00:00.000Z,6,6707442,72.13,5,6135345,65.98,35,4483820,48.22,52,775729,8.34,62.69,8.15,29.16
2022-04-03T00:00:00.000Z,159,6707601,72.13,269,6135614,65.98,569,4484389,48.22,2475,778204,8.37,62.65,8.16,29.19
2022-04-04T00:00:00.000Z,103,6707704,72.13,204,6135818,65.98,482,4484871,48.23,2218,780422,8.39,62.62,8.16,29.22
2022-04-05T00:00:00.000Z,123,6707827,72.13,219,6136037,65.98,512,4485383,48.23,2240,782662,8.42,62.57,8.19,29.25
2022-04-06T00:00:00.000Z,92,6707919,72.13,155,6136192,65.99,381,4485764,48.24,2017,784679,8.44,62.55,8.2,29.25
2022-04-07T00:00:00.000Z,192,6708111,72.14,213,6136405,65.99,641,4486405,48.24,2553,787232,8.47,62.56,8.2,29.24
2022-04-08T00:00:00.000Z,30,6708141,72.14,57,6136462,65.99,151,4486556,48.25,475,787707,8.47,62.54,8.22,29.23
2022-04-09T00:00:00.000Z,6,6708147,72.14,17,6136479,65.99,26,4486582,48.25,46,787753,8.47,62.52,8.25,29.23
2022-04-10T00:00:00.000Z,102,6708249,72.14,263,6136742,65.99,428,4487010,48.25,1845,789598,8.49,62.51,8.26,29.23
2022-04-11T00:00:00.000Z,78,6708327,72.14,201,6136943,65.99,370,4487380,48.26,1423,791021,8.51,62.54,8.26,29.2
2022-04-12T00:00:00.000Z,203,6708530,72.14,167,6137110,66,372,4487752,48.26,1358,792379,8.52,62.58,8.29,29.12
2022-04-13T00:00:00.000Z,118,6708648,72.14,149,6137259,66,295,4488047,48.26,1216,793595,8.53,62.58,8.31,29.1
2022-04-14T00:00:00.000Z,84,6708732,72.14,221,6137480,66,320,4488367,48.27,1068,794663,8.55,62.57,8.33,29.1
2022-04-15T00:00:00.000Z,9,6708741,72.14,51,6137531,66,47,4488414,48.27,80,794743,8.55,62.55,8.35,29.1
2022-04-16T00:00:00.000Z,3,6708744,72.14,8,6137539,66,21,4488435,48.27,29,794772,8.55,62.53,8.37,29.1
2022-04-17T00:00:00.000Z,62,6708806,72.14,131,6137670,66,228,4488663,48.27,807,795579,8.56,62.52,8.38,29.1
2022-04-18T00:00:00.000Z,68,6708874,72.14,107,6137777,66,251,4488914,48.27,749,796328,8.56,62.51,8.38,29.1
2022-04-19T00:00:00.000Z,60,6708934,72.14,141,6137918,66,272,4489186,48.27,840,797168,8.57,62.5,8.4,29.1
2022-04-20T00:00:00.000Z,61,6708995,72.15,117,6138035,66.01,233,4489419,48.28,651,797819,8.58,62.48,8.42,29.1
2022-04-21T00:00:00.000Z,52,6709047,72.15,107,6138142,66.01,192,4489611,48.28,479,798298,8.58,62.47,8.43,29.1
2022-04-22T00:00:00.000Z,2,6709049,72.15,16,6138158,66.01,18,4489629,48.28,16,798314,8.58,62.45,8.44,29.11
2022-04-23T00:00:00.000Z,5,6709054,72.15,9,6138167,66.01,14,4489643,48.28,13,798327,8.58,62.43,8.46,29.11
2022-04-24T00:00:00.000Z,92,6709146,72.15,250,6138417,66.01,328,4489971,48.28,869,799196,8.59,62.43,8.47,29.1
2022-04-25T00:00:00.000Z,105,6709251,72.15,191,6138608,66.01,314,4490285,48.29,739,799935,8.6,62.43,8.47,29.1
2022-04-26T00:00:00.000Z,74,6709325,72.15,175,6138783,66.01,302,4490587,48.29,784,800719,8.61,62.42,8.48,29.1
2022-04-27T00:00:00.000Z,55,6709380,72.15,160,6138943,66.02,227,4490814,48.29,638,801357,8.62,62.41,8.49,29.1
2022-04-28T00:00:00.000Z,96,6709476,72.15,232,6139175,66.02,326,4491140,48.3,869,802226,8.63,62.41,8.5,29.1
2022-04-29T00:00:00.000Z,109,6709585,72.15,158,6139333,66.02,182,4491322,48.3,196,802422,8.63,62.39,8.51,29.1
2022-04-30T00:00:00.000Z,1,6709586,72.15,3,6139336,66.02,24,4491346,48.3,19,802441,8.63,62.38,8.52,29.1
2022-05-01T00:00:00.000Z,135,6709721,72.15,185,6139521,66.02,316,4491662,48.3,630,803071,8.64,62.38,8.53,29.09
2022-05-02T00:00:00.000Z,62,6709783,72.15,151,6139672,66.02,235,4491897,48.3,489,803560,8.64,62.37,8.54,29.09
2022-05-03T00:00:00.000Z,72,6709855,72.15,151,6139823,66.02,286,4492183,48.31,504,804064,8.65,62.36,8.55,29.09
2022-05-04T00:00:00.000Z,23,6709878,72.15,55,6139878,66.03,62,4492245,48.31,125,804189,8.65,62.35,8.57,29.08
2022-05-05T00:00:00.000Z,4,6709882,72.15,1,6139879,66.03,3,4492248,48.31,11,804200,8.65,62.34,8.58,29.08
2022-05-06T00:00:00.000Z,19,6709901,72.16,59,6139938,66.03,64,4492312,48.31,151,804351,8.65,62.33,8.59,29.08
2022-05-07T00:00:00.000Z,0,6709901,72.16,6,6139944,66.03,25,4492337,48.31,24,804375,8.65,62.32,8.6,29.08
2022-05-08T00:00:00.000Z,114,6710015,72.16,207,6140151,66.03,270,4492607,48.31,456,804831,8.65,62.31,8.61,29.08
2022-05-09T00:00:00.000Z,59,6710074,72.16,162,6140313,66.03,251,4492858,48.31,501,805332,8.66,62.31,8.61,29.08
2022-05-10T00:00:00.000Z,130,6710204,72.16,168,6140481,66.03,260,4493118,48.32,508,805840,8.67,62.3,8.62,29.08
2022-05-11T00:00:00.000Z,58,6710262,72.16,116,6140597,66.03,179,4493297,48.32,463,806303,8.67,62.3,8.63,29.08
2022-05-12T00:00:00.000Z,119,6710381,72.16,201,6140798,66.04,274,4493571,48.32,662,806965,8.68,62.29,8.64,29.07
2022-05-13T00:00:00.000Z,11,6710392,72.16,42,6140840,66.04,70,4493641,48.32,108,807073,8.68,62.28,8.65,29.07
2022-05-14T00:00:00.000Z,6,6710398,72.16,11,6140851,66.04,10,4493651,48.32,22,807095,8.68,62.26,8.66,29.07
2022-05-15T00:00:00.000Z,91,6710489,72.16,174,6141025,66.04,241,4493892,48.33,663,807758,8.69,62.26,8.67,29.07
2022-05-16T00:00:00.000Z,68,6710557,72.16,142,6141167,66.04,228,4494120,48.33,508,808266,8.69,62.19,8.65,29.16
2022-05-17T00:00:00.000Z,74,6710631,72.16,155,6141322,66.04,264,4494384,48.33,615,808881,8.7,62.18,8.66,29.16
2022-05-18T00:00:00.000Z,43,6710674,72.16,98,6141420,66.04,169,4494553,48.33,445,809326,8.7,62.17,8.67,29.16
2022-05-19T00:00:00.000Z,64,6710738,72.16,170,6141590,66.04,211,4494764,48.33,498,809824,8.71,62.16,8.68,29.16
2022-05-20T00:00:00.000Z,72,6710810,72.16,113,6141703,66.04,127,4494891,48.34,137,809961,8.71,62.15,8.69,29.16
2022-05-21T00:00:00.000Z,4,6710814,72.16,7,6141710,66.04,13,4494904,48.34,18,809979,8.71,62.14,8.7,29.16
2022-05-22T00:00:00.000Z,86,6710900,72.17,188,6141898,66.05,215,4495119,48.34,424,810403,8.71,62.14,8.71,29.16
2022-05-23T00:00:00.000Z,64,6710964,72.17,120,6142018,66.05,151,4495270,48.34,343,810746,8.72,62.14,8.71,29.16
2022-05-24T00:00:00.000Z,43,6711007,72.17,119,6142137,66.05,154,4495424,48.34,393,811139,8.72,62.13,8.71,29.15
2022-05-25T00:00:00.000Z,60,6711067,72.17,105,6142242,66.05,164,4495588,48.34,337,811476,8.73,62.12,8.72,29.15
2022-05-26T00:00:00.000Z,72,6711139,72.17,136,6142378,66.05,184,4495772,48.35,348,811824,8.73,62.11,8.73,29.16
2022-05-27T00:00:00.000Z,11,6711150,72.17,28,6142406,66.05,43,4495815,48.35,59,811883,8.73,62.1,8.74,29.16
2022-05-28T00:00:00.000Z,1,6711151,72.17,4,6142410,66.05,7,4495822,48.35,11,811894,8.73,62.09,8.75,29.16
2022-05-29T00:00:00.000Z,87,6711238,72.17,152,6142562,66.05,163,4495985,48.35,314,812208,8.73,62.09,8.75,29.16
2022-05-30T00:00:00.000Z,56,6711294,72.17,131,6142693,66.06,122,4496107,48.35,291,812499,8.74,62.09,8.76,29.16
2022-05-31T00:00:00.000Z,45,6711339,72.17,104,6142797,66.06,153,4496260,48.35,350,812849,8.74,62.07,8.78,29.15
2022-06-01T00:00:00.000Z,61,6711400,72.17,89,6142886,66.06,117,4496377,48.35,274,813123,8.74,61.95,8.9,29.16
2022-06-02T00:00:00.000Z,75,6711475,72.17,155,6143041,66.06,172,4496549,48.35,254,813377,8.75,45.96,24.88,29.15
2022-06-03T00:00:00.000Z,10,6711485,72.17,23,6143064,66.06,21,4496570,48.35,31,813408,8.75,45.9,24.95,29.16
2022-06-04T00:00:00.000Z,0,6711485,72.17,7,6143071,66.06,6,4496576,48.35,5,813413,8.75,45.84,25,29.16
2022-06-05T00:00:00.000Z,4,6711489,72.17,14,6143085,66.06,6,4496582,48.35,2,813415,8.75,45.8,25.05,29.16
2022-06-06T00:00:00.000Z,58,6711547,72.17,144,6143229,66.06,161,4496743,48.36,261,813676,8.75,39.96,30.89,29.16
2022-06-07T00:00:00.000Z,54,6711601,72.17,134,6143363,66.06,140,4496883,48.36,375,814051,8.75,39.92,30.93,29.15
2022-06-08T00:00:00.000Z,57,6711658,72.17,105,6143468,66.06,130,4497013,48.36,494,814545,8.76,39.89,30.96,29.15
2022-06-09T00:00:00.000Z,82,6711740,72.17,206,6143674,66.07,234,4497247,48.36,640,815185,8.77,39.86,30.99,29.15
2022-06-10T00:00:00.000Z,14,6711754,72.17,51,6143725,66.07,59,4497306,48.36,138,815323,8.77,39.83,31.02,29.15
2022-06-11T00:00:00.000Z,0,6711754,72.17,3,6143728,66.07,7,4497313,48.36,19,815342,8.77,39.8,31.05,29.15
2022-06-12T00:00:00.000Z,97,6711851,72.18,198,6143926,66.07,192,4497505,48.36,767,816109,8.78,39.8,31.05,29.15
2022-06-13T00:00:00.000Z,81,6711932,72.18,142,6144068,66.07,166,4497671,48.37,625,816734,8.78,39.81,31.04,29.15
2022-06-14T00:00:00.000Z,116,6712048,72.18,172,6144240,66.07,208,4497879,48.37,759,817493,8.79,39.79,31.06,29.15
2022-06-15T00:00:00.000Z,72,6712120,72.18,139,6144379,66.07,207,4498086,48.37,696,818189,8.8,39.78,31.08,29.15
2022-06-16T00:00:00.000Z,93,6712213,72.18,136,6144515,66.08,216,4498302,48.37,740,818929,8.81,39.74,31.11,29.14
2022-06-17T00:00:00.000Z,17,6712230,72.18,63,6144578,66.08,54,4498356,48.37,122,819051,8.81,39.72,31.14,29.15
2022-06-18T00:00:00.000Z,3,6712233,72.18,4,6144582,66.08,11,4498367,48.37,15,819066,8.81,39.68,31.17,29.14
2022-06-19T00:00:00.000Z,113,6712346,72.18,206,6144788,66.08,317,4498684,48.38,877,819943,8.82,39.53,31.33,29.15
2022-06-20T00:00:00.000Z,99,6712445,72.18,151,6144939,66.08,306,4498990,48.38,920,820863,8.83,33.92,36.85,29.23
2022-06-21T00:00:00.000Z,94,6712539,72.18,154,6145093,66.08,375,4499365,48.38,1228,822091,8.84,33.58,37.19,29.23
2022-06-22T00:00:00.000Z,111,6712650,72.18,131,6145224,66.08,337,4499702,48.39,894,822985,8.85,33.28,37.49,29.23
2022-06-23T00:00:00.000Z,133,6712783,72.19,215,6145439,66.09,521,4500223,48.39,1146,824131,8.86,32.84,37.92,29.23
2022-06-24T00:00:00.000Z,19,6712802,72.19,35,6145474,66.09,109,4500332,48.39,207,824338,8.86,32.43,38.34,29.24
2022-06-25T00:00:00.000Z,1,6712803,72.19,1,6145475,66.09,12,4500344,48.39,16,824354,8.86,32.04,38.72,29.24
2022-06-26T00:00:00.000Z,107,6712910,72.19,158,6145633,66.09,378,4500722,48.4,933,825287,8.87,31.63,39.13,29.24
2022-06-27T00:00:00.000Z,85,6712995,72.19,172,6145805,66.09,391,4501113,48.4,1027,826314,8.89,31.29,39.47,29.24
2022-06-28T00:00:00.000Z,84,6713079,72.19,151,6145956,66.09,361,4501474,48.41,930,827244,8.9,30.86,39.91,29.24
2022-06-29T00:00:00.000Z,77,6713156,72.19,106,6146062,66.09,260,4501734,48.41,812,828056,8.9,30.48,40.28,29.24
2022-06-30T00:00:00.000Z,86,6713242,72.19,162,6146224,66.09,355,4502089,48.41,1054,829110,8.92,30.05,40.71,29.24
2022-07-01T00:00:00.000Z,21,6713263,72.19,28,6146252,66.09,54,4502143,48.41,77,829187,8.92,29.62,41.14,29.24
2022-07-02T00:00:00.000Z,0,6713263,72.19,2,6146254,66.09,6,4502149,48.41,17,829204,8.92,29.2,41.56,29.24
2022-07-03T00:00:00.000Z,84,6713347,72.19,164,6146418,66.1,318,4502467,48.42,635,829839,8.92,28.81,41.95,29.24
2022-07-04T00:00:00.000Z,77,6713424,72.19,140,6146558,66.1,275,4502742,48.42,746,830585,8.93,28.5,42.26,29.24
2022-07-05T00:00:00.000Z,59,6713483,72.19,143,6146701,66.1,301,4503043,48.42,687,831272,8.94,28.06,42.7,29.24
2022-07-06T00:00:00.000Z,77,6713560,72.19,124,6146825,66.1,211,4503254,48.43,643,831915,8.95,27.39,43.37,29.24
2022-07-07T00:00:00.000Z,80,6713640,72.2,161,6146986,66.1,264,4503518,48.43,721,832636,8.95,26.48,44.28,29.24
2022-07-08T00:00:00.000Z,17,6713657,72.2,33,6147019,66.1,68,4503586,48.43,131,832767,8.96,25.47,45.29,29.24
2022-07-09T00:00:00.000Z,0,6713657,72.2,0,6147019,66.1,0,4503586,48.43,1,832768,8.96,24.42,46.34,29.24
2022-07-10T00:00:00.000Z,80,6713737,72.2,159,6147178,66.1,228,4503814,48.43,468,833236,8.96,23.77,46.99,29.24
2022-07-11T00:00:00.000Z,63,6713800,72.2,140,6147318,66.11,244,4504058,48.43,571,833807,8.97,23.22,47.54,29.24
2022-07-12T00:00:00.000Z,68,6713868,72.2,128,6147446,66.11,207,4504265,48.44,556,834363,8.97,22.13,48.63,29.24
2022-07-13T00:00:00.000Z,45,6713913,72.2,100,6147546,66.11,161,4504426,48.44,487,834850,8.98,21.1,49.66,29.24
2022-07-14T00:00:00.000Z,67,6713980,72.2,146,6147692,66.11,205,4504631,48.44,512,835362,8.98,20.12,50.63,29.24
2022-07-15T00:00:00.000Z,58,6714038,72.2,69,6147761,66.11,128,4504759,48.44,169,835531,8.98,19.27,51.48,29.25
2022-07-16T00:00:00.000Z,0,6714038,72.2,6,6147767,66.11,7,4504766,48.44,7,835538,8.99,18.29,52.46,29.25
2022-07-17T00:00:00.000Z,73,6714111,72.2,176,6147943,66.11,240,4505006,48.44,468,836006,8.99,17.83,52.92,29.25
2022-07-18T00:00:00.000Z,62,6714173,72.2,156,6148099,66.11,206,4505212,48.45,508,836514,9,17.48,53.26,29.26
2022-07-19T00:00:00.000Z,62,6714235,72.2,147,6148246,66.12,172,4505384,48.45,367,836881,9,16.77,53.97,29.26
2022-07-20T00:00:00.000Z,52,6714287,72.2,135,6148381,66.12,134,4505518,48.45,421,837302,9,16.09,54.64,29.26
2022-07-21T00:00:00.000Z,63,6714350,72.2,152,6148533,66.12,174,4505692,48.45,340,837642,9.01,15.43,55.3,29.27
2022-07-22T00:00:00.000Z,10,6714360,72.2,36,6148569,66.12,41,4505733,48.45,56,837698,9.01,14.64,56.08,29.28
2022-07-23T00:00:00.000Z,0,6714360,72.2,3,6148572,66.12,2,4505735,48.45,9,837707,9.01,14.17,56.55,29.28
2022-07-24T00:00:00.000Z,62,6714422,72.2,125,6148697,66.12,192,4505927,48.45,363,838070,9.01,13.55,57.16,29.29
2022-07-25T00:00:00.000Z,48,6714470,72.2,105,6148802,66.12,169,4506096,48.46,332,838402,9.02,13.1,57.61,29.3
2022-07-26T00:00:00.000Z,47,6714517,72.2,98,6148900,66.12,107,4506203,48.46,270,838672,9.02,12.47,58.23,29.3
2022-07-27T00:00:00.000Z,48,6714565,72.21,124,6149024,66.12,130,4506333,48.46,241,838913,9.02,11.89,58.8,29.31
2022-07-28T00:00:00.000Z,63,6714628,72.21,139,6149163,66.13,147,4506480,48.46,218,839131,9.02,11.35,59.34,29.32
2022-07-29T00:00:00.000Z,10,6714638,72.21,24,6149187,66.13,26,4506506,48.46,30,839161,9.02,10.85,59.83,29.32
2022-07-30T00:00:00.000Z,0,6714638,72.21,0,6149187,66.13,1,4506507,48.46,1,839162,9.02,10.34,60.33,29.33
2022-07-31T00:00:00.000Z,59,6714697,72.21,127,6149314,66.13,130,4506637,48.46,250,839412,9.03,9.97,60.69,29.33
2022-08-01T00:00:00.000Z,53,6714750,72.21,74,6149388,66.13,88,4506725,48.46,150,839562,9.03,9.48,61.18,29.34
2022-08-02T00:00:00.000Z,103,6714853,72.21,114,6149502,66.13,154,4506879,48.46,253,839815,9.03,8.92,61.73,29.35
2022-08-03T00:00:00.000Z,0,6714853,72.21,0,6149502,66.13,0,4506879,48.46,0,839815,9.03,8.48,62.16,29.35
