Day_Date,vaccinated,vaccinated_cum,vaccinated_population_perc,vaccinated_seconde_dose,vaccinated_seconde_dose_cum,vaccinated_seconde_dose_population_perc,vaccinated_third_dose,vaccinated_third_dose_cum,vaccinated_third_dose_population_perc,vaccinated_fourth_dose,vaccinated_fourth_dose_cum,vaccinated_omicron_cum,vaccinated_omicron_population_perc,vaccinated_fourth_dose_population_perc,vaccinated_validity_perc,vaccinated_expired_perc,not_vaccinated_perc
2020-12-19T00:00:00.000Z,46,70,0,0,4,0,0,0,0,0,0,0,0,0,0,0,100
2020-12-20T00:00:00.000Z,7395,7465,0.08,0,4,0,0,0,0,0,0,0,0,0,0,0,100
2020-12-21T00:00:00.000Z,24923,32388,0.35,0,4,0,0,0,0,0,0,0,0,0,0,0,100
2020-12-22T00:00:00.000Z,44666,77054,0.83,0,4,0,0,0,0,0,0,0,0,0,0,0,100
2020-12-23T00:00:00.000Z,62917,139971,1.51,0,4,0,0,0,0,0,0,0,0,0,0,0,100
2020-12-24T00:00:00.000Z,73428,213399,2.29,0,4,0,0,0,0,0,0,0,0,0,0,0,100
2020-12-25T00:00:00.000Z,38515,251914,2.71,0,4,0,0,0,0,0,0,0,0,0,0,0,100
2020-12-26T00:00:00.000Z,32617,284531,3.06,0,4,0,0,0,0,0,0,0,0,0,0,0,100
2020-12-27T00:00:00.000Z,104571,389102,4.18,0,4,0,0,0,0,0,0,0,0,0,0,0,100
2020-12-28T00:00:00.000Z,135037,524139,5.64,0,4,0,0,0,0,0,0,0,0,0,0,0,100
2020-12-29T00:00:00.000Z,156334,680473,7.32,2,6,0,0,0,0,0,0,0,0,0,0,0,100
2020-12-30T00:00:00.000Z,153180,833653,8.96,0,6,0,0,0,0,0,0,0,0,0,0,0,100
2020-12-31T00:00:00.000Z,158591,992244,10.67,0,6,0,0,0,0,0,0,0,0,0,0,0,100
2021-01-01T00:00:00.000Z,71435,1063679,11.44,0,6,0,0,0,0,0,0,0,0,0,0,0,100
2021-01-02T00:00:00.000Z,71742,1135421,12.21,0,6,0,0,0,0,0,0,0,0,0,0,0,100
2021-01-03T00:00:00.000Z,149760,1285181,13.82,0,6,0,0,0,0,0,0,0,0,0,0,0,100
2021-01-04T00:00:00.000Z,152198,1437379,15.46,1,7,0,0,0,0,0,0,0,0,0,0,0,100
2021-01-05T00:00:00.000Z,125214,1562593,16.8,4,11,0,0,0,0,0,0,0,0,0,0,0,100
2021-01-06T00:00:00.000Z,103369,1665962,17.91,2,13,0,0,0,0,0,0,0,0,0,0,0,100
2021-01-07T00:00:00.000Z,116062,1782024,19.16,9,22,0,0,0,0,0,0,0,0,0,0,0,100
2021-01-08T00:00:00.000Z,66461,1848485,19.88,5,27,0,0,0,0,0,0,0,0,0,0,0,100
2021-01-09T00:00:00.000Z,44550,1893035,20.36,24,51,0,0,0,0,0,0,0,0,0,0,0,100
2021-01-10T00:00:00.000Z,37648,1930683,20.76,6000,6051,0.07,0,0,0,0,0,0,0,0,0,0,100
2021-01-11T00:00:00.000Z,21175,1951858,20.99,19264,25315,0.27,0,0,0,0,0,0,0,0,0,0,100
2021-01-12T00:00:00.000Z,24075,1975933,21.25,35673,60988,0.66,0,0,0,0,0,0,0,0,0,0,100
2021-01-13T00:00:00.000Z,52074,2028007,21.81,56874,117862,1.27,0,0,0,0,0,0,0,0,0,0,100
2021-01-14T00:00:00.000Z,56476,2084483,22.42,68836,186698,2.01,0,0,0,0,0,0,0,0,0,0,100
2021-01-15T00:00:00.000Z,30775,2115258,22.75,35940,222638,2.39,0,0,0,0,0,0,0,0,0,0,100
2021-01-16T00:00:00.000Z,29479,2144737,23.06,26006,248644,2.67,0,0,0,0,0,0,0,0,0,0,100
2021-01-17T00:00:00.000Z,68441,2213178,23.8,84596,333240,3.58,0,0,0,0,0,0,0,0,0.31,0,99.69
2021-01-18T00:00:00.000Z,69816,2282994,24.55,120434,453674,4.88,0,0,0,0,0,0,0,0,0.58,0,99.42
2021-01-19T00:00:00.000Z,72894,2355888,25.33,137847,591521,6.36,0,0,0,0,0,0,0,0,1.09,0,98.91
2021-01-20T00:00:00.000Z,76917,2432805,26.16,143762,735283,7.91,0,0,0,0,0,0,0,0,1.9,0,98.1
2021-01-21T00:00:00.000Z,70001,2502806,26.91,164472,899755,9.68,0,0,0,0,0,0,0,0,2.88,0,97.12
2021-01-22T00:00:00.000Z,37928,2540734,27.32,71131,970886,10.44,0,0,0,0,0,0,0,0,3.39,0,96.61
2021-01-23T00:00:00.000Z,39964,2580698,27.75,53594,1024480,11.02,0,0,0,0,0,0,0,0,3.77,0,96.23
2021-01-24T00:00:00.000Z,69146,2649844,28.5,140706,1165186,12.53,0,0,0,0,0,0,0,0,4.96,0,95.04
2021-01-25T00:00:00.000Z,80945,2730789,29.37,139519,1304705,14.03,0,0,0,0,0,0,0,0,6.61,0,93.39
2021-01-26T00:00:00.000Z,78730,2809519,30.21,126441,1431146,15.39,0,0,0,0,0,0,0,0,8.45,0,91.55
2021-01-27T00:00:00.000Z,77978,2887497,31.05,125066,1556212,16.73,0,0,0,0,0,0,0,0,10.34,0,89.66
2021-01-28T00:00:00.000Z,79569,2967066,31.91,130627,1686839,18.14,0,0,0,0,0,0,0,0,12.43,0,87.57
2021-01-29T00:00:00.000Z,36703,3003769,32.3,64792,1751631,18.84,0,0,0,0,0,0,0,0,13.34,0,86.66
2021-01-30T00:00:00.000Z,34394,3038163,32.67,42764,1794395,19.3,0,0,0,0,0,0,0,0,14.02,0,85.98
2021-01-31T00:00:00.000Z,73330,3111493,33.46,59502,1853897,19.94,0,0,0,0,0,0,0,0,15.76,0,84.24
2021-02-01T00:00:00.000Z,82505,3193998,34.35,35356,1889253,20.32,0,0,0,0,0,0,0,0,17.48,0,82.52
2021-02-02T00:00:00.000Z,70102,3264100,35.1,31071,1920324,20.65,0,0,0,0,0,0,0,0,19.01,0,80.99
2021-02-03T00:00:00.000Z,60307,3324407,35.75,51443,1971767,21.2,0,0,0,0,0,0,0,0,20.47,0,79.53
2021-02-04T00:00:00.000Z,72632,3397039,36.53,58096,2029863,21.83,0,0,0,0,0,0,0,0,22,0,78
2021-02-05T00:00:00.000Z,33943,3430982,36.9,28805,2058668,22.14,0,0,0,0,0,0,0,0,22.75,0,77.25
2021-02-06T00:00:00.000Z,21621,3452603,37.13,22231,2080899,22.38,0,0,0,0,0,0,0,0,23.23,0,76.77
2021-02-07T00:00:00.000Z,54080,3506683,37.71,68739,2149638,23.12,0,0,0,0,0,0,0,0,23.99,0,76.01
2021-02-08T00:00:00.000Z,58639,3565322,38.34,65467,2215105,23.82,0,0,0,0,0,0,0,0,24.52,0,75.48
2021-02-09T00:00:00.000Z,66352,3631674,39.05,67577,2282682,24.55,0,0,0,0,0,0,0,0,25.04,0,74.96
2021-02-10T00:00:00.000Z,70569,3702243,39.81,72310,2354992,25.32,0,0,0,0,0,0,0,0,25.77,0,74.23
2021-02-11T00:00:00.000Z,81173,3783416,40.69,72106,2427098,26.1,0,0,0,0,0,0,0,0,26.61,0,73.39
2021-02-12T00:00:00.000Z,39104,3822520,41.11,37596,2464694,26.5,0,0,0,0,0,0,0,0,27.02,0,72.98
2021-02-13T00:00:00.000Z,27463,3849983,41.4,30440,2495134,26.83,0,0,0,0,0,0,0,0,27.33,0,72.67
2021-02-14T00:00:00.000Z,74915,3924898,42.21,69083,2564217,27.57,0,0,0,0,0,0,0,0,28.25,0,71.75
2021-02-15T00:00:00.000Z,81544,4006442,43.08,75721,2639938,28.39,0,0,0,0,0,0,0,0,29.17,0,70.83
2021-02-16T00:00:00.000Z,83416,4089858,43.98,78297,2718235,29.23,0,0,0,0,0,0,0,0,30.11,0,69.89
2021-02-17T00:00:00.000Z,61983,4151841,44.65,75641,2793876,30.04,0,0,0,0,0,0,0,0,31.01,0,68.99
2021-02-18T00:00:00.000Z,69157,4220998,45.39,79738,2873614,30.9,0,0,0,0,0,0,0,0,31.94,0,68.06
2021-02-19T00:00:00.000Z,39674,4260672,45.82,38161,2911775,31.31,0,0,0,0,0,0,0,0,32.45,0,67.55
2021-02-20T00:00:00.000Z,31650,4292322,46.16,28723,2940498,31.62,0,0,0,0,0,0,0,0,32.85,0,67.15
2021-02-21T00:00:00.000Z,79434,4371756,47.01,78444,3018942,32.46,0,0,0,0,0,0,0,0,33.8,0,66.2
2021-02-22T00:00:00.000Z,85058,4456814,47.93,80592,3099534,33.33,0,0,0,0,0,0,0,0,34.83,0,65.17
2021-02-23T00:00:00.000Z,77328,4534142,48.76,70485,3170019,34.09,0,0,0,0,0,0,0,0,35.84,0,64.16
2021-02-24T00:00:00.000Z,61066,4595208,49.41,63143,3233162,34.77,0,0,0,0,0,0,0,0,36.76,0,63.24
2021-02-25T00:00:00.000Z,51727,4646935,49.97,64805,3297967,35.46,0,0,0,0,0,0,0,0,37.66,0,62.34
2021-02-26T00:00:00.000Z,25911,4672846,50.25,32041,3330008,35.81,0,0,0,0,0,0,0,0,38.1,0,61.9
2021-02-27T00:00:00.000Z,18351,4691197,50.45,21196,3351204,36.04,0,0,0,0,0,0,0,0,38.42,0,61.58
2021-02-28T00:00:00.000Z,40364,4731561,50.88,55873,3407077,36.64,0,0,0,0,0,0,0,0,39.24,0,60.76
2021-03-01T00:00:00.000Z,45748,4777309,51.37,61439,3468516,37.3,0,0,0,0,0,0,0,0,40.1,0,59.9
2021-03-02T00:00:00.000Z,41200,4818509,51.82,64798,3533314,38,0,0,0,0,0,0,0,0,40.85,0,59.15
2021-03-03T00:00:00.000Z,42032,4860541,52.27,66789,3600103,38.71,0,0,0,0,0,0,0,0,41.55,0,58.45
2021-03-04T00:00:00.000Z,39718,4900259,52.7,79124,3679227,39.56,0,0,0,0,0,0,0,0,42.24,0,57.76
2021-03-05T00:00:00.000Z,17365,4917624,52.88,40466,3719693,40,0,0,0,0,0,0,0,0,42.57,0,57.43
2021-03-06T00:00:00.000Z,10722,4928346,53,25347,3745040,40.27,0,0,0,0,0,0,0,0,42.78,0,57.22
2021-03-07T00:00:00.000Z,31155,4959501,53.33,72845,3817885,41.06,0,0,0,0,0,0,0,0,43.36,0,56.64
2021-03-08T00:00:00.000Z,27387,4986888,53.63,73295,3891180,41.84,0,0,0,0,0,0,0,0,43.97,0,56.03
2021-03-09T00:00:00.000Z,26756,5013644,53.91,76599,3967779,42.67,0,0,0,0,0,0,0,0,44.62,0,55.38
2021-03-10T00:00:00.000Z,23371,5037015,54.17,58684,4026463,43.3,0,0,0,0,0,0,0,0,45.27,0,54.73
2021-03-11T00:00:00.000Z,23304,5060319,54.42,69094,4095557,44.04,0,0,0,0,0,0,0,0,45.99,0,54.01
2021-03-12T00:00:00.000Z,11296,5071615,54.54,41414,4136971,44.49,0,0,0,0,0,0,0,0,46.34,0,53.66
2021-03-13T00:00:00.000Z,7952,5079567,54.62,25239,4162210,44.76,0,0,0,0,0,0,0,0,46.57,0,53.43
2021-03-14T00:00:00.000Z,20989,5100556,54.85,73935,4236145,45.55,0,0,0,0,0,0,0,0,47.2,0,52.8
2021-03-15T00:00:00.000Z,20150,5120706,55.07,78281,4314426,46.4,0,0,0,0,0,0,0,0,47.81,0,52.19
2021-03-16T00:00:00.000Z,18755,5139461,55.27,71479,4385905,47.16,0,0,0,0,0,0,0,0,48.43,0,51.57
2021-03-17T00:00:00.000Z,17704,5157165,55.46,59010,4444915,47.8,0,0,0,0,0,0,0,0,48.92,0,51.08
2021-03-18T00:00:00.000Z,16048,5173213,55.63,58125,4503040,48.42,0,0,0,0,0,0,0,0,49.45,0,50.55
2021-03-19T00:00:00.000Z,6955,5180168,55.71,27979,4531019,48.72,0,0,0,0,0,0,0,0,49.75,0,50.25
2021-03-20T00:00:00.000Z,5226,5185394,55.76,15301,4546320,48.89,0,0,0,0,0,0,0,0,49.93,0,50.07
2021-03-21T00:00:00.000Z,13171,5198565,55.9,40510,4586830,49.32,0,0,0,0,0,0,0,0,50.46,0,49.54
2021-03-22T00:00:00.000Z,13577,5212142,56.05,40541,4627371,49.76,0,0,0,0,0,0,0,0,51,0,49
2021-03-23T00:00:00.000Z,2844,5214986,56.08,7302,4634673,49.84,0,0,0,0,0,0,0,0,51.43,0,48.57
2021-03-24T00:00:00.000Z,11001,5225987,56.2,46556,4681229,50.34,0,0,0,0,0,0,0,0,51.84,0,48.16
2021-03-25T00:00:00.000Z,10270,5236257,56.31,35438,4716667,50.72,0,0,0,0,0,0,0,0,52.22,0,47.78
2021-03-26T00:00:00.000Z,4186,5240443,56.35,13333,4730000,50.86,0,0,0,0,0,0,0,0,52.4,0,47.6
2021-03-27T00:00:00.000Z,1786,5242229,56.37,4268,4734268,50.91,0,0,0,0,0,0,0,0,52.5,0,47.5
2021-03-28T00:00:00.000Z,2113,5244342,56.4,4611,4738879,50.96,0,0,0,0,0,0,0,0,52.74,0,47.26
2021-03-29T00:00:00.000Z,6914,5251256,56.47,30016,4768895,51.28,0,0,0,0,0,0,0,0,53,0,47
2021-03-30T00:00:00.000Z,7891,5259147,56.55,22454,4791349,51.52,0,0,0,0,0,0,0,0,53.08,0,46.92
2021-03-31T00:00:00.000Z,8153,5267300,56.64,19501,4810850,51.73,0,0,0,0,0,0,0,0,53.38,0,46.62
2021-04-01T00:00:00.000Z,8210,5275510,56.73,18701,4829551,51.93,0,0,0,0,0,0,0,0,53.62,0,46.38
2021-04-02T00:00:00.000Z,2939,5278449,56.76,8130,4837681,52.02,0,0,0,0,0,0,0,0,53.71,0,46.29
2021-04-03T00:00:00.000Z,1433,5279882,56.78,2982,4840663,52.05,0,0,0,0,0,0,0,0,53.74,0,46.26
2021-04-04T00:00:00.000Z,9618,5289500,56.88,22832,4863495,52.3,0,0,0,0,0,0,0,0,53.82,0,46.18
2021-04-05T00:00:00.000Z,10362,5299862,56.99,21275,4884770,52.53,0,0,0,0,0,0,0,0,54.04,0,45.96
2021-04-06T00:00:00.000Z,9028,5308890,57.09,16793,4901563,52.71,0,0,0,0,0,0,0,0,54.21,0,45.79
2021-04-07T00:00:00.000Z,8928,5317818,57.19,15311,4916874,52.87,0,0,0,0,0,0,0,0,54.36,0,45.64
2021-04-08T00:00:00.000Z,9428,5327246,57.29,17014,4933888,53.06,0,0,0,0,0,0,0,0,54.52,0,45.48
2021-04-09T00:00:00.000Z,3607,5330853,57.33,6256,4940144,53.12,0,0,0,0,0,0,0,0,54.58,0,45.42
2021-04-10T00:00:00.000Z,1634,5332487,57.34,3520,4943664,53.16,0,0,0,0,0,0,0,0,54.61,0,45.39
2021-04-11T00:00:00.000Z,9044,5341531,57.44,14248,4957912,53.31,0,0,0,0,0,0,0,0,54.78,0,45.22
2021-04-12T00:00:00.000Z,8935,5350466,57.54,13233,4971145,53.46,0,0,0,0,0,0,0,0,54.95,0,45.05
2021-04-13T00:00:00.000Z,5841,5356307,57.6,4959,4976104,53.51,0,0,0,0,0,0,0,0,55.08,0,44.92
2021-04-14T00:00:00.000Z,3649,5359956,57.64,5309,4981413,53.57,0,0,0,0,0,0,0,0,55.18,0,44.82
2021-04-15T00:00:00.000Z,696,5360652,57.65,581,4981994,53.57,0,0,0,0,0,0,0,0,55.27,0,44.73
2021-04-16T00:00:00.000Z,3414,5364066,57.68,6648,4988642,53.65,0,0,0,0,0,0,0,0,55.33,0,44.67
2021-04-17T00:00:00.000Z,822,5364888,57.69,1972,4990614,53.67,0,0,0,0,0,0,0,0,55.35,0,44.65
2021-04-18T00:00:00.000Z,7098,5371986,57.77,7433,4998047,53.75,0,0,0,0,0,0,0,0,55.47,0,44.53
2021-04-19T00:00:00.000Z,6404,5378390,57.84,7131,5005178,53.82,0,0,0,0,0,0,0,0,55.58,0,44.42
2021-04-20T00:00:00.000Z,6279,5384669,57.9,6886,5012064,53.9,0,0,0,0,0,0,0,0,55.65,0,44.35
2021-04-21T00:00:00.000Z,6380,5391049,57.97,7108,5019172,53.97,0,0,0,0,0,0,0,0,55.71,0,44.29
2021-04-22T00:00:00.000Z,5948,5396997,58.04,7687,5026859,54.06,0,0,0,0,0,0,0,0,55.75,0,44.25
2021-04-23T00:00:00.000Z,2765,5399762,58.07,3387,5030246,54.09,0,0,0,0,0,0,0,0,55.8,0,44.2
2021-04-24T00:00:00.000Z,767,5400529,58.07,1290,5031536,54.11,0,0,0,0,0,0,0,0,55.82,0,44.18
2021-04-25T00:00:00.000Z,4828,5405357,58.13,6924,5038460,54.18,0,0,0,0,0,0,0,0,55.89,0,44.11
2021-04-26T00:00:00.000Z,5479,5410836,58.19,7889,5046349,54.27,0,0,0,0,0,0,0,0,55.96,0,44.04
2021-04-27T00:00:00.000Z,4506,5415342,58.23,6624,5052973,54.34,0,0,0,0,0,0,0,0,56.03,0,43.97
2021-04-28T00:00:00.000Z,4499,5419841,58.28,7331,5060304,54.42,0,0,0,0,0,0,0,0,56.09,0,43.91
2021-04-29T00:00:00.000Z,4376,5424217,58.33,7292,5067596,54.49,0,0,0,0,0,0,0,0,56.16,0,43.84
2021-04-30T00:00:00.000Z,1923,5426140,58.35,3200,5070796,54.53,0,0,0,0,0,0,0,0,56.19,0,43.81
2021-05-01T00:00:00.000Z,458,5426598,58.36,895,5071691,54.54,0,0,0,0,0,0,0,0,56.2,0,43.8
2021-05-02T00:00:00.000Z,3225,5429823,58.39,6090,5077781,54.6,0,0,0,0,0,0,0,0,56.26,0,43.74
2021-05-03T00:00:00.000Z,3535,5433358,58.43,5831,5083612,54.67,0,0,0,0,0,0,0,0,56.32,0,43.68
2021-05-04T00:00:00.000Z,3591,5436949,58.47,4736,5088348,54.72,0,0,0,0,0,0,0,0,56.38,0,43.62
2021-05-05T00:00:00.000Z,3290,5440239,58.5,4092,5092440,54.76,0,0,0,0,0,0,0,0,56.44,0,43.56
2021-05-06T00:00:00.000Z,3641,5443880,58.54,3143,5095583,54.8,0,0,0,0,0,0,0,0,56.5,0,43.5
2021-05-07T00:00:00.000Z,1843,5445723,58.56,2508,5098091,54.82,0,0,0,0,0,0,0,0,56.52,0,43.48
2021-05-08T00:00:00.000Z,241,5445964,58.56,507,5098598,54.83,0,0,0,0,0,0,0,0,56.53,0,43.47
2021-05-09T00:00:00.000Z,2851,5448815,58.59,4749,5103347,54.88,0,0,0,0,0,0,0,0,56.58,0,43.42
2021-05-10T00:00:00.000Z,2894,5451709,58.63,4710,5108057,54.93,0,0,0,0,0,0,0,0,56.63,0,43.37
2021-05-11T00:00:00.000Z,2622,5454331,58.65,3879,5111936,54.97,0,0,0,0,0,0,0,0,56.67,0,43.33
2021-05-12T00:00:00.000Z,2030,5456361,58.67,3339,5115275,55.01,0,0,0,0,0,0,0,0,56.7,0,43.3
2021-05-13T00:00:00.000Z,2041,5458402,58.7,3684,5118959,55.05,0,0,0,0,0,0,0,0,56.73,0,43.27
2021-05-14T00:00:00.000Z,978,5459380,58.71,1493,5120452,55.06,0,0,0,0,0,0,0,0,56.75,0,43.25
2021-05-15T00:00:00.000Z,255,5459635,58.71,259,5120711,55.07,0,0,0,0,0,0,0,0,56.75,0,43.25
2021-05-16T00:00:00.000Z,529,5460164,58.72,1206,5121917,55.08,0,0,0,0,0,0,0,0,56.78,0,43.22
2021-05-17T00:00:00.000Z,300,5460464,58.72,847,5122764,55.09,0,0,0,0,0,0,0,0,56.81,0,43.19
2021-05-18T00:00:00.000Z,1961,5462425,58.74,4937,5127701,55.14,0,0,0,0,0,0,0,0,56.84,0,43.16
2021-05-19T00:00:00.000Z,2232,5464657,58.76,5041,5132742,55.2,0,0,0,0,0,0,0,0,56.87,0,43.13
2021-05-20T00:00:00.000Z,2311,5466968,58.79,3879,5136621,55.24,0,0,0,0,0,0,0,0,56.9,0,43.1
2021-05-21T00:00:00.000Z,1190,5468158,58.8,1414,5138035,55.25,0,0,0,0,0,0,0,0,56.92,0,43.08
2021-05-22T00:00:00.000Z,206,5468364,58.8,395,5138430,55.26,0,0,0,0,0,0,0,0,56.92,0,43.08
2021-05-23T00:00:00.000Z,2271,5470635,58.83,3216,5141646,55.29,0,0,0,0,0,0,0,0,56.94,0,43.06
2021-05-24T00:00:00.000Z,2137,5472772,58.85,3596,5145242,55.33,0,0,0,0,0,0,0,0,56.96,0,43.04
2021-05-25T00:00:00.000Z,1819,5474591,58.87,2586,5147828,55.36,0,0,0,0,0,0,0,0,56.99,0,43.01
2021-05-26T00:00:00.000Z,1410,5476001,58.89,2503,5150331,55.38,0,0,0,0,0,0,0,0,57.03,0,42.97
2021-05-27T00:00:00.000Z,1859,5477860,58.91,3186,5153517,55.42,0,0,0,0,0,0,0,0,57.06,0,42.94
2021-05-28T00:00:00.000Z,790,5478650,58.91,1405,5154922,55.43,0,0,0,0,0,0,0,0,57.07,0,42.93
2021-05-29T00:00:00.000Z,190,5478840,58.92,224,5155146,55.44,0,0,0,0,0,0,0,0,57.07,0,42.93
2021-05-30T00:00:00.000Z,1644,5480484,58.93,1937,5157083,55.46,0,0,0,0,0,0,0,0,57.1,0,42.9
2021-05-31T00:00:00.000Z,1738,5482222,58.95,2093,5159176,55.48,0,0,0,0,0,0,0,0,57.13,0,42.87
2021-06-01T00:00:00.000Z,1383,5483605,58.97,1822,5160998,55.5,0,0,0,0,0,0,0,0,57.47,0,42.53
2021-06-02T00:00:00.000Z,1513,5485118,58.98,1607,5162605,55.52,0,0,0,0,0,0,0,0,57.25,0,42.75
2021-06-03T00:00:00.000Z,1684,5486802,59,1491,5164096,55.53,0,0,0,0,0,0,0,0,57.27,0,42.73
2021-06-04T00:00:00.000Z,1101,5487903,59.01,783,5164879,55.54,0,0,0,0,0,0,0,0,57.28,0,42.72
2021-06-05T00:00:00.000Z,183,5488086,59.02,159,5165038,55.54,0,0,0,0,0,0,0,0,57.29,0,42.71
2021-06-06T00:00:00.000Z,4290,5492376,59.06,1002,5166040,55.55,0,0,0,0,0,0,0,0,57.31,0,42.69
2021-06-07T00:00:00.000Z,4438,5496814,59.11,811,5166851,55.56,0,0,0,0,0,0,0,0,57.34,0,42.66
2021-06-08T00:00:00.000Z,3737,5500551,59.15,1174,5168025,55.57,0,0,0,0,0,0,0,0,57.36,0,42.64
2021-06-09T00:00:00.000Z,3614,5504165,59.19,1327,5169352,55.59,0,0,0,0,0,0,0,0,57.4,0,42.6
2021-06-10T00:00:00.000Z,3359,5507524,59.23,1299,5170651,55.6,0,0,0,0,0,0,0,0,57.42,0,42.58
2021-06-11T00:00:00.000Z,1397,5508921,59.24,587,5171238,55.61,0,0,0,0,0,0,0,0,57.43,0,42.57
2021-06-12T00:00:00.000Z,218,5509139,59.24,173,5171411,55.61,0,0,0,0,0,0,0,0,57.43,0,42.57
2021-06-13T00:00:00.000Z,3101,5512240,59.28,1260,5172671,55.62,0,0,0,0,0,0,0,0,57.45,0,42.55
2021-06-14T00:00:00.000Z,3056,5515296,59.31,1531,5174202,55.64,0,0,0,0,0,0,0,0,57.46,0,42.54
2021-06-15T00:00:00.000Z,3137,5518433,59.34,1375,5175577,55.66,0,0,0,0,0,0,0,0,57.48,0,42.52
2021-06-16T00:00:00.000Z,2730,5521163,59.37,1000,5176577,55.67,0,0,0,0,0,0,0,0,57.49,0,42.51
2021-06-17T00:00:00.000Z,2729,5523892,59.4,1206,5177783,55.68,0,0,0,0,0,0,0,0,57.51,0,42.49
2021-06-18T00:00:00.000Z,1265,5525157,59.41,506,5178289,55.68,0,0,0,0,0,0,0,0,57.52,0,42.48
2021-06-19T00:00:00.000Z,242,5525399,59.42,139,5178428,55.69,0,0,0,0,0,0,0,0,57.52,0,42.48
2021-06-20T00:00:00.000Z,3316,5528715,59.45,1330,5179758,55.7,0,0,0,0,0,0,0,0,57.54,0,42.46
2021-06-21T00:00:00.000Z,5245,5533960,59.51,1217,5180975,55.71,0,0,0,0,0,0,0,0,57.56,0,42.44
2021-06-22T00:00:00.000Z,6933,5540893,59.58,1099,5182074,55.73,0,0,0,0,0,0,0,0,57.58,0,42.42
2021-06-23T00:00:00.000Z,10755,5551648,59.7,1304,5183378,55.74,0,0,0,0,0,0,0,0,57.6,0,42.4
2021-06-24T00:00:00.000Z,12045,5563693,59.83,1466,5184844,55.76,0,0,0,0,0,0,0,0,57.62,0,42.38
2021-06-25T00:00:00.000Z,7114,5570807,59.91,944,5185788,55.77,0,0,0,0,0,0,0,0,57.62,0,42.38
2021-06-26T00:00:00.000Z,2273,5573080,59.93,200,5185988,55.77,0,0,0,0,0,0,0,0,57.63,0,42.37
2021-06-27T00:00:00.000Z,13631,5586711,60.08,3436,5189424,55.8,0,0,0,0,0,0,0,0,57.65,0,42.35
2021-06-28T00:00:00.000Z,14518,5601229,60.23,3675,5193099,55.84,0,0,0,0,0,0,0,0,57.68,0,42.32
2021-06-29T00:00:00.000Z,16710,5617939,60.41,3743,5196842,55.88,0,0,0,0,0,0,0,0,57.69,0,42.31
2021-06-30T00:00:00.000Z,16485,5634424,60.59,3396,5200238,55.92,0,0,0,0,0,0,0,0,57.72,0,42.28
2021-07-01T00:00:00.000Z,16835,5651259,60.77,3376,5203614,55.96,121,121,0,0,0,0,0,0,57.78,0,42.22
2021-07-02T00:00:00.000Z,9836,5661095,60.88,1604,5205218,55.97,7,128,0,0,0,0,0,0,57.79,0,42.21
2021-07-03T00:00:00.000Z,2677,5663772,60.91,296,5205514,55.98,1,129,0,0,0,0,0,0,57.79,0,42.21
2021-07-04T00:00:00.000Z,17735,5681507,61.1,3161,5208675,56.01,2,131,0,0,0,0,0,0,57.85,0,42.15
2021-07-05T00:00:00.000Z,17848,5699355,61.29,3043,5211718,56.04,7,138,0,0,0,0,0,0,57.91,0,42.09
2021-07-06T00:00:00.000Z,17847,5717202,61.48,3407,5215125,56.08,11,149,0,0,0,0,0,0,57.99,0,42.01
2021-07-07T00:00:00.000Z,15526,5732728,61.65,2701,5217826,56.11,12,161,0,0,0,0,0,0,58.05,0,41.95
2021-07-08T00:00:00.000Z,16585,5749313,61.83,2879,5220705,56.14,17,178,0,0,0,0,0,0,58.12,0,41.88
2021-07-09T00:00:00.000Z,11124,5760437,61.94,1534,5222239,56.16,4,182,0,0,0,0,0,0,58.15,0,41.85
2021-07-10T00:00:00.000Z,4988,5765425,62,389,5222628,56.16,6,188,0,0,0,0,0,0,58.15,0,41.85
2021-07-11T00:00:00.000Z,1456,5766881,62.01,2848,5225476,56.19,8,196,0,0,0,0,0,0,58.22,0,41.78
2021-07-12T00:00:00.000Z,2425,5769306,62.04,3689,5229165,56.23,56,252,0,0,0,0,0,0,58.29,0,41.71
2021-07-13T00:00:00.000Z,2964,5772270,62.07,5458,5234623,56.29,124,376,0,0,0,0,0,0,58.36,0,41.64
2021-07-14T00:00:00.000Z,2746,5775016,62.1,7531,5242154,56.37,441,817,0.01,0,0,0,0,0,58.42,0,41.58
2021-07-15T00:00:00.000Z,3004,5778020,62.13,9297,5251451,56.47,374,1191,0.01,0,0,0,0,0,58.5,0,41.5
2021-07-16T00:00:00.000Z,1293,5779313,62.15,5897,5257348,56.53,66,1257,0.01,0,0,0,0,0,58.54,0,41.46
2021-07-17T00:00:00.000Z,370,5779683,62.15,1391,5258739,56.55,8,1265,0.01,0,0,0,0,0,58.55,0,41.44
2021-07-18T00:00:00.000Z,2073,5781756,62.17,9768,5268507,56.65,235,1500,0.02,0,0,0,0,0,58.6,0,41.4
2021-07-19T00:00:00.000Z,3209,5784965,62.21,11345,5279852,56.78,461,1961,0.02,0,0,0,0,0,58.65,0,41.35
2021-07-20T00:00:00.000Z,2684,5787649,62.24,11912,5291764,56.9,373,2334,0.03,0,0,0,0,0,58.72,0,41.28
2021-07-21T00:00:00.000Z,2405,5790054,62.26,11880,5303644,57.03,325,2659,0.03,0,0,0,0,0,58.81,0,41.19
2021-07-22T00:00:00.000Z,2874,5792928,62.29,13275,5316919,57.18,391,3050,0.03,0,0,0,0,0,58.93,0,41.07
2021-07-23T00:00:00.000Z,2035,5794963,62.32,8249,5325168,57.26,106,3156,0.03,0,0,0,0,0,58.99,0,41.01
2021-07-24T00:00:00.000Z,642,5795605,62.32,1485,5326653,57.28,7,3163,0.03,0,0,0,0,0,58.99,0,41
2021-07-25T00:00:00.000Z,4416,5800021,62.37,15497,5342150,57.45,223,3386,0.04,0,0,0,0,0,59.1,0,40.89
2021-07-26T00:00:00.000Z,5169,5805190,62.43,13533,5355683,57.59,325,3711,0.04,0,0,0,0,0,59.24,0,40.75
2021-07-27T00:00:00.000Z,5491,5810681,62.49,13576,5369259,57.74,414,4125,0.04,0,0,0,0,0,59.37,0.01,40.62
2021-07-28T00:00:00.000Z,3987,5814668,62.53,12342,5381601,57.87,472,4597,0.05,0,0,0,0,0,59.5,0.01,40.49
2021-07-29T00:00:00.000Z,4663,5819331,62.58,14198,5395799,58.02,532,5129,0.06,0,0,0,0,0,59.65,0.01,40.33
2021-07-30T00:00:00.000Z,2652,5821983,62.61,10854,5406653,58.14,4122,9251,0.1,0,0,0,0,0,59.74,0.02,40.25
2021-07-31T00:00:00.000Z,1405,5823388,62.62,3551,5410204,58.18,6159,15410,0.17,0,0,0,0,0,59.75,0.02,40.23
2021-08-01T00:00:00.000Z,3075,5826463,62.65,3364,5413568,58.21,31047,46457,0.5,0,0,0,0,0,59.91,0.02,40.06
2021-08-02T00:00:00.000Z,3132,5829595,62.69,3173,5416741,58.25,58514,104971,1.13,0,0,0,0,0,60.06,0.03,39.91
2021-08-03T00:00:00.000Z,3387,5832982,62.72,3328,5420069,58.28,78953,183924,1.98,0,0,0,0,0,60.21,0.03,39.76
2021-08-04T00:00:00.000Z,3527,5836509,62.76,3255,5423324,58.32,80764,264688,2.85,0,0,0,0,0,60.34,0.03,39.63
2021-08-05T00:00:00.000Z,4513,5841022,62.81,3569,5426893,58.36,88442,353130,3.8,0,0,0,0,0,60.49,0.04,39.47
2021-08-06T00:00:00.000Z,2434,5843456,62.84,1858,5428751,58.38,44743,397873,4.28,0,0,0,0,0,60.6,0.04,39.36
2021-08-07T00:00:00.000Z,1033,5844489,62.85,698,5429449,58.39,27353,425226,4.57,0,0,0,0,0,60.63,0.04,39.32
2021-08-08T00:00:00.000Z,4989,5849478,62.9,3082,5432531,58.42,80087,505313,5.43,0,0,0,0,0,60.68,0.04,39.28
2021-08-09T00:00:00.000Z,5340,5854818,62.96,3058,5435589,58.45,76489,581802,6.26,0,0,0,0,0,60.72,0.04,39.24
2021-08-10T00:00:00.000Z,5552,5860370,63.02,3202,5438791,58.49,75427,657229,7.07,0,0,0,0,0,60.75,0.04,39.2
2021-08-11T00:00:00.000Z,5694,5866064,63.08,2946,5441737,58.52,62639,719868,7.74,0,0,0,0,0,60.79,0.04,39.17
2021-08-12T00:00:00.000Z,7039,5873103,63.16,3287,5445024,58.55,59461,779329,8.38,0,0,0,0,0,60.83,0.04,39.12
2021-08-13T00:00:00.000Z,3817,5876920,63.2,2068,5447092,58.58,43869,823198,8.85,0,0,0,0,0,60.84,0.05,39.11
2021-08-14T00:00:00.000Z,2252,5879172,63.22,850,5447942,58.58,44486,867684,9.33,0,0,0,0,0,60.85,0.05,39.1
2021-08-15T00:00:00.000Z,7143,5886315,63.3,4530,5452472,58.63,97983,965667,10.38,0,0,0,0,0,60.89,0.05,39.06
2021-08-16T00:00:00.000Z,6988,5893303,63.37,4747,5457219,58.68,89519,1055186,11.35,0,0,0,0,0,60.92,0.04,39.03
2021-08-17T00:00:00.000Z,7573,5900876,63.46,5134,5462353,58.74,83319,1138505,12.24,0,0,0,0,0,60.96,0.04,39
2021-08-18T00:00:00.000Z,8643,5909519,63.55,4603,5466956,58.79,69267,1207772,12.99,0,0,0,0,0,60.99,0.04,38.96
2021-08-19T00:00:00.000Z,10079,5919598,63.66,5216,5472172,58.85,65974,1273746,13.7,0,0,0,0,0,61.03,0.04,38.92
2021-08-20T00:00:00.000Z,4768,5924366,63.71,2825,5474997,58.88,60452,1334198,14.35,0,0,0,0,0,61.05,0.05,38.9
2021-08-21T00:00:00.000Z,3498,5927864,63.75,1580,5476577,58.89,50725,1384923,14.89,0,0,0,0,0,61.06,0.05,38.89
2021-08-22T00:00:00.000Z,9821,5937685,63.85,4806,5481383,58.94,105106,1490029,16.02,0,0,0,0,0,61.12,0.04,38.84
2021-08-23T00:00:00.000Z,10924,5948609,63.97,4447,5485830,58.99,94031,1584060,17.03,0,0,0,0,0,61.17,0.04,38.79
2021-08-24T00:00:00.000Z,11721,5960330,64.09,4703,5490533,59.04,98551,1682611,18.09,0,0,0,0,0,61.23,0.04,38.73
2021-08-25T00:00:00.000Z,9613,5969943,64.2,4482,5495015,59.09,99546,1782157,19.16,0,0,0,0,0,61.29,0.04,38.67
2021-08-26T00:00:00.000Z,10107,5980050,64.31,5057,5500072,59.15,101228,1883385,20.25,0,0,0,0,0,61.36,0.03,38.61
2021-08-27T00:00:00.000Z,4326,5984376,64.35,2785,5502857,59.17,56694,1940079,20.86,0,0,0,0,0,61.35,0.04,38.61
2021-08-28T00:00:00.000Z,3698,5988074,64.39,1497,5504354,59.19,33539,1973618,21.22,0,0,0,0,0,61.4,0.04,38.57
2021-08-29T00:00:00.000Z,10321,5998395,64.5,5931,5510285,59.25,79547,2053165,22.08,0,0,0,0,0,61.46,0.03,38.5
2021-08-30T00:00:00.000Z,12334,6010729,64.64,7015,5517300,59.33,116003,2169168,23.33,0,0,0,0,0,61.53,0.03,38.44
2021-08-31T00:00:00.000Z,12075,6022804,64.77,6528,5523828,59.4,114873,2284041,24.56,0,0,0,0,0,61.6,0.03,38.37
2021-09-01T00:00:00.000Z,9033,6031837,64.86,6039,5529867,59.47,112488,2396529,25.77,0,0,0,0,0,61.43,0.03,38.54
2021-09-02T00:00:00.000Z,8784,6040621,64.96,7180,5537047,59.54,111542,2508071,26.97,0,0,0,0,0,61.49,0.03,38.48
2021-09-03T00:00:00.000Z,3749,6044370,65,4115,5541162,59.59,58884,2566955,27.6,0,0,0,0,0,61.56,0.03,38.42
2021-09-04T00:00:00.000Z,2692,6047062,65.03,2020,5543182,59.61,29950,2596905,27.93,0,0,0,0,0,61.59,0.03,38.38
2021-09-05T00:00:00.000Z,6991,6054053,65.1,6460,5549642,59.68,73327,2670232,28.71,0,0,0,0,0,61.68,0.03,38.29
2021-09-06T00:00:00.000Z,2832,6056885,65.13,2710,5552352,59.71,22797,2693029,28.96,0,0,0,0,0,61.77,0.03,38.2
2021-09-07T00:00:00.000Z,1199,6058084,65.15,879,5553231,59.72,5398,2698427,29.02,0,0,0,0,0,61.85,0.03,38.12
2021-09-08T00:00:00.000Z,1380,6059464,65.16,1195,5554426,59.73,6621,2705048,29.09,0,0,0,0,0,61.93,0.03,38.05
2021-09-09T00:00:00.000Z,7089,6066553,65.24,12573,5566999,59.86,73844,2778892,29.88,0,0,0,0,0,62.02,0.03,37.95
2021-09-10T00:00:00.000Z,3258,6069811,65.27,5015,5572014,59.92,37936,2816828,30.29,0,0,0,0,0,62.06,0.03,37.91
2021-09-11T00:00:00.000Z,2109,6071920,65.29,2505,5574519,59.95,14816,2831644,30.45,0,0,0,0,0,62.08,0.03,37.89
2021-09-12T00:00:00.000Z,6107,6078027,65.36,8587,5583106,60.04,54135,2885779,31.03,0,0,0,0,0,62.16,0.03,37.81
2021-09-13T00:00:00.000Z,5610,6083637,65.42,8260,5591366,60.13,47981,2933760,31.55,0,0,0,0,0,62.15,0.03,37.82
2021-09-14T00:00:00.000Z,4961,6088598,65.47,7420,5598786,60.21,48854,2982614,32.07,0,0,0,0,0,62.2,0.03,37.77
2021-09-15T00:00:00.000Z,1750,6090348,65.49,2716,5601502,60.24,16686,2999300,32.25,0,0,0,0,0,62.25,0.03,37.72
2021-09-16T00:00:00.000Z,343,6090691,65.5,548,5602050,60.24,1740,3001040,32.27,0,0,0,0,0,62.37,0.03,37.6
2021-09-17T00:00:00.000Z,3682,6094373,65.54,7019,5609069,60.32,42904,3043944,32.73,0,0,0,0,0,62.42,0.03,37.54
2021-09-18T00:00:00.000Z,2258,6096631,65.56,2944,5612013,60.35,12783,3056727,32.87,0,0,0,0,0,62.45,0.03,37.52
2021-09-19T00:00:00.000Z,5941,6102572,65.62,10710,5622723,60.46,44332,3101059,33.35,0,0,0,0,0,62.55,0.03,37.42
2021-09-20T00:00:00.000Z,3245,6105817,65.66,4645,5627368,60.51,16707,3117766,33.53,0,0,0,0,0,62.63,0.03,37.34
2021-09-21T00:00:00.000Z,1339,6107156,65.67,2059,5629427,60.54,3476,3121242,33.56,0,0,0,0,0,62.69,0.03,37.28
2021-09-22T00:00:00.000Z,4257,6111413,65.72,7250,5636677,60.61,25072,3146314,33.83,0,0,0,0,0,62.72,0.03,37.25
2021-09-23T00:00:00.000Z,4389,6115802,65.77,5912,5642589,60.68,27833,3174147,34.13,0,0,0,0,0,62.75,0.03,37.22
2021-09-24T00:00:00.000Z,3202,6119004,65.8,4185,5646774,60.72,27721,3201868,34.43,0,0,0,0,0,62.82,0.03,37.15
2021-09-25T00:00:00.000Z,2079,6121083,65.82,2260,5649034,60.75,10443,3212311,34.54,0,0,0,0,0,62.85,0.03,37.12
2021-09-26T00:00:00.000Z,5604,6126687,65.88,5972,5655006,60.81,36269,3248580,34.93,0,0,0,0,0,62.96,0.03,37
2021-09-27T00:00:00.000Z,4693,6131380,65.93,4468,5659474,60.86,30453,3279033,35.26,0,0,0,0,0,63.02,0.03,36.94
2021-09-28T00:00:00.000Z,1471,6132851,65.95,1180,5660654,60.87,6249,3285282,35.33,0,0,0,0,0,63.06,0.04,36.91
2021-09-29T00:00:00.000Z,9620,6142471,66.05,8346,5669000,60.96,60324,3345606,35.98,0,0,0,0,0,63.13,0.03,36.84
2021-09-30T00:00:00.000Z,10974,6153445,66.17,8574,5677574,61.05,79697,3425303,36.83,0,0,0,0,0,63.18,0.03,36.79
2021-10-01T00:00:00.000Z,5124,6158569,66.23,3875,5681449,61.1,46544,3471847,37.33,0,0,0,0,0,63.23,0.03,36.73
2021-10-02T00:00:00.000Z,2862,6161431,66.26,2127,5683576,61.12,22432,3494279,37.58,0,0,0,0,0,63.26,0.03,36.71
2021-10-03T00:00:00.000Z,11667,6173098,66.38,7273,5690849,61.2,70725,3565004,38.34,0,0,0,0,0,63.35,0.03,36.62
2021-10-04T00:00:00.000Z,10320,6183418,66.49,6757,5697606,61.27,51907,3616911,38.89,0,0,0,0,0,63.4,0.03,36.57
2021-10-05T00:00:00.000Z,8459,6191877,66.58,5314,5702920,61.33,40479,3657390,39.33,0,0,0,0,0,63.41,0.03,36.55
2021-10-06T00:00:00.000Z,7542,6199419,66.67,4183,5707103,61.37,34147,3691537,39.7,0,0,0,0,0,63.52,0.03,36.45
2021-10-07T00:00:00.000Z,6892,6206311,66.74,4008,5711111,61.41,34066,3725603,40.06,0,0,0,0,0,63.63,0.03,36.34
2021-10-08T00:00:00.000Z,3085,6209396,66.77,2643,5713754,61.44,19250,3744853,40.27,0,0,0,0,0,63.68,0.03,36.29
2021-10-09T00:00:00.000Z,1337,6210733,66.79,1443,5715197,61.46,7441,3752294,40.35,0,0,0,0,0,63.71,0.03,36.26
2021-10-10T00:00:00.000Z,4675,6215408,66.84,3747,5718944,61.5,21518,3773812,40.58,0,0,0,0,0,63.82,0.04,36.14
2021-10-11T00:00:00.000Z,4299,6219707,66.88,2942,5721886,61.53,17266,3791078,40.77,0,0,0,0,0,63.91,0.04,36.05
2021-10-12T00:00:00.000Z,3973,6223680,66.93,3003,5724889,61.56,15356,3806434,40.93,0,0,0,0,0,63.99,0.05,35.96
2021-10-13T00:00:00.000Z,3487,6227167,66.96,2451,5727340,61.59,13586,3820020,41.08,0,0,0,0,0,64.09,0.05,35.86
2021-10-14T00:00:00.000Z,3867,6231034,67.01,2685,5730025,61.62,16567,3836587,41.26,0,0,0,0,0,64.19,0.06,35.75
2021-10-15T00:00:00.000Z,1703,6232737,67.02,1682,5731707,61.64,9007,3845594,41.35,0,0,0,0,0,64.23,0.07,35.7
2021-10-16T00:00:00.000Z,727,6233464,67.03,956,5732663,61.65,4034,3849628,41.4,0,0,0,0,0,64.25,0.08,35.67
2021-10-17T00:00:00.000Z,3088,6236552,67.06,2525,5735188,61.67,12798,3862426,41.53,0,0,0,0,0,64.36,0.09,35.56
2021-10-18T00:00:00.000Z,2460,6239012,67.09,1689,5736877,61.69,10069,3872495,41.64,0,0,0,0,0,64.43,0.1,35.47
2021-10-19T00:00:00.000Z,2397,6241409,67.12,1282,5738159,61.71,9295,3881790,41.74,0,0,0,0,0,64.49,0.1,35.4
2021-10-20T00:00:00.000Z,2434,6243843,67.14,2304,5740463,61.73,10099,3891889,41.85,0,0,0,0,0,64.14,0.52,35.34
2021-10-21T00:00:00.000Z,3032,6246875,67.18,3096,5743559,61.76,12163,3904052,41.98,0,0,0,0,0,54.23,10.41,35.36
2021-10-22T00:00:00.000Z,1279,6248154,67.19,1435,5744994,61.78,5835,3909887,42.05,0,0,0,0,0,54.36,10.26,35.38
2021-10-23T00:00:00.000Z,572,6248726,67.2,1266,5746260,61.79,2564,3912451,42.07,0,0,0,0,0,54.42,10.19,35.39
2021-10-24T00:00:00.000Z,2515,6251241,67.22,2653,5748913,61.82,9855,3922306,42.18,0,0,0,0,0,54.22,10.43,35.35
2021-10-25T00:00:00.000Z,2635,6253876,67.25,2750,5751663,61.85,8509,3930815,42.27,0,0,0,0,0,54.59,10.22,35.19
2021-10-26T00:00:00.000Z,2380,6256256,67.28,2056,5753719,61.87,8522,3939337,42.36,0,0,0,0,0,54.64,10.26,35.1
2021-10-27T00:00:00.000Z,2289,6258545,67.3,2566,5756285,61.9,7954,3947291,42.45,0,0,0,0,0,54.58,10.37,35.06
2021-10-28T00:00:00.000Z,2504,6261049,67.33,2777,5759062,61.93,8670,3955961,42.54,0,0,0,0,0,54.69,10.76,34.55
2021-10-29T00:00:00.000Z,900,6261949,67.34,1151,5760213,61.94,4137,3960098,42.58,0,0,0,0,0,54.73,10.75,34.52
2021-10-30T00:00:00.000Z,365,6262314,67.34,530,5760743,61.95,1711,3961809,42.6,0,0,0,0,0,54.68,10.81,34.52
2021-10-31T00:00:00.000Z,2260,6264574,67.37,2495,5763238,61.98,8255,3970064,42.69,0,0,0,0,0,54.83,10.7,34.47
2021-11-01T00:00:00.000Z,1736,6266310,67.38,2091,5765329,62,6479,3976543,42.76,0,0,0,0,0,54.95,10.63,34.42
2021-11-02T00:00:00.000Z,2026,6268336,67.41,2044,5767373,62.02,6294,3982837,42.83,0,0,0,0,0,54.89,10.69,34.42
2021-11-03T00:00:00.000Z,1763,6270099,67.43,1897,5769270,62.04,5556,3988393,42.89,0,0,0,0,0,54.86,10.75,34.39
2021-11-04T00:00:00.000Z,2111,6272210,67.45,2802,5772072,62.07,7126,3995519,42.97,0,0,0,0,0,54.85,10.81,34.33
2021-11-05T00:00:00.000Z,790,6273000,67.46,904,5772976,62.08,3484,3999003,43,0,0,0,0,0,54.85,10.83,34.32
2021-11-06T00:00:00.000Z,346,6273346,67.46,385,5773361,62.08,1373,4000376,43.02,0,0,0,0,0,54.82,10.86,34.32
2021-11-07T00:00:00.000Z,1578,6274924,67.48,1769,5775130,62.1,6134,4006510,43.08,0,0,0,0,0,54.92,10.8,34.28
2021-11-08T00:00:00.000Z,1519,6276443,67.49,1602,5776732,62.12,5405,4011915,43.14,0,0,0,0,0,55.01,10.75,34.24
2021-11-09T00:00:00.000Z,1428,6277871,67.51,1608,5778340,62.14,5331,4017246,43.2,0,0,0,0,0,55.05,10.74,34.21
2021-11-10T00:00:00.000Z,1423,6279294,67.52,1659,5779999,62.16,4777,4022023,43.25,0,0,0,0,0,55.08,10.73,34.19
2021-11-11T00:00:00.000Z,1627,6280921,67.54,1944,5781943,62.18,5716,4027739,43.31,0,0,0,0,0,55.15,10.69,34.15
2021-11-12T00:00:00.000Z,634,6281555,67.55,826,5782769,62.19,2922,4030661,43.34,0,0,0,0,0,55.17,10.69,34.14
2021-11-13T00:00:00.000Z,256,6281811,67.55,286,5783055,62.19,1130,4031791,43.36,0,0,0,0,0,55.14,10.72,34.14
2021-11-14T00:00:00.000Z,1536,6283347,67.57,1637,5784692,62.21,5109,4036900,43.41,0,0,0,0,0,55.21,10.68,34.11
2021-11-15T00:00:00.000Z,1274,6284621,67.58,1622,5786314,62.22,4769,4041669,43.46,0,0,0,0,0,55.28,10.63,34.09
2021-11-16T00:00:00.000Z,1273,6285894,67.6,1415,5787729,62.24,4347,4046016,43.51,0,0,0,0,0,55.32,10.62,34.07
2021-11-17T00:00:00.000Z,1204,6287098,67.61,1565,5789294,62.26,3914,4049930,43.55,0,0,0,0,0,55.35,10.6,34.05
2021-11-18T00:00:00.000Z,1361,6288459,67.62,1692,5790986,62.27,5010,4054940,43.6,0,0,0,0,0,55.41,10.58,34.02
2021-11-19T00:00:00.000Z,588,6289047,67.63,763,5791749,62.28,2457,4057397,43.63,0,0,0,0,0,55.42,10.57,34.01
2021-11-20T00:00:00.000Z,237,6289284,67.63,255,5792004,62.28,929,4058326,43.64,0,0,0,0,0,55.41,10.58,34
2021-11-21T00:00:00.000Z,1409,6290693,67.65,1541,5793545,62.3,4879,4063205,43.69,0,0,0,0,0,55.47,10.54,33.98
2021-11-22T00:00:00.000Z,1680,6292373,67.67,1522,5795067,62.32,4238,4067443,43.74,0,0,0,0,0,55.54,10.5,33.96
2021-11-23T00:00:00.000Z,8622,6300995,67.76,1687,5796754,62.34,4007,4071450,43.78,0,0,0,0,0,55.57,10.48,33.95
2021-11-24T00:00:00.000Z,9349,6310344,67.86,1317,5798071,62.35,3923,4075373,43.82,0,0,0,0,0,55.6,10.44,33.95
2021-11-25T00:00:00.000Z,9812,6320156,67.96,1601,5799672,62.37,4839,4080212,43.88,0,0,0,0,0,55.64,10.43,33.93
2021-11-26T00:00:00.000Z,5610,6325766,68.02,748,5800420,62.37,2799,4083011,43.91,0,0,0,0,0,55.63,10.45,33.92
2021-11-27T00:00:00.000Z,4779,6330545,68.08,323,5800743,62.38,1163,4084174,43.92,0,0,0,0,0,55.62,10.46,33.92
2021-11-28T00:00:00.000Z,10152,6340697,68.18,1477,5802220,62.39,4901,4089075,43.97,0,0,0,0,0,55.67,10.43,33.9
2021-11-29T00:00:00.000Z,9042,6349739,68.28,1131,5803351,62.41,4375,4093450,44.02,0,0,0,0,0,55.73,10.39,33.88
2021-11-30T00:00:00.000Z,10044,6359783,68.39,1035,5804386,62.42,4084,4097534,44.06,0,0,0,0,0,55.77,10.37,33.86
2021-12-01T00:00:00.000Z,8630,6368413,68.48,1095,5805481,62.43,4441,4101975,44.11,6,6,0,0,0,55.79,10.36,33.84
2021-12-02T00:00:00.000Z,9176,6377589,68.58,1454,5806935,62.44,5122,4107097,44.17,6,12,0,0,0,55.84,10.34,33.82
2021-12-03T00:00:00.000Z,6331,6383920,68.65,673,5807608,62.45,2867,4109964,44.2,1,13,0,0,0,55.86,10.33,33.81
2021-12-04T00:00:00.000Z,2509,6386429,68.68,235,5807843,62.45,921,4110885,44.21,3,16,0,0,0,55.85,10.34,33.81
2021-12-05T00:00:00.000Z,8335,6394764,68.77,1253,5809096,62.47,4683,4115568,44.26,1,17,0,0,0,55.9,10.31,33.79
2021-12-06T00:00:00.000Z,6723,6401487,68.84,1200,5810296,62.48,4350,4119918,44.3,4,21,0,0,0,55.95,10.27,33.78
2021-12-07T00:00:00.000Z,5553,6407040,68.9,1503,5811799,62.5,3965,4123883,44.35,9,30,0,0,0,55.99,10.25,33.76
2021-12-08T00:00:00.000Z,4935,6411975,68.95,1199,5812998,62.51,3883,4127766,44.39,10,40,0,0,0,56.03,10.22,33.75
2021-12-09T00:00:00.000Z,6237,6418212,69.02,1239,5814237,62.52,4506,4132272,44.44,8,48,0,0,0,56.08,10.19,33.73
2021-12-10T00:00:00.000Z,3005,6421217,69.05,703,5814940,62.53,2686,4134958,44.47,4,52,0,0,0,56.1,10.18,33.72
2021-12-11T00:00:00.000Z,1491,6422708,69.07,252,5815192,62.53,1016,4135974,44.48,0,52,0,0,0,56.1,10.18,33.71
2021-12-12T00:00:00.000Z,7273,6429981,69.14,1444,5816636,62.55,5247,4141221,44.53,3,55,0,0,0,56.16,10.15,33.69
2021-12-13T00:00:00.000Z,6181,6436162,69.21,1374,5818010,62.56,4350,4145571,44.58,5,60,0,0,0,56.21,10.11,33.67
2021-12-14T00:00:00.000Z,7317,6443479,69.29,6101,5824111,62.63,4937,4150508,44.63,12,72,0,0,0,56.27,10.09,33.65
2021-12-15T00:00:00.000Z,7203,6450682,69.37,7403,5831514,62.71,5443,4155951,44.69,7,79,0,0,0,56.34,10.06,33.6
2021-12-16T00:00:00.000Z,8079,6458761,69.45,8613,5840127,62.8,6563,4162514,44.76,8,87,0,0,0,56.53,10.05,33.42
2021-12-17T00:00:00.000Z,4406,6463167,69.5,5140,5845267,62.86,3953,4166467,44.8,3,90,0,0,0,56.64,10.05,33.3
2021-12-18T00:00:00.000Z,3940,6467107,69.54,2913,5848180,62.89,1360,4167827,44.82,2,92,0,0,0,56.73,10.07,33.2
2021-12-19T00:00:00.000Z,6980,6474087,69.62,9331,5857511,62.99,6273,4174100,44.89,6,98,0,0,0,56.92,10.04,33.04
2021-12-20T00:00:00.000Z,7969,6482056,69.7,7517,5865028,63.07,5443,4179543,44.94,9,107,0,0,0,57.07,10.02,32.91
2021-12-21T00:00:00.000Z,9549,6491605,69.81,8649,5873677,63.16,6490,4186033,45.01,8,115,0,0,0,57.27,10.01,32.71
2021-12-22T00:00:00.000Z,9664,6501269,69.91,8155,5881832,63.25,6248,4192281,45.08,12,127,0,0,0,57.49,10,32.52
2021-12-23T00:00:00.000Z,11538,6512807,70.04,10264,5892096,63.36,8158,4200439,45.17,16,143,0,0,0,57.7,9.97,32.33
2021-12-24T00:00:00.000Z,5873,6518680,70.1,6240,5898336,63.43,5280,4205719,45.23,12,155,0,0,0,57.83,9.96,32.21
2021-12-25T00:00:00.000Z,3338,6522018,70.13,2566,5900902,63.46,2021,4207740,45.25,6,161,0,0,0,57.9,9.96,32.15
2021-12-26T00:00:00.000Z,10653,6532671,70.25,8910,5909812,63.55,8201,4215941,45.34,8,169,0,0,0,58.1,9.92,31.98
2021-12-27T00:00:00.000Z,10371,6543042,70.36,7145,5916957,63.63,8185,4224126,45.42,21,190,0,0,0,58.27,9.9,31.83
2021-12-28T00:00:00.000Z,11374,6554416,70.48,7452,5924409,63.71,9639,4233765,45.53,24,214,0,0,0,58.46,9.88,31.66
2021-12-29T00:00:00.000Z,9932,6564348,70.59,5963,5930372,63.77,8375,4242140,45.62,20,234,0,0,0,58.64,9.85,31.51
2021-12-30T00:00:00.000Z,11011,6575359,70.71,7735,5938107,63.86,12241,4254381,45.75,10,244,0,0,0,58.84,9.82,31.34
2021-12-31T00:00:00.000Z,4829,6580188,70.76,3672,5941779,63.9,7294,4261675,45.83,135,379,0,0,0,58.9,9.79,31.3
2022-01-01T00:00:00.000Z,1992,6582180,70.78,1591,5943370,63.91,2741,4264416,45.86,66,445,0,0,0,58.93,9.79,31.28
2022-01-02T00:00:00.000Z,10217,6592397,70.89,6487,5949857,63.98,13004,4277420,46,590,1035,0,0,0.01,59.14,9.76,31.1
2022-01-03T00:00:00.000Z,9384,6601781,70.99,5258,5955115,64.04,11336,4288756,46.12,25055,26090,0,0,0.28,59.29,9.71,31
2022-01-04T00:00:00.000Z,8967,6610748,71.09,5949,5961064,64.1,10523,4299279,46.23,50659,76749,0,0,0.83,59.46,9.68,30.86
2022-01-05T00:00:00.000Z,8553,6619301,71.18,5739,5966803,64.16,10491,4309770,46.35,59589,136338,0,0,1.47,59.56,9.65,30.79
2022-01-06T00:00:00.000Z,10340,6629641,71.29,7959,5974762,64.25,13530,4323300,46.49,63999,200337,0,0,2.15,59.81,9.63,30.56
2022-01-07T00:00:00.000Z,4760,6634401,71.34,4556,5979318,64.3,8162,4331462,46.58,31135,231472,0,0,2.49,59.89,9.61,30.49
2022-01-08T00:00:00.000Z,2750,6637151,71.37,2450,5981768,64.33,5501,4336963,46.64,27631,259103,0,0,2.79,59.9,9.64,30.46
2022-01-09T00:00:00.000Z,9306,6646457,71.47,7722,5989490,64.41,11868,4348831,46.77,66765,325868,0,0,3.5,60.06,9.59,30.35
2022-01-10T00:00:00.000Z,8350,6654807,71.56,7645,5997135,64.49,11877,4360708,46.89,64774,390642,0,0,4.2,60.21,9.54,30.25
2022-01-11T00:00:00.000Z,8101,6662908,71.65,8621,6005756,64.58,11970,4372678,47.02,56657,447299,0,0,4.81,60.38,9.49,30.13
2022-01-12T00:00:00.000Z,7277,6670185,71.73,8303,6014059,64.67,11115,4383793,47.14,44631,491930,0,0,5.29,60.51,9.45,30.04
2022-01-13T00:00:00.000Z,7508,6677693,71.81,9616,6023675,64.78,11542,4395335,47.27,34765,526695,0,0,5.66,60.7,9.35,29.94
2022-01-14T00:00:00.000Z,2555,6680248,71.84,4935,6028610,64.83,6142,4401477,47.33,11141,537836,0,0,5.78,60.79,9.31,29.9
2022-01-15T00:00:00.000Z,1469,6681717,71.85,3170,6031780,64.86,3884,4405361,47.37,5716,543552,0,0,5.85,60.83,9.29,29.87
2022-01-16T00:00:00.000Z,3818,6685535,71.89,8524,6040304,64.95,7681,4413042,47.46,19992,563544,0,0,6.06,60.97,9.2,29.82
2022-01-17T00:00:00.000Z,2809,6688344,71.92,7046,6047350,65.03,6170,4419212,47.52,17832,581376,0,0,6.25,61.09,9.13,29.78
2022-01-18T00:00:00.000Z,2475,6690819,71.95,7385,6054735,65.11,5534,4424746,47.58,14817,596193,0,0,6.41,61.23,9.07,29.7
2022-01-19T00:00:00.000Z,1915,6692734,71.97,6369,6061104,65.18,4520,4429266,47.63,8460,604653,0,0,6.5,61.37,8.98,29.65
2022-01-20T00:00:00.000Z,1778,6694512,71.99,6968,6068072,65.25,4792,4434058,47.68,8041,612694,0,0,6.59,61.44,8.85,29.71
2022-01-21T00:00:00.000Z,905,6695417,72,3725,6071797,65.29,2643,4436701,47.71,3358,616052,0,0,6.62,61.51,8.81,29.68
2022-01-22T00:00:00.000Z,328,6695745,72,1461,6073258,65.31,1066,4437767,47.72,1113,617165,0,0,6.64,61.51,8.75,29.74
2022-01-23T00:00:00.000Z,1068,6696813,72.01,5632,6078890,65.37,2878,4440645,47.75,6083,623248,0,0,6.7,61.61,8.7,29.69
2022-01-24T00:00:00.000Z,758,6697571,72.02,4482,6083372,65.42,2267,4442912,47.78,5054,628302,0,0,6.76,61.73,8.62,29.65
2022-01-25T00:00:00.000Z,743,6698314,72.03,4400,6087772,65.46,2182,4445094,47.8,7102,635404,0,0,6.83,61.9,8.51,29.59
2022-01-26T00:00:00.000Z,614,6698928,72.04,3285,6091057,65.5,1611,4446705,47.82,4262,639666,0,0,6.88,62.02,8.42,29.57
2022-01-27T00:00:00.000Z,798,6699726,72.05,4406,6095463,65.55,2004,4448709,47.84,5441,645107,0,0,6.94,62.12,8.35,29.52
2022-01-28T00:00:00.000Z,395,6700121,72.05,2376,6097839,65.57,1178,4449887,47.85,3452,648559,0,0,6.97,62.16,8.33,29.5
2022-01-29T00:00:00.000Z,124,6700245,72.05,1046,6098885,65.58,424,4450311,47.86,1162,649721,0,0,6.99,62.23,8.29,29.48
2022-01-30T00:00:00.000Z,769,6701014,72.06,4719,6103604,65.64,2020,4452331,47.88,8099,657820,0,0,7.07,62.3,8.24,29.46
2022-01-31T00:00:00.000Z,528,6701542,72.07,3184,6106788,65.67,1609,4453940,47.9,6472,664292,0,0,7.14,62.39,8.17,29.43
2022-02-01T00:00:00.000Z,480,6702022,72.07,2807,6109595,65.7,1525,4455465,47.91,5721,670013,0,0,7.21,62.45,8.15,29.4
2022-02-02T00:00:00.000Z,375,6702397,72.07,2394,6111989,65.73,1381,4456846,47.93,5074,675087,0,0,7.26,62.28,8.13,29.59
2022-02-03T00:00:00.000Z,446,6702843,72.08,2776,6114765,65.76,1461,4458307,47.94,5607,680694,0,0,7.32,62.34,8.08,29.57
2022-02-04T00:00:00.000Z,174,6703017,72.08,991,6115756,65.77,755,4459062,47.95,2455,683149,0,0,7.35,62.37,8.06,29.57
2022-02-05T00:00:00.000Z,62,6703079,72.08,342,6116098,65.77,221,4459283,47.95,420,683569,0,0,7.35,62.34,8.09,29.56
2022-02-06T00:00:00.000Z,406,6703485,72.09,2320,6118418,65.79,1343,4460626,47.97,5686,689255,0,0,7.41,62.41,8.05,29.55
2022-02-07T00:00:00.000Z,282,6703767,72.09,1307,6119725,65.81,983,4461609,47.98,5960,695215,0,0,7.48,62.47,8.01,29.52
2022-02-08T00:00:00.000Z,317,6704084,72.09,1498,6121223,65.82,1068,4462677,47.99,6137,701352,0,0,7.54,62.54,7.97,29.49
2022-02-09T00:00:00.000Z,254,6704338,72.1,1102,6122325,65.84,945,4463622,48,4570,705922,0,0,7.59,62.6,7.95,29.45
2022-02-10T00:00:00.000Z,273,6704611,72.1,1293,6123618,65.85,936,4464558,48.01,4815,710737,0,0,7.64,62.63,7.93,29.44
2022-02-11T00:00:00.000Z,211,6704822,72.1,557,6124175,65.86,518,4465076,48.02,2539,713276,0,0,7.67,62.67,7.91,29.42
2022-02-12T00:00:00.000Z,32,6704854,72.1,90,6124265,65.86,133,4465209,48.02,269,713545,0,0,7.67,62.67,7.91,29.41
2022-02-13T00:00:00.000Z,286,6705140,72.1,946,6125211,65.87,966,4466175,48.03,4998,718543,0,0,7.73,62.73,7.87,29.39
2022-02-14T00:00:00.000Z,180,6705320,72.11,627,6125838,65.87,760,4466935,48.04,3142,721685,0,0,7.76,62.89,7.74,29.36
2022-02-15T00:00:00.000Z,266,6705586,72.11,763,6126601,65.88,934,4467869,48.05,3818,725503,0,0,7.8,62.92,7.73,29.35
2022-02-16T00:00:00.000Z,179,6705765,72.11,577,6127178,65.89,803,4468672,48.05,2487,727990,0,0,7.83,62.95,7.72,29.34
2022-02-17T00:00:00.000Z,246,6706011,72.11,739,6127917,65.9,774,4469446,48.06,3061,731051,0,0,7.86,62.96,7.7,29.34
2022-02-18T00:00:00.000Z,131,6706142,72.11,342,6128259,65.9,436,4469882,48.07,1118,732169,0,0,7.87,62.98,7.69,29.33
2022-02-19T00:00:00.000Z,33,6706175,72.11,84,6128343,65.9,82,4469964,48.07,79,732248,0,0,7.87,62.99,7.69,29.32
2022-02-20T00:00:00.000Z,203,6706378,72.12,604,6128947,65.91,721,4470685,48.08,2574,734822,0,0,7.9,63.01,7.67,29.32
2022-02-21T00:00:00.000Z,173,6706551,72.12,413,6129360,65.91,489,4471174,48.08,1542,736364,0,0,7.92,63.04,7.65,29.31
2022-02-22T00:00:00.000Z,158,6706709,72.12,454,6129814,65.92,567,4471741,48.09,1871,738235,0,0,7.94,63.05,7.65,29.3
2022-02-23T00:00:00.000Z,109,6706818,72.12,353,6130167,65.92,452,4472193,48.09,1153,739388,0,0,7.95,63.06,7.65,29.29
2022-02-24T00:00:00.000Z,138,6706956,72.12,462,6130629,65.93,568,4472761,48.1,1492,740880,0,0,7.97,63.05,7.66,29.29
2022-02-25T00:00:00.000Z,59,6707015,72.12,144,6130773,65.93,188,4472949,48.1,456,741336,0,0,7.97,63.06,7.66,29.28
2022-02-26T00:00:00.000Z,17,6707032,72.12,28,6130801,65.93,161,4473110,48.1,35,741371,0,0,7.97,63.05,7.67,29.28
2022-02-27T00:00:00.000Z,112,6707144,72.13,341,6131142,65.93,448,4473558,48.11,1119,742490,0,0,7.98,63.05,7.67,29.28
2022-02-28T00:00:00.000Z,108,6707252,72.13,271,6131413,65.93,421,4473979,48.11,907,743397,0,0,7.99,63.07,7.65,29.28
2022-03-01T00:00:00.000Z,95,6707347,72.13,280,6131693,65.94,372,4474351,48.12,797,744194,0,0,8,63.1,7.63,29.27
2022-03-02T00:00:00.000Z,77,6707424,72.13,199,6131892,65.94,324,4474675,48.12,697,744891,0,0,8.01,63.11,7.62,29.27
2022-03-03T00:00:00.000Z,156,6707580,72.13,371,6132263,65.94,496,4475171,48.12,987,745878,0,0,8.02,63.05,7.67,29.27
2022-03-04T00:00:00.000Z,53,6707633,72.13,170,6132433,65.95,168,4475339,48.13,227,746105,0,0,8.02,63.05,7.68,29.27
2022-03-05T00:00:00.000Z,4,6707637,72.13,25,6132458,65.95,43,4475382,48.13,32,746137,0,0,8.02,63.04,7.69,29.27
2022-03-06T00:00:00.000Z,97,6707734,72.13,258,6132716,65.95,418,4475800,48.13,760,746897,0,0,8.03,63.04,7.69,29.27
2022-03-07T00:00:00.000Z,87,6707821,72.13,260,6132976,65.95,353,4476153,48.13,604,747501,0,0,8.04,63.05,7.69,29.26
2022-03-08T00:00:00.000Z,98,6707919,72.13,263,6133239,65.95,333,4476486,48.14,550,748051,0,0,8.04,63.04,7.7,29.26
2022-03-09T00:00:00.000Z,89,6708008,72.13,213,6133452,65.96,337,4476823,48.14,492,748543,0,0,8.05,63.02,7.72,29.25
2022-03-10T00:00:00.000Z,115,6708123,72.14,373,6133825,65.96,427,4477250,48.15,620,749163,0,0,8.06,63.01,7.74,29.25
2022-03-11T00:00:00.000Z,24,6708147,72.14,86,6133911,65.96,122,4477372,48.15,144,749307,0,0,8.06,63,7.75,29.25
2022-03-12T00:00:00.000Z,11,6708158,72.14,12,6133923,65.96,33,4477405,48.15,28,749335,0,0,8.06,62.98,7.77,29.24
2022-03-13T00:00:00.000Z,100,6708258,72.14,271,6134194,65.96,358,4477763,48.15,595,749930,0,0,8.06,62.98,7.78,29.24
2022-03-14T00:00:00.000Z,65,6708323,72.14,252,6134446,65.97,316,4478079,48.16,559,750489,0,0,8.07,62.98,7.78,29.24
2022-03-15T00:00:00.000Z,79,6708402,72.14,185,6134631,65.97,293,4478372,48.16,591,751080,0,0,8.08,62.95,7.81,29.24
2022-03-16T00:00:00.000Z,76,6708478,72.14,205,6134836,65.97,304,4478676,48.16,668,751748,0,0,8.08,62.94,7.82,29.24
2022-03-17T00:00:00.000Z,65,6708543,72.14,121,6134957,65.97,286,4478962,48.16,613,752361,0,0,8.09,62.94,7.82,29.24
2022-03-18T00:00:00.000Z,19,6708562,72.14,54,6135011,65.97,100,4479062,48.17,234,752595,0,0,8.09,62.94,7.82,29.24
2022-03-19T00:00:00.000Z,5,6708567,72.14,11,6135022,65.97,28,4479090,48.17,39,752634,0,0,8.09,62.89,7.88,29.23
2022-03-20T00:00:00.000Z,119,6708686,72.14,260,6135282,65.98,486,4479576,48.17,1431,754065,0,0,8.11,62.87,7.89,29.23
2022-03-21T00:00:00.000Z,97,6708783,72.14,247,6135529,65.98,379,4479955,48.18,1132,755197,0,0,8.12,62.87,7.9,29.23
2022-03-22T00:00:00.000Z,141,6708924,72.14,342,6135871,65.98,507,4480462,48.18,1770,756967,0,0,8.14,62.84,7.94,29.23
2022-03-23T00:00:00.000Z,108,6709032,72.15,212,6136083,65.98,463,4480925,48.19,1676,758643,0,0,8.16,62.81,7.97,29.22
2022-03-24T00:00:00.000Z,174,6709206,72.15,345,6136428,65.99,768,4481693,48.19,2361,761004,0,0,8.18,62.78,8,29.22
2022-03-25T00:00:00.000Z,39,6709245,72.15,82,6136510,65.99,156,4481849,48.2,629,761633,0,0,8.19,62.78,8,29.23
2022-03-26T00:00:00.000Z,12,6709257,72.15,13,6136523,65.99,34,4481883,48.2,91,761724,0,0,8.19,62.77,8,29.22
2022-03-27T00:00:00.000Z,167,6709424,72.15,344,6136867,65.99,758,4482641,48.2,3193,764917,0,0,8.23,62.75,8.02,29.22
2022-03-28T00:00:00.000Z,113,6709537,72.15,270,6137137,66,623,4483264,48.21,2416,767333,0,0,8.25,62.75,8.03,29.22
2022-03-29T00:00:00.000Z,125,6709662,72.15,258,6137395,66,641,4483905,48.22,2771,770104,0,0,8.28,62.7,8.07,29.22
2022-03-30T00:00:00.000Z,132,6709794,72.15,207,6137602,66,539,4484444,48.22,2370,772474,0,0,8.31,62.81,8.11,29.07
2022-03-31T00:00:00.000Z,166,6709960,72.16,302,6137904,66,730,4485174,48.23,2852,775326,0,0,8.34,62.79,8.11,29.1
2022-04-01T00:00:00.000Z,122,6710082,72.16,160,6138064,66.01,277,4485451,48.23,585,775911,0,0,8.34,62.72,8.13,29.15
2022-04-02T00:00:00.000Z,6,6710088,72.16,7,6138071,66.01,37,4485488,48.23,52,775963,0,0,8.34,62.69,8.15,29.16
2022-04-03T00:00:00.000Z,159,6710247,72.16,270,6138341,66.01,569,4486057,48.24,2478,778441,0,0,8.37,62.65,8.16,29.19
2022-04-04T00:00:00.000Z,103,6710350,72.16,207,6138548,66.01,484,4486541,48.25,2224,780665,0,0,8.39,62.62,8.16,29.22
2022-04-05T00:00:00.000Z,122,6710472,72.16,219,6138767,66.01,513,4487054,48.25,2242,782907,0,0,8.42,62.57,8.19,29.25
2022-04-06T00:00:00.000Z,92,6710564,72.16,155,6138922,66.01,381,4487435,48.26,2021,784928,0,0,8.44,62.55,8.2,29.25
2022-04-07T00:00:00.000Z,191,6710755,72.16,215,6139137,66.02,641,4488076,48.26,2556,787484,0,0,8.47,62.56,8.2,29.24
2022-04-08T00:00:00.000Z,30,6710785,72.16,60,6139197,66.02,153,4488229,48.26,482,787966,0,0,8.47,62.54,8.22,29.23
2022-04-09T00:00:00.000Z,6,6710791,72.16,17,6139214,66.02,27,4488256,48.26,47,788013,0,0,8.47,62.52,8.25,29.23
2022-04-10T00:00:00.000Z,103,6710894,72.17,264,6139478,66.02,429,4488685,48.27,1845,789858,0,0,8.49,62.51,8.26,29.23
2022-04-11T00:00:00.000Z,78,6710972,72.17,201,6139679,66.02,371,4489056,48.27,1425,791283,0,0,8.51,62.54,8.26,29.2
2022-04-12T00:00:00.000Z,204,6711176,72.17,168,6139847,66.02,374,4489430,48.28,1360,792643,0,0,8.52,62.58,8.29,29.12
2022-04-13T00:00:00.000Z,119,6711295,72.17,150,6139997,66.03,296,4489726,48.28,1217,793860,0,0,8.54,62.58,8.31,29.1
2022-04-14T00:00:00.000Z,85,6711380,72.17,221,6140218,66.03,320,4490046,48.28,1069,794929,0,0,8.55,62.57,8.33,29.1
2022-04-15T00:00:00.000Z,9,6711389,72.17,51,6140269,66.03,47,4490093,48.28,82,795011,0,0,8.55,62.55,8.35,29.1
2022-04-16T00:00:00.000Z,3,6711392,72.17,8,6140277,66.03,21,4490114,48.28,29,795040,0,0,8.55,62.53,8.37,29.1
2022-04-17T00:00:00.000Z,62,6711454,72.17,131,6140408,66.03,229,4490343,48.29,807,795847,0,0,8.56,62.52,8.38,29.1
2022-04-18T00:00:00.000Z,69,6711523,72.17,109,6140517,66.03,252,4490595,48.29,749,796596,0,0,8.57,62.51,8.38,29.1
2022-04-19T00:00:00.000Z,62,6711585,72.17,144,6140661,66.03,273,4490868,48.29,842,797438,0,0,8.58,62.5,8.4,29.1
2022-04-20T00:00:00.000Z,60,6711645,72.17,117,6140778,66.03,235,4491103,48.3,654,798092,0,0,8.58,62.48,8.42,29.1
2022-04-21T00:00:00.000Z,53,6711698,72.17,109,6140887,66.04,196,4491299,48.3,479,798571,0,0,8.59,62.47,8.43,29.1
2022-04-22T00:00:00.000Z,3,6711701,72.17,16,6140903,66.04,19,4491318,48.3,19,798590,0,0,8.59,62.45,8.44,29.11
2022-04-23T00:00:00.000Z,6,6711707,72.17,9,6140912,66.04,15,4491333,48.3,13,798603,0,0,8.59,62.43,8.46,29.11
2022-04-24T00:00:00.000Z,92,6711799,72.18,250,6141162,66.04,329,4491662,48.3,872,799475,0,0,8.6,62.43,8.47,29.1
2022-04-25T00:00:00.000Z,105,6711904,72.18,191,6141353,66.04,316,4491978,48.3,738,800213,0,0,8.61,62.43,8.47,29.1
2022-04-26T00:00:00.000Z,75,6711979,72.18,175,6141528,66.04,303,4492281,48.31,787,801000,0,0,8.61,62.42,8.48,29.1
2022-04-27T00:00:00.000Z,54,6712033,72.18,160,6141688,66.04,227,4492508,48.31,640,801640,0,0,8.62,62.41,8.49,29.1
2022-04-28T00:00:00.000Z,96,6712129,72.18,232,6141920,66.05,329,4492837,48.31,869,802509,0,0,8.63,62.41,8.5,29.1
2022-04-29T00:00:00.000Z,112,6712241,72.18,159,6142079,66.05,183,4493020,48.32,195,802704,0,0,8.63,62.39,8.51,29.1
2022-04-30T00:00:00.000Z,1,6712242,72.18,3,6142082,66.05,24,4493044,48.32,22,802726,0,0,8.63,62.38,8.52,29.1
2022-05-01T00:00:00.000Z,135,6712377,72.18,185,6142267,66.05,316,4493360,48.32,630,803356,0,0,8.64,62.38,8.53,29.09
2022-05-02T00:00:00.000Z,62,6712439,72.18,153,6142420,66.05,235,4493595,48.32,491,803847,0,0,8.64,62.37,8.54,29.09
2022-05-03T00:00:00.000Z,72,6712511,72.18,151,6142571,66.05,288,4493883,48.33,507,804354,0,0,8.65,62.36,8.55,29.09
2022-05-04T00:00:00.000Z,23,6712534,72.18,56,6142627,66.05,63,4493946,48.33,126,804480,0,0,8.65,62.35,8.57,29.08
2022-05-05T00:00:00.000Z,4,6712538,72.18,1,6142628,66.05,8,4493954,48.33,13,804493,0,0,8.65,62.34,8.58,29.08
2022-05-06T00:00:00.000Z,20,6712558,72.18,59,6142687,66.06,64,4494018,48.33,151,804644,0,0,8.65,62.33,8.59,29.08
2022-05-07T00:00:00.000Z,1,6712559,72.18,7,6142694,66.06,27,4494045,48.33,24,804668,0,0,8.65,62.32,8.6,29.08
2022-05-08T00:00:00.000Z,118,6712677,72.18,207,6142901,66.06,270,4494315,48.33,457,805125,0,0,8.66,62.31,8.61,29.08
2022-05-09T00:00:00.000Z,59,6712736,72.19,162,6143063,66.06,251,4494566,48.33,504,805629,0,0,8.66,62.31,8.61,29.08
2022-05-10T00:00:00.000Z,131,6712867,72.19,169,6143232,66.06,260,4494826,48.34,508,806137,0,0,8.67,62.3,8.62,29.08
2022-05-11T00:00:00.000Z,58,6712925,72.19,118,6143350,66.06,182,4495008,48.34,464,806601,0,0,8.67,62.3,8.63,29.08
2022-05-12T00:00:00.000Z,119,6713044,72.19,200,6143550,66.06,278,4495286,48.34,665,807266,0,0,8.68,62.29,8.64,29.07
2022-05-13T00:00:00.000Z,11,6713055,72.19,43,6143593,66.07,71,4495357,48.34,110,807376,0,0,8.68,62.28,8.65,29.07
2022-05-14T00:00:00.000Z,6,6713061,72.19,13,6143606,66.07,11,4495368,48.34,23,807399,0,0,8.68,62.26,8.66,29.07
2022-05-15T00:00:00.000Z,89,6713150,72.19,175,6143781,66.07,246,4495614,48.34,665,808064,0,0,8.69,62.26,8.67,29.07
2022-05-16T00:00:00.000Z,68,6713218,72.19,141,6143922,66.07,230,4495844,48.35,508,808572,0,0,8.7,62.19,8.65,29.16
2022-05-17T00:00:00.000Z,73,6713291,72.19,153,6144075,66.07,269,4496113,48.35,617,809189,0,0,8.7,62.18,8.66,29.16
2022-05-18T00:00:00.000Z,43,6713334,72.19,99,6144174,66.07,169,4496282,48.35,445,809634,0,0,8.71,62.17,8.67,29.16
2022-05-19T00:00:00.000Z,64,6713398,72.19,170,6144344,66.07,212,4496494,48.35,499,810133,0,0,8.71,62.16,8.68,29.16
2022-05-20T00:00:00.000Z,75,6713473,72.19,114,6144458,66.07,130,4496624,48.35,138,810271,0,0,8.71,62.15,8.69,29.16
2022-05-21T00:00:00.000Z,4,6713477,72.19,7,6144465,66.07,14,4496638,48.35,18,810289,0,0,8.71,62.14,8.7,29.16
2022-05-22T00:00:00.000Z,87,6713564,72.19,188,6144653,66.08,216,4496854,48.36,426,810715,0,0,8.72,62.14,8.71,29.16
2022-05-23T00:00:00.000Z,64,6713628,72.19,120,6144773,66.08,156,4497010,48.36,346,811061,0,0,8.72,62.14,8.71,29.16
2022-05-24T00:00:00.000Z,43,6713671,72.2,119,6144892,66.08,157,4497167,48.36,394,811455,0,0,8.73,62.13,8.71,29.15
2022-05-25T00:00:00.000Z,61,6713732,72.2,103,6144995,66.08,166,4497333,48.36,337,811792,0,0,8.73,62.12,8.72,29.15
2022-05-26T00:00:00.000Z,72,6713804,72.2,136,6145131,66.08,186,4497519,48.36,348,812140,0,0,8.73,62.11,8.73,29.16
2022-05-27T00:00:00.000Z,12,6713816,72.2,29,6145160,66.08,43,4497562,48.36,59,812199,0,0,8.73,62.1,8.74,29.16
2022-05-28T00:00:00.000Z,2,6713818,72.2,5,6145165,66.08,8,4497570,48.36,12,812211,0,0,8.73,62.09,8.75,29.16
2022-05-29T00:00:00.000Z,89,6713907,72.2,153,6145318,66.08,163,4497733,48.37,315,812526,0,0,8.74,62.09,8.75,29.16
2022-05-30T00:00:00.000Z,56,6713963,72.2,133,6145451,66.09,125,4497858,48.37,291,812817,0,0,8.74,62.09,8.76,29.16
2022-05-31T00:00:00.000Z,45,6714008,72.2,104,6145555,66.09,153,4498011,48.37,351,813168,0,0,8.74,62.07,8.78,29.15
2022-06-01T00:00:00.000Z,63,6714071,72.2,90,6145645,66.09,117,4498128,48.37,276,813444,0,0,8.75,61.95,8.9,29.16
2022-06-02T00:00:00.000Z,77,6714148,72.2,156,6145801,66.09,177,4498305,48.37,255,813699,0,0,8.75,45.96,24.88,29.15
2022-06-03T00:00:00.000Z,10,6714158,72.2,23,6145824,66.09,21,4498326,48.37,33,813732,0,0,8.75,45.9,24.95,29.16
2022-06-04T00:00:00.000Z,0,6714158,72.2,7,6145831,66.09,8,4498334,48.37,5,813737,0,0,8.75,45.84,25,29.16
2022-06-05T00:00:00.000Z,11,6714169,72.2,14,6145845,66.09,7,4498341,48.37,2,813739,0,0,8.75,45.8,25.05,29.16
2022-06-06T00:00:00.000Z,58,6714227,72.2,144,6145989,66.09,161,4498502,48.37,262,814001,0,0,8.75,39.96,30.89,29.16
2022-06-07T00:00:00.000Z,54,6714281,72.2,134,6146123,66.09,142,4498644,48.38,379,814380,0,0,8.76,39.92,30.93,29.15
2022-06-08T00:00:00.000Z,57,6714338,72.2,104,6146227,66.09,131,4498775,48.38,497,814877,0,0,8.76,39.89,30.96,29.15
2022-06-09T00:00:00.000Z,84,6714422,72.2,207,6146434,66.1,234,4499009,48.38,641,815518,0,0,8.77,39.86,30.99,29.15
2022-06-10T00:00:00.000Z,14,6714436,72.2,51,6146485,66.1,59,4499068,48.38,141,815659,0,0,8.77,39.83,31.02,29.15
2022-06-11T00:00:00.000Z,0,6714436,72.2,3,6146488,66.1,7,4499075,48.38,19,815678,0,0,8.77,39.8,31.05,29.15
2022-06-12T00:00:00.000Z,109,6714545,72.2,199,6146687,66.1,191,4499266,48.38,767,816445,0,0,8.78,39.8,31.05,29.15
2022-06-13T00:00:00.000Z,84,6714629,72.21,142,6146829,66.1,168,4499434,48.38,625,817070,0,0,8.79,39.81,31.04,29.15
2022-06-14T00:00:00.000Z,116,6714745,72.21,173,6147002,66.1,208,4499642,48.39,759,817829,0,0,8.79,39.79,31.06,29.15
2022-06-15T00:00:00.000Z,71,6714816,72.21,141,6147143,66.1,207,4499849,48.39,699,818528,0,0,8.8,39.78,31.08,29.15
2022-06-16T00:00:00.000Z,94,6714910,72.21,136,6147279,66.1,218,4500067,48.39,742,819270,0,0,8.81,39.74,31.11,29.14
2022-06-17T00:00:00.000Z,16,6714926,72.21,63,6147342,66.11,53,4500120,48.39,124,819394,0,0,8.81,39.72,31.14,29.15
2022-06-18T00:00:00.000Z,3,6714929,72.21,4,6147346,66.11,11,4500131,48.39,15,819409,0,0,8.81,39.68,31.17,29.14
2022-06-19T00:00:00.000Z,115,6715044,72.21,207,6147553,66.11,318,4500449,48.4,877,820286,0,0,8.82,39.53,31.33,29.15
2022-06-20T00:00:00.000Z,99,6715143,72.21,152,6147705,66.11,307,4500756,48.4,922,821208,0,0,8.83,33.92,36.85,29.23
2022-06-21T00:00:00.000Z,94,6715237,72.21,154,6147859,66.11,375,4501131,48.4,1229,822437,0,0,8.84,33.58,37.19,29.23
2022-06-22T00:00:00.000Z,110,6715347,72.21,135,6147994,66.11,339,4501470,48.41,894,823331,0,0,8.85,33.28,37.49,29.23
2022-06-23T00:00:00.000Z,133,6715480,72.21,217,6148211,66.11,524,4501994,48.41,1146,824477,0,0,8.87,32.84,37.92,29.23
2022-06-24T00:00:00.000Z,19,6715499,72.22,35,6148246,66.12,110,4502104,48.41,207,824684,0,0,8.87,32.43,38.34,29.24
2022-06-25T00:00:00.000Z,1,6715500,72.22,3,6148249,66.12,12,4502116,48.41,16,824700,0,0,8.87,32.04,38.72,29.24
2022-06-26T00:00:00.000Z,107,6715607,72.22,158,6148407,66.12,379,4502495,48.42,933,825633,0,0,8.88,31.63,39.13,29.24
2022-06-27T00:00:00.000Z,86,6715693,72.22,172,6148579,66.12,392,4502887,48.42,1028,826661,0,0,8.89,31.29,39.47,29.24
2022-06-28T00:00:00.000Z,84,6715777,72.22,151,6148730,66.12,364,4503251,48.43,932,827593,0,0,8.9,30.86,39.91,29.24
2022-06-29T00:00:00.000Z,76,6715853,72.22,106,6148836,66.12,265,4503516,48.43,816,828409,0,0,8.91,30.48,40.28,29.24
2022-06-30T00:00:00.000Z,86,6715939,72.22,165,6149001,66.12,356,4503872,48.43,1059,829468,0,0,8.92,30.05,40.71,29.24
2022-07-01T00:00:00.000Z,22,6715961,72.22,28,6149029,66.12,55,4503927,48.43,80,829548,0,0,8.92,29.62,41.14,29.24
2022-07-02T00:00:00.000Z,1,6715962,72.22,2,6149031,66.12,8,4503935,48.43,18,829566,0,0,8.92,29.2,41.56,29.24
2022-07-03T00:00:00.000Z,100,6716062,72.22,177,6149208,66.13,322,4504257,48.44,637,830203,0,0,8.93,28.81,41.95,29.24
2022-07-04T00:00:00.000Z,76,6716138,72.22,140,6149348,66.13,278,4504535,48.44,749,830952,0,0,8.94,28.5,42.26,29.24
2022-07-05T00:00:00.000Z,59,6716197,72.22,142,6149490,66.13,302,4504837,48.44,688,831640,0,0,8.94,28.06,42.7,29.24
2022-07-06T00:00:00.000Z,78,6716275,72.22,124,6149614,66.13,211,4505048,48.45,646,832286,0,0,8.95,27.39,43.37,29.24
2022-07-07T00:00:00.000Z,82,6716357,72.22,164,6149778,66.13,267,4505315,48.45,721,833007,0,0,8.96,26.48,44.28,29.24
2022-07-08T00:00:00.000Z,17,6716374,72.22,33,6149811,66.13,69,4505384,48.45,131,833138,0,0,8.96,25.47,45.29,29.24
2022-07-09T00:00:00.000Z,0,6716374,72.22,1,6149812,66.13,2,4505386,48.45,2,833140,0,0,8.96,24.42,46.34,29.24
2022-07-10T00:00:00.000Z,90,6716464,72.23,164,6149976,66.13,229,4505615,48.45,470,833610,0,0,8.96,23.77,46.99,29.24
2022-07-11T00:00:00.000Z,64,6716528,72.23,142,6150118,66.14,248,4505863,48.45,575,834185,0,0,8.97,23.22,47.54,29.24
2022-07-12T00:00:00.000Z,69,6716597,72.23,129,6150247,66.14,207,4506070,48.46,557,834742,0,0,8.98,22.13,48.63,29.24
2022-07-13T00:00:00.000Z,43,6716640,72.23,101,6150348,66.14,164,4506234,48.46,488,835230,0,0,8.98,21.1,49.66,29.24
2022-07-14T00:00:00.000Z,69,6716709,72.23,147,6150495,66.14,209,4506443,48.46,512,835742,0,0,8.99,20.12,50.63,29.24
2022-07-15T00:00:00.000Z,64,6716773,72.23,88,6150583,66.14,127,4506570,48.46,166,835908,0,0,8.99,19.27,51.48,29.25
2022-07-16T00:00:00.000Z,0,6716773,72.23,6,6150589,66.14,7,4506577,48.46,8,835916,0,0,8.99,18.29,52.46,29.25
2022-07-17T00:00:00.000Z,77,6716850,72.23,183,6150772,66.14,241,4506818,48.46,468,836384,0,0,8.99,17.83,52.92,29.25
2022-07-18T00:00:00.000Z,62,6716912,72.23,158,6150930,66.14,207,4507025,48.47,511,836895,0,0,9,17.48,53.26,29.26
2022-07-19T00:00:00.000Z,62,6716974,72.23,147,6151077,66.15,174,4507199,48.47,368,837263,0,0,9,16.77,53.97,29.26
2022-07-20T00:00:00.000Z,52,6717026,72.23,133,6151210,66.15,137,4507336,48.47,423,837686,0,0,9.01,16.09,54.64,29.26
2022-07-21T00:00:00.000Z,61,6717087,72.23,158,6151368,66.15,176,4507512,48.47,341,838027,0,0,9.01,15.43,55.3,29.27
2022-07-22T00:00:00.000Z,10,6717097,72.23,36,6151404,66.15,43,4507555,48.47,56,838083,0,0,9.01,14.64,56.08,29.28
2022-07-23T00:00:00.000Z,0,6717097,72.23,4,6151408,66.15,4,4507559,48.47,9,838092,0,0,9.01,14.17,56.55,29.28
2022-07-24T00:00:00.000Z,58,6717155,72.23,128,6151536,66.15,197,4507756,48.47,364,838456,0,0,9.02,13.55,57.16,29.29
2022-07-25T00:00:00.000Z,48,6717203,72.23,107,6151643,66.15,172,4507928,48.48,336,838792,0,0,9.02,13.09,57.61,29.3
2022-07-26T00:00:00.000Z,47,6717250,72.23,99,6151742,66.15,111,4508039,48.48,270,839062,0,0,9.02,12.46,58.23,29.3
2022-07-27T00:00:00.000Z,43,6717293,72.23,125,6151867,66.15,132,4508171,48.48,243,839305,0,0,9.03,11.89,58.8,29.31
2022-07-28T00:00:00.000Z,62,6717355,72.24,142,6152009,66.16,147,4508318,48.48,220,839525,0,0,9.03,11.35,59.34,29.31
2022-07-29T00:00:00.000Z,10,6717365,72.24,25,6152034,66.16,27,4508345,48.48,31,839556,0,0,9.03,10.85,59.83,29.32
2022-07-30T00:00:00.000Z,0,6717365,72.24,0,6152034,66.16,1,4508346,48.48,1,839557,0,0,9.03,10.34,60.33,29.33
2022-07-31T00:00:00.000Z,56,6717421,72.24,134,6152168,66.16,131,4508477,48.48,252,839809,0,0,9.03,9.97,60.7,29.33
2022-08-01T00:00:00.000Z,54,6717475,72.24,76,6152244,66.16,89,4508566,48.48,152,839961,0,0,9.03,9.47,61.19,29.34
2022-08-02T00:00:00.000Z,111,6717586,72.24,119,6152363,66.16,157,4508723,48.48,264,840225,0,0,9.04,8.92,61.73,29.35
2022-08-03T00:00:00.000Z,76,6717662,72.24,71,6152434,66.16,92,4508815,48.49,178,840403,0,0,9.04,8.46,62.19,29.35
2022-08-04T00:00:00.000Z,133,6717795,72.24,133,6152567,66.16,111,4508926,48.49,246,840649,0,0,9.04,8.04,62.61,29.36
2022-08-05T00:00:00.000Z,30,6717825,72.24,23,6152590,66.16,13,4508939,48.49,24,840673,0,0,9.04,7.71,62.93,29.36
2022-08-06T00:00:00.000Z,1,6717826,72.24,2,6152592,66.16,1,4508940,48.49,5,840678,0,0,9.04,7.32,63.32,29.36
2022-08-07T00:00:00.000Z,89,6717915,72.24,97,6152689,66.16,69,4509009,48.49,169,840847,0,0,9.04,6.92,63.71,29.37
2022-08-08T00:00:00.000Z,76,6717991,72.24,95,6152784,66.16,122,4509131,48.49,172,841019,0,0,9.04,6.74,63.89,29.37
2022-08-09T00:00:00.000Z,96,6718087,72.24,90,6152874,66.16,99,4509230,48.49,213,841232,0,0,9.05,6.25,64.37,29.38
2022-08-10T00:00:00.000Z,77,6718164,72.24,59,6152933,66.17,76,4509306,48.49,115,841347,0,0,9.05,5.91,64.71,29.38
2022-08-11T00:00:00.000Z,54,6718218,72.24,101,6153034,66.17,91,4509397,48.49,155,841502,0,0,9.05,5.59,65.03,29.38
2022-08-12T00:00:00.000Z,8,6718226,72.24,12,6153046,66.17,18,4509415,48.49,29,841531,0,0,9.05,5.35,65.27,29.38
2022-08-13T00:00:00.000Z,0,6718226,72.24,2,6153048,66.17,2,4509417,48.49,3,841534,0,0,9.05,5.1,65.52,29.38
2022-08-14T00:00:00.000Z,74,6718300,72.25,75,6153123,66.17,82,4509499,48.49,150,841684,0,0,9.05,4.87,65.75,29.39
2022-08-15T00:00:00.000Z,68,6718368,72.25,81,6153204,66.17,93,4509592,48.49,143,841827,0,0,9.05,4.74,65.87,29.39
2022-08-16T00:00:00.000Z,82,6718450,72.25,84,6153288,66.17,84,4509676,48.49,187,842014,0,0,9.05,4.46,66.15,29.39
2022-08-17T00:00:00.000Z,47,6718497,72.25,55,6153343,66.17,36,4509712,48.5,115,842129,0,0,9.06,4.16,66.44,29.39
2022-08-18T00:00:00.000Z,68,6718565,72.25,93,6153436,66.17,120,4509832,48.5,173,842302,0,0,9.06,3.98,66.63,29.39
2022-08-19T00:00:00.000Z,77,6718642,72.25,67,6153503,66.17,56,4509888,48.5,38,842340,0,0,9.06,3.83,66.78,29.39
2022-08-20T00:00:00.000Z,1,6718643,72.25,1,6153504,66.17,3,4509891,48.5,3,842343,0,0,9.06,3.67,66.94,29.39
2022-08-21T00:00:00.000Z,51,6718694,72.25,85,6153589,66.17,84,4509975,48.5,197,842540,0,0,9.06,3.52,67.08,29.4
2022-08-22T00:00:00.000Z,89,6718783,72.25,74,6153663,66.17,103,4510078,48.5,143,842683,0,0,9.06,3.44,67.16,29.4
2022-08-23T00:00:00.000Z,72,6718855,72.25,106,6153769,66.17,84,4510162,48.5,180,842863,0,0,9.06,3.27,67.33,29.4
2022-08-24T00:00:00.000Z,38,6718893,72.25,80,6153849,66.18,49,4510211,48.5,133,842996,0,0,9.07,3.15,67.46,29.4
2022-08-25T00:00:00.000Z,53,6718946,72.25,75,6153924,66.18,97,4510308,48.5,193,843189,0,0,9.07,3.03,67.57,29.4
2022-08-26T00:00:00.000Z,4,6718950,72.25,15,6153939,66.18,9,4510317,48.5,14,843203,0,0,9.07,2.94,67.66,29.4
2022-08-27T00:00:00.000Z,0,6718950,72.25,0,6153939,66.18,0,4510317,48.5,0,843203,0,0,9.07,2.84,67.76,29.4
2022-08-28T00:00:00.000Z,55,6719005,72.25,80,6154019,66.18,85,4510402,48.5,102,843305,0,0,9.07,2.75,67.85,29.4
2022-08-29T00:00:00.000Z,48,6719053,72.25,68,6154087,66.18,89,4510491,48.5,107,843412,0,0,9.07,2.69,67.91,29.4
2022-08-30T00:00:00.000Z,85,6719138,72.25,112,6154199,66.18,85,4510576,48.5,130,843542,0,0,9.07,2.6,68,29.4
2022-08-31T00:00:00.000Z,42,6719180,72.25,88,6154287,66.18,70,4510646,48.51,95,843637,0,0,9.07,2.53,68.07,29.4
2022-09-01T00:00:00.000Z,29,6719209,72.26,84,6154371,66.18,58,4510704,48.51,113,843750,0,0,9.07,2.46,68.14,29.4
2022-09-02T00:00:00.000Z,6,6719215,72.26,20,6154391,66.18,13,4510717,48.51,10,843760,0,0,9.07,2.4,68.2,29.4
2022-09-03T00:00:00.000Z,2,6719217,72.26,0,6154391,66.18,3,4510720,48.51,1,843761,0,0,9.07,2.33,68.27,29.4
2022-09-04T00:00:00.000Z,64,6719281,72.26,133,6154524,66.18,80,4510800,48.51,121,843882,0,0,9.07,2.27,68.32,29.4
2022-09-05T00:00:00.000Z,44,6719325,72.26,77,6154601,66.18,58,4510858,48.51,90,843972,0,0,9.08,2.23,68.37,29.4
2022-09-06T00:00:00.000Z,60,6719385,72.26,104,6154705,66.18,78,4510936,48.51,130,844102,0,0,9.08,2.17,68.42,29.4
2022-09-07T00:00:00.000Z,27,6719412,72.26,63,6154768,66.19,53,4510989,48.51,94,844196,0,0,9.08,2.12,68.47,29.4
2022-09-08T00:00:00.000Z,50,6719462,72.26,101,6154869,66.19,70,4511059,48.51,77,844273,0,0,9.08,2.07,68.53,29.4
2022-09-09T00:00:00.000Z,10,6719472,72.26,21,6154890,66.19,16,4511075,48.51,17,844290,0,0,9.08,2.03,68.57,29.4
2022-09-10T00:00:00.000Z,0,6719472,72.26,0,6154890,66.19,5,4511080,48.51,2,844292,0,0,9.08,1.97,68.62,29.4
2022-09-11T00:00:00.000Z,39,6719511,72.26,117,6155007,66.19,78,4511158,48.51,116,844408,0,0,9.08,1.92,68.67,29.41
2022-09-12T00:00:00.000Z,24,6719535,72.26,72,6155079,66.19,52,4511210,48.51,68,844476,0,0,9.08,1.88,68.71,29.41
2022-09-13T00:00:00.000Z,44,6719579,72.26,113,6155192,66.19,54,4511264,48.51,103,844579,0,0,9.08,1.82,68.77,29.41
2022-09-14T00:00:00.000Z,21,6719600,72.26,64,6155256,66.19,54,4511318,48.51,62,844641,0,0,9.08,1.78,68.82,29.41
2022-09-15T00:00:00.000Z,32,6719632,72.26,77,6155333,66.19,63,4511381,48.51,107,844748,0,0,9.08,1.73,68.86,29.41
2022-09-16T00:00:00.000Z,48,6719680,72.26,52,6155385,66.19,27,4511408,48.51,28,844776,0,0,9.08,1.7,68.89,29.41
2022-09-17T00:00:00.000Z,3,6719683,72.26,0,6155385,66.19,1,4511409,48.51,0,844776,0,0,9.08,1.66,68.93,29.41
2022-09-18T00:00:00.000Z,28,6719711,72.26,66,6155451,66.19,52,4511461,48.51,114,844890,0,0,9.09,1.63,68.96,29.41
2022-09-19T00:00:00.000Z,27,6719738,72.26,74,6155525,66.19,44,4511505,48.51,57,844947,0,0,9.09,1.61,68.98,29.41
2022-09-20T00:00:00.000Z,41,6719779,72.26,93,6155618,66.19,75,4511580,48.52,102,845049,0,0,9.09,1.56,69.03,29.41
2022-09-21T00:00:00.000Z,22,6719801,72.26,54,6155672,66.2,29,4511609,48.52,56,845105,83,0,9.09,1.55,69.05,29.41
2022-09-22T00:00:00.000Z,40,6719841,72.26,56,6155728,66.2,27,4511636,48.52,41,845146,1987,0.02,9.09,1.52,69.07,29.4
2022-09-23T00:00:00.000Z,6,6719847,72.26,11,6155739,66.2,4,4511640,48.52,1,845147,3307,0.04,9.09,1.5,69.1,29.41
2022-09-24T00:00:00.000Z,0,6719847,72.26,0,6155739,66.2,0,4511640,48.52,0,845147,3307,0.04,9.09,1.47,69.13,29.41
2022-09-25T00:00:00.000Z,5,6719852,72.26,20,6155759,66.2,10,4511650,48.52,27,845174,4256,0.05,9.09,1.46,69.13,29.41
2022-09-26T00:00:00.000Z,0,6719852,72.26,5,6155764,66.2,2,4511652,48.52,2,845176,4527,0.05,9.09,1.46,69.13,29.41
2022-09-27T00:00:00.000Z,2,6719854,72.26,0,6155764,66.2,3,4511655,48.52,3,845179,4544,0.05,9.09,1.42,69.17,29.41
2022-09-28T00:00:00.000Z,24,6719878,72.26,36,6155800,66.2,25,4511680,48.52,16,845195,8525,0.09,9.09,1.39,69.21,29.41
2022-09-29T00:00:00.000Z,32,6719910,72.26,61,6155861,66.2,13,4511693,48.52,48,845243,14057,0.15,9.09,1.37,69.22,29.41
2022-09-30T00:00:00.000Z,3,6719913,72.26,12,6155873,66.2,2,4511695,48.52,0,845243,15687,0.17,9.09,1.35,69.24,29.41
2022-10-01T00:00:00.000Z,0,6719913,72.26,1,6155874,66.2,1,4511696,48.52,1,845244,15702,0.17,9.09,1.31,69.29,29.41
2022-10-02T00:00:00.000Z,23,6719936,72.26,51,6155925,66.2,20,4511716,48.52,73,845317,21074,0.23,9.09,1.31,69.29,29.41
2022-10-03T00:00:00.000Z,23,6719959,72.26,29,6155954,66.2,13,4511729,48.52,12,845329,26955,0.29,9.09,1.31,69.28,29.4
2022-10-04T00:00:00.000Z,7,6719966,72.26,10,6155964,66.2,0,4511729,48.52,1,845330,28110,0.3,9.09,1.27,69.32,29.4
2022-10-05T00:00:00.000Z,0,6719966,72.26,0,6155964,66.2,0,4511729,48.52,0,845330,28110,0.3,9.09,1.28,69.31,29.4
2022-10-06T00:00:00.000Z,17,6719983,72.26,43,6156007,66.2,10,4511739,48.52,20,845350,35922,0.39,9.09,1.31,69.28,29.4
2022-10-07T00:00:00.000Z,3,6719986,72.26,3,6156010,66.2,3,4511742,48.52,0,845350,37334,0.4,9.09,1.3,69.29,29.41
2022-10-08T00:00:00.000Z,1,6719987,72.26,1,6156011,66.2,0,4511742,48.52,1,845351,37334,0.4,9.09,1.26,69.33,29.41
2022-10-09T00:00:00.000Z,7,6719994,72.26,22,6156033,66.2,6,4511748,48.52,5,845356,39388,0.42,9.09,1.31,69.28,29.41
2022-10-10T00:00:00.000Z,5,6719999,72.26,2,6156035,66.2,0,4511748,48.52,0,845356,39450,0.42,9.09,1.38,69.22,29.4
2022-10-11T00:00:00.000Z,12,6720011,72.26,32,6156067,66.2,1,4511749,48.52,32,845388,44127,0.47,9.09,1.36,69.24,29.4
2022-10-12T00:00:00.000Z,13,6720024,72.26,24,6156091,66.2,5,4511754,48.52,4,845392,49420,0.53,9.09,1.34,69.26,29.4
2022-10-13T00:00:00.000Z,17,6720041,72.26,16,6156107,66.2,5,4511759,48.52,9,845401,53408,0.57,9.09,1.4,69.2,29.4
2022-10-14T00:00:00.000Z,6,6720047,72.26,7,6156114,66.2,4,4511763,48.52,3,845404,54713,0.59,9.09,1.4,69.2,29.4
2022-10-15T00:00:00.000Z,0,6720047,72.26,0,6156114,66.2,0,4511763,48.52,1,845405,54721,0.59,9.09,1.38,69.22,29.4
2022-10-16T00:00:00.000Z,4,6720051,72.26,13,6156127,66.2,5,4511768,48.52,8,845413,56631,0.61,9.09,1.39,69.2,29.4
2022-10-17T00:00:00.000Z,1,6720052,72.26,1,6156128,66.2,1,4511769,48.52,0,845413,56661,0.61,9.09,1.39,69.2,29.4
2022-10-18T00:00:00.000Z,24,6720076,72.26,31,6156159,66.2,14,4511783,48.52,16,845429,61862,0.67,9.09,1.43,69.17,29.4
2022-10-19T00:00:00.000Z,18,6720094,72.26,25,6156184,66.2,7,4511790,48.52,3,845432,68216,0.73,9.09,1.47,69.12,29.4
2022-10-20T00:00:00.000Z,25,6720119,72.26,44,6156228,66.2,12,4511802,48.52,4,845436,74733,0.8,9.09,1.5,69.1,29.4
2022-10-21T00:00:00.000Z,4,6720123,72.26,7,6156235,66.2,2,4511804,48.52,2,845438,76240,0.82,9.09,1.5,69.09,29.4
2022-10-22T00:00:00.000Z,0,6720123,72.26,0,6156235,66.2,0,4511804,48.52,0,845438,76240,0.82,9.09,1.49,69.1,29.4
2022-10-23T00:00:00.000Z,15,6720138,72.27,33,6156268,66.2,18,4511822,48.52,10,845448,81376,0.88,9.09,1.51,69.08,29.4
2022-10-24T00:00:00.000Z,20,6720158,72.27,16,6156284,66.2,19,4511841,48.52,9,845457,86716,0.93,9.09,1.51,69.08,29.41
2022-10-25T00:00:00.000Z,18,6720176,72.27,34,6156318,66.2,22,4511863,48.52,21,845478,93130,1,9.09,1.55,69.04,29.4
2022-10-26T00:00:00.000Z,18,6720194,72.27,25,6156343,66.2,8,4511871,48.52,9,845487,100053,1.08,9.09,1.61,68.99,29.4
2022-10-27T00:00:00.000Z,18,6720212,72.27,26,6156369,66.2,14,4511885,48.52,16,845503,108317,1.16,9.09,1.67,68.93,29.4
2022-10-28T00:00:00.000Z,45,6720257,72.27,47,6156416,66.2,31,4511916,48.52,18,845521,110181,1.18,9.09,1.67,68.93,29.4
2022-10-29T00:00:00.000Z,0,6720257,72.27,0,6156416,66.2,0,4511916,48.52,0,845521,110181,1.18,9.09,1.66,68.94,29.4
2022-10-30T00:00:00.000Z,14,6720271,72.27,23,6156439,66.2,15,4511931,48.52,9,845530,116136,1.25,9.09,1.71,68.89,29.4
2022-10-31T00:00:00.000Z,17,6720288,72.27,16,6156455,66.2,8,4511939,48.52,9,845539,122449,1.32,9.09,1.76,68.84,29.4
2022-11-01T00:00:00.000Z,2,6720290,72.27,1,6156456,66.2,1,4511940,48.52,0,845539,123718,1.33,9.09,1.82,68.78,29.4
2022-11-02T00:00:00.000Z,13,6720303,72.27,13,6156469,66.2,7,4511947,48.52,8,845547,129813,1.4,9.09,1.88,68.72,29.4
2022-11-03T00:00:00.000Z,16,6720319,72.27,18,6156487,66.2,11,4511958,48.52,8,845555,136617,1.47,9.09,1.96,68.64,29.4
2022-11-04T00:00:00.000Z,4,6720323,72.27,6,6156493,66.2,1,4511959,48.52,2,845557,138276,1.49,9.09,1.98,68.63,29.4
2022-11-05T00:00:00.000Z,0,6720323,72.27,0,6156493,66.2,0,4511959,48.52,0,845557,138276,1.49,9.09,1.97,68.63,29.4
2022-11-06T00:00:00.000Z,24,6720347,72.27,30,6156523,66.2,11,4511970,48.52,23,845580,145091,1.56,9.09,2.03,68.57,29.4
2022-11-07T00:00:00.000Z,15,6720362,72.27,11,6156534,66.2,10,4511980,48.52,54,845634,152512,1.64,9.09,2.1,68.51,29.4
2022-11-08T00:00:00.000Z,28,6720390,72.27,26,6156560,66.2,14,4511994,48.52,9,845643,159419,1.71,9.09,2.1,68.5,29.4
2022-11-09T00:00:00.000Z,16,6720406,72.27,20,6156580,66.2,17,4512011,48.52,9,845652,166919,1.8,9.09,2.16,68.45,29.4
2022-11-10T00:00:00.000Z,26,6720432,72.27,14,6156594,66.2,11,4512022,48.52,4,845656,175755,1.89,9.09,2.22,68.39,29.4
2022-11-11T00:00:00.000Z,1,6720433,72.27,17,6156611,66.21,2,4512024,48.52,1,845657,178309,1.92,9.09,2.23,68.37,29.4
2022-11-12T00:00:00.000Z,1,6720434,72.27,0,6156611,66.21,1,4512025,48.52,0,845657,178359,1.92,9.09,2.22,68.38,29.4
2022-11-13T00:00:00.000Z,24,6720458,72.27,28,6156639,66.21,17,4512042,48.52,8,845665,185632,2,9.09,2.29,68.31,29.4
2022-11-14T00:00:00.000Z,20,6720478,72.27,17,6156656,66.21,21,4512063,48.52,16,845681,193618,2.08,9.09,2.37,68.23,29.4
2022-11-15T00:00:00.000Z,39,6720517,72.27,25,6156681,66.21,16,4512079,48.52,17,845698,201145,2.16,9.09,2.43,68.17,29.4
2022-11-16T00:00:00.000Z,14,6720531,72.27,26,6156707,66.21,16,4512095,48.52,11,845709,208768,2.25,9.09,2.5,68.1,29.4
2022-11-17T00:00:00.000Z,19,6720550,72.27,33,6156740,66.21,18,4512113,48.52,4,845713,217126,2.33,9.09,2.59,68.02,29.4
2022-11-18T00:00:00.000Z,6,6720556,72.27,4,6156744,66.21,4,4512117,48.52,0,845713,219680,2.36,9.09,2.61,67.99,29.4
2022-11-19T00:00:00.000Z,0,6720556,72.27,0,6156744,66.21,0,4512117,48.52,0,845713,219680,2.36,9.09,2.6,68,29.4
2022-11-20T00:00:00.000Z,19,6720575,72.27,19,6156763,66.21,6,4512123,48.52,13,845726,225908,2.43,9.09,2.67,67.93,29.4
2022-11-21T00:00:00.000Z,15,6720590,72.27,12,6156775,66.21,6,4512129,48.52,6,845732,232940,2.5,9.09,2.76,67.85,29.4
2022-11-22T00:00:00.000Z,26,6720616,72.27,13,6156788,66.21,17,4512146,48.52,6,845738,239918,2.58,9.09,2.83,67.77,29.4
2022-11-23T00:00:00.000Z,17,6720633,72.27,20,6156808,66.21,4,4512150,48.52,8,845746,246609,2.65,9.09,2.9,67.7,29.4
2022-11-24T00:00:00.000Z,9,6720642,72.27,16,6156824,66.21,13,4512163,48.52,27,845773,253750,2.73,9.1,2.98,67.62,29.4
2022-11-25T00:00:00.000Z,17,6720659,72.27,32,6156856,66.21,14,4512177,48.52,12,845785,255742,2.75,9.1,3,67.6,29.4
2022-11-26T00:00:00.000Z,0,6720659,72.27,2,6156858,66.21,0,4512177,48.52,0,845785,255752,2.75,9.1,3,67.61,29.4
2022-11-27T00:00:00.000Z,14,6720673,72.27,14,6156872,66.21,19,4512196,48.52,2,845787,261719,2.81,9.1,3.06,67.54,29.4
2022-11-28T00:00:00.000Z,8,6720681,72.27,23,6156895,66.21,8,4512204,48.52,6,845793,267404,2.88,9.1,3.14,67.47,29.4
2022-11-29T00:00:00.000Z,37,6720718,72.27,31,6156926,66.21,19,4512223,48.52,14,845807,273752,2.94,9.1,3.2,67.4,29.4
2022-11-30T00:00:00.000Z,12,6720730,72.27,25,6156951,66.21,20,4512243,48.52,8,845815,280369,3.01,9.1,3.27,67.34,29.39
2022-12-01T00:00:00.000Z,13,6720743,72.27,16,6156967,66.21,15,4512258,48.52,4,845819,287761,3.09,9.1,3.34,67.26,29.39
2022-12-02T00:00:00.000Z,2,6720745,72.27,7,6156974,66.21,4,4512262,48.52,10,845829,289607,3.11,9.1,3.36,67.24,29.39
2022-12-03T00:00:00.000Z,0,6720745,72.27,0,6156974,66.21,0,4512262,48.52,1,845830,289617,3.11,9.1,3.36,67.24,29.39
2022-12-04T00:00:00.000Z,25,6720770,72.27,23,6156997,66.21,29,4512291,48.52,23,845853,295352,3.18,9.1,3.42,67.18,29.39
2022-12-05T00:00:00.000Z,9,6720779,72.27,17,6157014,66.21,11,4512302,48.52,18,845871,300859,3.24,9.1,3.48,67.12,29.4
2022-12-06T00:00:00.000Z,32,6720811,72.27,24,6157038,66.21,27,4512329,48.52,9,845880,305748,3.29,9.1,3.55,67.05,29.39
2022-12-07T00:00:00.000Z,10,6720821,72.27,17,6157055,66.21,8,4512337,48.52,7,845887,310462,3.34,9.1,3.62,66.99,29.39
2022-12-08T00:00:00.000Z,18,6720839,72.27,26,6157081,66.21,15,4512352,48.52,3,845890,316197,3.4,9.1,3.69,66.91,29.39
2022-12-09T00:00:00.000Z,4,6720843,72.27,1,6157082,66.21,1,4512353,48.52,7,845897,317983,3.42,9.1,3.71,66.9,29.39
2022-12-10T00:00:00.000Z,1,6720844,72.27,0,6157082,66.21,2,4512355,48.52,0,845897,317990,3.42,9.1,3.7,66.91,29.39
2022-12-11T00:00:00.000Z,14,6720858,72.27,19,6157101,66.21,15,4512370,48.52,16,845913,322193,3.46,9.1,3.76,66.84,29.39
2022-12-12T00:00:00.000Z,14,6720872,72.27,11,6157112,66.21,5,4512375,48.52,0,845913,326677,3.51,9.1,3.82,66.78,29.39
2022-12-13T00:00:00.000Z,17,6720889,72.27,44,6157156,66.21,18,4512393,48.52,13,845926,331343,3.56,9.1,3.87,66.73,29.39
2022-12-14T00:00:00.000Z,17,6720906,72.27,16,6157172,66.21,7,4512400,48.52,3,845929,335961,3.61,9.1,3.92,66.69,29.39
2022-12-15T00:00:00.000Z,21,6720927,72.27,16,6157188,66.21,7,4512407,48.52,3,845932,341333,3.67,9.1,3.97,66.64,29.39
2022-12-16T00:00:00.000Z,6,6720933,72.27,2,6157190,66.21,1,4512408,48.52,0,845932,342827,3.69,9.1,3.98,66.62,29.39
2022-12-17T00:00:00.000Z,0,6720933,72.27,0,6157190,66.21,0,4512408,48.52,0,845932,342827,3.69,9.1,3.97,66.63,29.39
2022-12-18T00:00:00.000Z,8,6720941,72.27,16,6157206,66.21,7,4512415,48.52,3,845935,345869,3.72,9.1,4.01,66.59,29.39
2022-12-19T00:00:00.000Z,3,6720944,72.27,4,6157210,66.21,2,4512417,48.52,5,845940,347818,3.74,9.1,4.06,66.54,29.39
