Day_Date,vaccinated,vaccinated_cum,vaccinated_population_perc,vaccinated_seconde_dose,vaccinated_seconde_dose_cum,vaccinated_seconde_dose_population_perc,vaccinated_third_dose,vaccinated_third_dose_cum,vaccinated_third_dose_population_perc,vaccinated_fourth_dose,vaccinated_fourth_dose_cum,vaccinated_fourth_dose_population_perc,vaccinated_validity_perc,vaccinated_expired_perc,not_vaccinated_perc
2020-12-19T00:00:00.000Z,46,86,0,0,4,0,0,0,0,0,0,0,0,0,100
2020-12-20T00:00:00.000Z,7388,7474,0.08,0,4,0,0,0,0,0,0,0,0,0,100
2020-12-21T00:00:00.000Z,24912,32386,0.35,0,4,0,0,0,0,0,0,0,0,0,100
2020-12-22T00:00:00.000Z,44644,77030,0.83,0,4,0,0,0,0,0,0,0,0,0,100
2020-12-23T00:00:00.000Z,62903,139933,1.5,0,4,0,0,0,0,0,0,0,0,0,100
2020-12-24T00:00:00.000Z,73416,213349,2.29,0,4,0,0,0,0,0,0,0,0,0,100
2020-12-25T00:00:00.000Z,38504,251853,2.71,0,4,0,0,0,0,0,0,0,0,0,100
2020-12-26T00:00:00.000Z,32610,284463,3.06,0,4,0,0,0,0,0,0,0,0,0,100
2020-12-27T00:00:00.000Z,104554,389017,4.18,0,4,0,0,0,0,0,0,0,0,0,100
2020-12-28T00:00:00.000Z,135007,524024,5.64,0,4,0,0,0,0,0,0,0,0,0,100
2020-12-29T00:00:00.000Z,156267,680291,7.32,1,5,0,0,0,0,0,0,0,0,0,100
2020-12-30T00:00:00.000Z,153113,833404,8.96,0,5,0,0,0,0,0,0,0,0,0,100
2020-12-31T00:00:00.000Z,158537,991941,10.67,0,5,0,0,0,0,0,0,0,0,0,100
2021-01-01T00:00:00.000Z,71411,1063352,11.43,0,5,0,0,0,0,0,0,0,0,0,100
2021-01-02T00:00:00.000Z,71731,1135083,12.21,0,5,0,0,0,0,0,0,0,0,0,100
2021-01-03T00:00:00.000Z,149738,1284821,13.82,0,5,0,0,0,0,0,0,0,0,0,100
2021-01-04T00:00:00.000Z,152161,1436982,15.45,2,7,0,0,0,0,0,0,0,0,0,100
2021-01-05T00:00:00.000Z,125180,1562162,16.8,2,9,0,0,0,0,0,0,0,0,0,100
2021-01-06T00:00:00.000Z,103345,1665507,17.91,2,11,0,0,0,0,0,0,0,0,0,100
2021-01-07T00:00:00.000Z,116049,1781556,19.16,6,17,0,0,0,0,0,0,0,0,0,100
2021-01-08T00:00:00.000Z,66460,1848016,19.87,4,21,0,0,0,0,0,0,0,0,0,100
2021-01-09T00:00:00.000Z,44533,1892549,20.35,25,46,0,0,0,0,0,0,0,0,0,100
2021-01-10T00:00:00.000Z,37641,1930190,20.76,5996,6042,0.07,0,0,0,0,0,0,0,0,100
2021-01-11T00:00:00.000Z,21144,1951334,20.98,19255,25297,0.27,0,0,0,0,0,0,0,0,100
2021-01-12T00:00:00.000Z,24038,1975372,21.24,35661,60958,0.66,0,0,0,0,0,0,0,0,100
2021-01-13T00:00:00.000Z,52049,2027421,21.8,56863,117821,1.27,0,0,0,0,0,0,0,0,100
2021-01-14T00:00:00.000Z,56451,2083872,22.41,68831,186652,2.01,0,0,0,0,0,0,0,0,100
2021-01-15T00:00:00.000Z,30748,2114620,22.74,35927,222579,2.39,0,0,0,0,0,0,0,0,100
2021-01-16T00:00:00.000Z,29451,2144071,23.06,26003,248582,2.67,0,0,0,0,0,0,0,0,100
2021-01-17T00:00:00.000Z,68403,2212474,23.79,84579,333161,3.58,0,0,0,0,0,0,0.36,0,99.64
2021-01-18T00:00:00.000Z,69734,2282208,24.54,120389,453550,4.88,0,0,0,0,0,0,0.64,0,99.36
2021-01-19T00:00:00.000Z,72827,2355035,25.32,137790,591340,6.36,0,0,0,0,0,0,1.16,0,98.84
2021-01-20T00:00:00.000Z,76817,2431852,26.15,143701,735041,7.9,0,0,0,0,0,0,1.98,0,98.02
2021-01-21T00:00:00.000Z,69927,2501779,26.9,164370,899411,9.67,0,0,0,0,0,0,2.98,0,97.02
2021-01-22T00:00:00.000Z,37872,2539651,27.31,71090,970501,10.44,0,0,0,0,0,0,3.5,0,96.5
2021-01-23T00:00:00.000Z,39933,2579584,27.74,53566,1024067,11.01,0,0,0,0,0,0,3.89,0,96.11
2021-01-24T00:00:00.000Z,69071,2648655,28.48,140648,1164715,12.52,0,0,0,0,0,0,5.1,0,94.9
2021-01-25T00:00:00.000Z,80870,2729525,29.35,139455,1304170,14.02,0,0,0,0,0,0,6.78,0,93.22
2021-01-26T00:00:00.000Z,78655,2808180,30.2,126375,1430545,15.38,0,0,0,0,0,0,8.65,0,91.35
2021-01-27T00:00:00.000Z,77903,2886083,31.04,124994,1555539,16.73,0,0,0,0,0,0,10.56,0,89.44
2021-01-28T00:00:00.000Z,79510,2965593,31.89,130560,1686099,18.13,0,0,0,0,0,0,12.69,0,87.31
2021-01-29T00:00:00.000Z,36646,3002239,32.28,64758,1750857,18.83,0,0,0,0,0,0,13.61,0,86.39
2021-01-30T00:00:00.000Z,34369,3036608,32.65,42739,1793596,19.29,0,0,0,0,0,0,14.3,0,85.7
2021-01-31T00:00:00.000Z,73299,3109907,33.44,59472,1853068,19.93,0,0,0,0,0,0,16.07,0,83.93
2021-02-01T00:00:00.000Z,82462,3192369,34.33,35312,1888380,20.31,0,0,0,0,0,0,17.81,0,82.19
2021-02-02T00:00:00.000Z,70034,3262403,35.08,31034,1919414,20.64,0,0,0,0,0,0,19.35,0,80.65
2021-02-03T00:00:00.000Z,60253,3322656,35.73,51393,1970807,21.19,0,0,0,0,0,0,20.84,0,79.16
2021-02-04T00:00:00.000Z,72573,3395229,36.51,58043,2028850,21.82,0,0,0,0,0,0,22.39,0,77.61
2021-02-05T00:00:00.000Z,33893,3429122,36.88,28769,2057619,22.13,0,0,0,0,0,0,23.15,0,76.85
2021-02-06T00:00:00.000Z,21592,3450714,37.11,22207,2079826,22.37,0,0,0,0,0,0,23.64,0,76.36
2021-02-07T00:00:00.000Z,54055,3504769,37.69,68694,2148520,23.1,0,0,0,0,0,0,24.4,0,75.6
2021-02-08T00:00:00.000Z,58599,3563368,38.32,65415,2213935,23.81,0,0,0,0,0,0,24.95,0,75.05
2021-02-09T00:00:00.000Z,66295,3629663,39.03,67508,2281443,24.53,0,0,0,0,0,0,25.48,0,74.52
2021-02-10T00:00:00.000Z,70512,3700175,39.79,72243,2353686,25.31,0,0,0,0,0,0,26.23,0,73.77
2021-02-11T00:00:00.000Z,81103,3781278,40.66,72042,2425728,26.09,0,0,0,0,0,0,27.08,0,72.92
2021-02-12T00:00:00.000Z,39055,3820333,41.08,37548,2463276,26.49,0,0,0,0,0,0,27.5,0,72.5
2021-02-13T00:00:00.000Z,27434,3847767,41.38,30406,2493682,26.82,0,0,0,0,0,0,27.82,0,72.18
2021-02-14T00:00:00.000Z,74867,3922634,42.18,69037,2562719,27.56,0,0,0,0,0,0,28.76,0,71.24
2021-02-15T00:00:00.000Z,81496,4004130,43.06,75654,2638373,28.37,0,0,0,0,0,0,29.69,0,70.31
2021-02-16T00:00:00.000Z,83383,4087513,43.96,78236,2716609,29.21,0,0,0,0,0,0,30.64,0,69.36
2021-02-17T00:00:00.000Z,61929,4149442,44.62,75582,2792191,30.03,0,0,0,0,0,0,31.56,0,68.44
2021-02-18T00:00:00.000Z,69105,4218547,45.36,79698,2871889,30.88,0,0,0,0,0,0,32.51,0,67.49
2021-02-19T00:00:00.000Z,39620,4258167,45.79,38117,2910006,31.29,0,0,0,0,0,0,33.02,0,66.98
2021-02-20T00:00:00.000Z,31626,4289793,46.13,28709,2938715,31.6,0,0,0,0,0,0,33.43,0,66.57
2021-02-21T00:00:00.000Z,79394,4369187,46.98,78401,3017116,32.44,0,0,0,0,0,0,34.39,0,65.61
2021-02-22T00:00:00.000Z,85018,4454205,47.9,80567,3097683,33.31,0,0,0,0,0,0,35.44,0,64.56
2021-02-23T00:00:00.000Z,77284,4531489,48.73,70425,3168108,34.07,0,0,0,0,0,0,36.47,0,63.53
2021-02-24T00:00:00.000Z,61014,4592503,49.39,63086,3231194,34.75,0,0,0,0,0,0,37.4,0,62.6
2021-02-25T00:00:00.000Z,51677,4644180,49.94,64752,3295946,35.44,0,0,0,0,0,0,38.31,0,61.69
2021-02-26T00:00:00.000Z,25865,4670045,50.22,32003,3327949,35.79,0,0,0,0,0,0,38.76,0,61.24
2021-02-27T00:00:00.000Z,18312,4688357,50.42,21181,3349130,36.01,0,0,0,0,0,0,39.08,0,60.92
2021-02-28T00:00:00.000Z,40317,4728674,50.85,55844,3404974,36.62,0,0,0,0,0,0,39.92,0,60.08
2021-03-01T00:00:00.000Z,45693,4774367,51.34,61400,3466374,37.28,0,0,0,0,0,0,40.78,0,59.22
2021-03-02T00:00:00.000Z,41140,4815507,51.78,64744,3531118,37.97,0,0,0,0,0,0,41.54,0,58.46
2021-03-03T00:00:00.000Z,41963,4857470,52.23,66738,3597856,38.69,0,0,0,0,0,0,42.25,0,57.75
2021-03-04T00:00:00.000Z,39652,4897122,52.66,79061,3676917,39.54,0,0,0,0,0,0,42.95,0,57.05
2021-03-05T00:00:00.000Z,17305,4914427,52.85,40433,3717350,39.97,0,0,0,0,0,0,43.28,0,56.72
2021-03-06T00:00:00.000Z,10676,4925103,52.96,25328,3742678,40.25,0,0,0,0,0,0,43.5,0,56.5
2021-03-07T00:00:00.000Z,31101,4956204,53.3,72813,3815491,41.03,0,0,0,0,0,0,44.09,0,55.91
2021-03-08T00:00:00.000Z,27321,4983525,53.59,73247,3888738,41.82,0,0,0,0,0,0,44.71,0,55.29
2021-03-09T00:00:00.000Z,26688,5010213,53.88,76566,3965304,42.64,0,0,0,0,0,0,45.37,0,54.63
2021-03-10T00:00:00.000Z,23288,5033501,54.13,58637,4023941,43.27,0,0,0,0,0,0,46.03,0,53.97
2021-03-11T00:00:00.000Z,23246,5056747,54.38,69040,4092981,44.01,0,0,0,0,0,0,46.76,0,53.24
2021-03-12T00:00:00.000Z,11231,5067978,54.5,41372,4134353,44.46,0,0,0,0,0,0,47.12,0,52.88
2021-03-13T00:00:00.000Z,7918,5075896,54.58,25224,4159577,44.73,0,0,0,0,0,0,47.35,0,52.65
2021-03-14T00:00:00.000Z,20925,5096821,54.81,73904,4233481,45.52,0,0,0,0,0,0,47.99,0,52.01
2021-03-15T00:00:00.000Z,20090,5116911,55.02,78226,4311707,46.37,0,0,0,0,0,0,48.61,0,51.39
2021-03-16T00:00:00.000Z,18702,5135613,55.23,71440,4383147,47.13,0,0,0,0,0,0,49.23,0,50.77
2021-03-17T00:00:00.000Z,17647,5153260,55.42,58971,4442118,47.77,0,0,0,0,0,0,49.72,0,50.28
2021-03-18T00:00:00.000Z,15999,5169259,55.59,58079,4500197,48.39,0,0,0,0,0,0,50.26,0,49.74
2021-03-19T00:00:00.000Z,6899,5176158,55.66,27942,4528139,48.69,0,0,0,0,0,0,50.56,0,49.44
2021-03-20T00:00:00.000Z,5194,5181352,55.72,15273,4543412,48.86,0,0,0,0,0,0,50.74,0,49.26
2021-03-21T00:00:00.000Z,13128,5194480,55.86,40469,4583881,49.29,0,0,0,0,0,0,51.27,0,48.73
2021-03-22T00:00:00.000Z,13516,5207996,56,40504,4624385,49.73,0,0,0,0,0,0,51.81,0,48.19
2021-03-23T00:00:00.000Z,2781,5210777,56.03,7256,4631641,49.81,0,0,0,0,0,0,52.24,0,47.76
2021-03-24T00:00:00.000Z,10955,5221732,56.15,46506,4678147,50.31,0,0,0,0,0,0,52.65,0,47.35
2021-03-25T00:00:00.000Z,10204,5231936,56.26,35391,4713538,50.69,0,0,0,0,0,0,53.04,0,46.96
2021-03-26T00:00:00.000Z,4135,5236071,56.31,13296,4726834,50.83,0,0,0,0,0,0,53.22,0,46.78
2021-03-27T00:00:00.000Z,1767,5237838,56.33,4244,4731078,50.88,0,0,0,0,0,0,53.31,0,46.69
2021-03-28T00:00:00.000Z,2085,5239923,56.35,4592,4735670,50.93,0,0,0,0,0,0,53.55,0,46.45
2021-03-29T00:00:00.000Z,6859,5246782,56.42,29977,4765647,51.25,0,0,0,0,0,0,53.81,0,46.19
2021-03-30T00:00:00.000Z,7823,5254605,56.51,22392,4788039,51.49,0,0,0,0,0,0,53.9,0,46.1
2021-03-31T00:00:00.000Z,8097,5262702,56.59,19427,4807466,51.7,0,0,0,0,0,0,54.2,0,45.8
2021-04-01T00:00:00.000Z,8127,5270829,56.68,18642,4826108,51.9,0,0,0,0,0,0,54.43,0,45.57
2021-04-02T00:00:00.000Z,2890,5273719,56.71,8089,4834197,51.98,0,0,0,0,0,0,54.52,0,45.48
2021-04-03T00:00:00.000Z,1406,5275125,56.73,2936,4837133,52.02,0,0,0,0,0,0,54.55,0,45.45
2021-04-04T00:00:00.000Z,9606,5284731,56.83,22799,4859932,52.26,0,0,0,0,0,0,54.64,0,45.36
2021-04-05T00:00:00.000Z,10305,5295036,56.94,21209,4881141,52.49,0,0,0,0,0,0,54.86,0,45.14
2021-04-06T00:00:00.000Z,8969,5304005,57.04,16729,4897870,52.67,0,0,0,0,0,0,55.03,0,44.97
2021-04-07T00:00:00.000Z,8869,5312874,57.13,15240,4913110,52.83,0,0,0,0,0,0,55.18,0,44.82
2021-04-08T00:00:00.000Z,9351,5322225,57.23,16946,4930056,53.02,0,0,0,0,0,0,55.34,0,44.66
2021-04-09T00:00:00.000Z,3545,5325770,57.27,6183,4936239,53.08,0,0,0,0,0,0,55.4,0,44.6
2021-04-10T00:00:00.000Z,1605,5327375,57.29,3494,4939733,53.12,0,0,0,0,0,0,55.43,0,44.57
2021-04-11T00:00:00.000Z,9001,5336376,57.38,14211,4953944,53.27,0,0,0,0,0,0,55.61,0,44.39
2021-04-12T00:00:00.000Z,8885,5345261,57.48,13185,4967129,53.41,0,0,0,0,0,0,55.77,0,44.23
2021-04-13T00:00:00.000Z,5784,5351045,57.54,4909,4972038,53.47,0,0,0,0,0,0,55.9,0,44.1
2021-04-14T00:00:00.000Z,3587,5354632,57.58,5258,4977296,53.52,0,0,0,0,0,0,56,0,44
2021-04-15T00:00:00.000Z,637,5355269,57.59,544,4977840,53.53,0,0,0,0,0,0,56.1,0,43.9
2021-04-16T00:00:00.000Z,3361,5358630,57.62,6606,4984446,53.6,0,0,0,0,0,0,56.15,0,43.85
2021-04-17T00:00:00.000Z,795,5359425,57.63,1954,4986400,53.62,0,0,0,0,0,0,56.17,0,43.83
2021-04-18T00:00:00.000Z,7065,5366490,57.71,7409,4993809,53.7,0,0,0,0,0,0,56.29,0,43.71
2021-04-19T00:00:00.000Z,6362,5372852,57.78,7078,5000887,53.78,0,0,0,0,0,0,56.4,0,43.6
2021-04-20T00:00:00.000Z,6223,5379075,57.84,6834,5007721,53.85,0,0,0,0,0,0,56.47,0,43.53
2021-04-21T00:00:00.000Z,6312,5385387,57.91,7050,5014771,53.93,0,0,0,0,0,0,56.54,0,43.46
2021-04-22T00:00:00.000Z,5897,5391284,57.98,7634,5022405,54.01,0,0,0,0,0,0,56.58,0,43.42
2021-04-23T00:00:00.000Z,2724,5394008,58,3345,5025750,54.04,0,0,0,0,0,0,56.63,0,43.37
2021-04-24T00:00:00.000Z,737,5394745,58.01,1262,5027012,54.06,0,0,0,0,0,0,56.64,0,43.36
2021-04-25T00:00:00.000Z,4802,5399547,58.06,6891,5033903,54.13,0,0,0,0,0,0,56.71,0,43.29
2021-04-26T00:00:00.000Z,5430,5404977,58.12,7845,5041748,54.22,0,0,0,0,0,0,56.79,0,43.21
2021-04-27T00:00:00.000Z,4468,5409445,58.17,6579,5048327,54.29,0,0,0,0,0,0,56.85,0,43.15
2021-04-28T00:00:00.000Z,4449,5413894,58.22,7273,5055600,54.37,0,0,0,0,0,0,56.92,0,43.08
2021-04-29T00:00:00.000Z,4328,5418222,58.26,7234,5062834,54.44,0,0,0,0,0,0,56.99,0,43.01
2021-04-30T00:00:00.000Z,1885,5420107,58.29,3147,5065981,54.48,0,0,0,0,0,0,57.02,0,42.98
2021-05-01T00:00:00.000Z,438,5420545,58.29,879,5066860,54.49,0,0,0,0,0,0,57.03,0,42.97
2021-05-02T00:00:00.000Z,3206,5423751,58.32,6059,5072919,54.55,0,0,0,0,0,0,57.08,0,42.92
2021-05-03T00:00:00.000Z,3506,5427257,58.36,5770,5078689,54.61,0,0,0,0,0,0,57.15,0,42.85
2021-05-04T00:00:00.000Z,3543,5430800,58.4,4686,5083375,54.66,0,0,0,0,0,0,57.2,0,42.8
2021-05-05T00:00:00.000Z,3244,5434044,58.44,4030,5087405,54.71,0,0,0,0,0,0,57.26,0,42.74
2021-05-06T00:00:00.000Z,3589,5437633,58.47,3084,5090489,54.74,0,0,0,0,0,0,57.32,0,42.68
2021-05-07T00:00:00.000Z,1787,5439420,58.49,2446,5092935,54.77,0,0,0,0,0,0,57.35,0,42.65
2021-05-08T00:00:00.000Z,221,5439641,58.5,485,5093420,54.77,0,0,0,0,0,0,57.35,0,42.65
2021-05-09T00:00:00.000Z,2826,5442467,58.53,4719,5098139,54.82,0,0,0,0,0,0,57.4,0,42.6
2021-05-10T00:00:00.000Z,2861,5445328,58.56,4666,5102805,54.87,0,0,0,0,0,0,57.45,0,42.55
2021-05-11T00:00:00.000Z,2570,5447898,58.58,3828,5106633,54.91,0,0,0,0,0,0,57.49,0,42.51
2021-05-12T00:00:00.000Z,1982,5449880,58.61,3276,5109909,54.95,0,0,0,0,0,0,57.53,0,42.47
2021-05-13T00:00:00.000Z,2007,5451887,58.63,3624,5113533,54.99,0,0,0,0,0,0,57.56,0,42.44
2021-05-14T00:00:00.000Z,930,5452817,58.64,1453,5114986,55,0,0,0,0,0,0,57.57,0,42.43
2021-05-15T00:00:00.000Z,225,5453042,58.64,227,5115213,55.01,0,0,0,0,0,0,57.58,0,42.42
2021-05-16T00:00:00.000Z,511,5453553,58.64,1188,5116401,55.02,0,0,0,0,0,0,57.6,0,42.4
2021-05-17T00:00:00.000Z,271,5453824,58.65,816,5117217,55.03,0,0,0,0,0,0,57.63,0,42.37
2021-05-18T00:00:00.000Z,1927,5455751,58.67,4905,5122122,55.08,0,0,0,0,0,0,57.66,0,42.34
2021-05-19T00:00:00.000Z,2182,5457933,58.69,4998,5127120,55.13,0,0,0,0,0,0,57.69,0,42.31
2021-05-20T00:00:00.000Z,2267,5460200,58.72,3833,5130953,55.18,0,0,0,0,0,0,57.72,0,42.28
2021-05-21T00:00:00.000Z,1148,5461348,58.73,1367,5132320,55.19,0,0,0,0,0,0,57.74,0,42.26
2021-05-22T00:00:00.000Z,197,5461545,58.73,369,5132689,55.19,0,0,0,0,0,0,57.74,0,42.26
2021-05-23T00:00:00.000Z,2257,5463802,58.76,3199,5135888,55.23,0,0,0,0,0,0,57.76,0,42.24
2021-05-24T00:00:00.000Z,2095,5465897,58.78,3560,5139448,55.27,0,0,0,0,0,0,57.78,0,42.22
2021-05-25T00:00:00.000Z,1787,5467684,58.8,2549,5141997,55.29,0,0,0,0,0,0,57.81,0,42.19
2021-05-26T00:00:00.000Z,1370,5469054,58.81,2457,5144454,55.32,0,0,0,0,0,0,57.85,0,42.15
2021-05-27T00:00:00.000Z,1801,5470855,58.83,3138,5147592,55.35,0,0,0,0,0,0,57.88,0,42.12
2021-05-28T00:00:00.000Z,736,5471591,58.84,1365,5148957,55.37,0,0,0,0,0,0,57.89,0,42.11
2021-05-29T00:00:00.000Z,161,5471752,58.84,207,5149164,55.37,0,0,0,0,0,0,57.89,0,42.11
2021-05-30T00:00:00.000Z,1615,5473367,58.86,1913,5151077,55.39,0,0,0,0,0,0,57.92,0,42.08
2021-05-31T00:00:00.000Z,1677,5475044,58.88,2060,5153137,55.41,0,0,0,0,0,0,57.95,0,42.05
2021-06-01T00:00:00.000Z,1316,5476360,58.89,1791,5154928,55.43,0,0,0,0,0,0,57.97,0,42.03
2021-06-02T00:00:00.000Z,1454,5477814,58.91,1574,5156502,55.45,0,0,0,0,0,0,57.99,0,42.01
2021-06-03T00:00:00.000Z,1635,5479449,58.92,1442,5157944,55.47,0,0,0,0,0,0,58.01,0,41.99
2021-06-04T00:00:00.000Z,1049,5480498,58.93,726,5158670,55.47,0,0,0,0,0,0,58.03,0,41.97
2021-06-05T00:00:00.000Z,160,5480658,58.94,137,5158807,55.48,0,0,0,0,0,0,58.03,0,41.97
2021-06-06T00:00:00.000Z,4264,5484922,58.98,980,5159787,55.49,0,0,0,0,0,0,58.07,0,41.93
2021-06-07T00:00:00.000Z,4383,5489305,59.03,776,5160563,55.49,0,0,0,0,0,0,58.1,0,41.9
2021-06-08T00:00:00.000Z,3692,5492997,59.07,1138,5161701,55.51,0,0,0,0,0,0,58.14,0,41.86
2021-06-09T00:00:00.000Z,3555,5496552,59.11,1281,5162982,55.52,0,0,0,0,0,0,58.17,0,41.83
2021-06-10T00:00:00.000Z,3295,5499847,59.14,1260,5164242,55.53,0,0,0,0,0,0,58.2,0,41.8
2021-06-11T00:00:00.000Z,1350,5501197,59.16,547,5164789,55.54,0,0,0,0,0,0,58.21,0,41.79
2021-06-12T00:00:00.000Z,187,5501384,59.16,148,5164937,55.54,0,0,0,0,0,0,58.21,0,41.79
2021-06-13T00:00:00.000Z,3088,5504472,59.19,1229,5166166,55.55,0,0,0,0,0,0,58.24,0,41.76
2021-06-14T00:00:00.000Z,3006,5507478,59.22,1500,5167666,55.57,0,0,0,0,0,0,58.26,0,41.74
2021-06-15T00:00:00.000Z,3096,5510574,59.26,1337,5169003,55.58,0,0,0,0,0,0,58.28,0,41.72
2021-06-16T00:00:00.000Z,2682,5513256,59.29,953,5169956,55.6,0,0,0,0,0,0,58.31,0,41.69
2021-06-17T00:00:00.000Z,2674,5515930,59.32,1161,5171117,55.61,0,0,0,0,0,0,58.33,0,41.67
2021-06-18T00:00:00.000Z,1215,5517145,59.33,464,5171581,55.61,0,0,0,0,0,0,58.34,0,41.66
2021-06-19T00:00:00.000Z,203,5517348,59.33,125,5171706,55.61,0,0,0,0,0,0,58.34,0,41.66
2021-06-20T00:00:00.000Z,3292,5520640,59.37,1306,5173012,55.63,0,0,0,0,0,0,58.37,0,41.63
2021-06-21T00:00:00.000Z,5186,5525826,59.42,1179,5174191,55.64,0,0,0,0,0,0,58.41,0,41.59
2021-06-22T00:00:00.000Z,6873,5532699,59.5,1059,5175250,55.65,0,0,0,0,0,0,58.46,0,41.54
2021-06-23T00:00:00.000Z,10684,5543383,59.61,1258,5176508,55.67,0,0,0,0,0,0,58.54,0,41.46
2021-06-24T00:00:00.000Z,11981,5555364,59.74,1427,5177935,55.68,0,0,0,0,0,0,58.62,0,41.38
2021-06-25T00:00:00.000Z,7052,5562416,59.82,894,5178829,55.69,0,0,0,0,0,0,58.67,0,41.33
2021-06-26T00:00:00.000Z,2244,5564660,59.84,177,5179006,55.69,0,0,0,0,0,0,58.68,0,41.32
2021-06-27T00:00:00.000Z,13595,5578255,59.99,3416,5182422,55.73,0,0,0,0,0,0,58.78,0,41.22
2021-06-28T00:00:00.000Z,14461,5592716,60.14,3630,5186052,55.77,0,0,0,0,0,0,58.88,0,41.12
2021-06-29T00:00:00.000Z,16666,5609382,60.32,3684,5189736,55.81,0,0,0,0,0,0,58.99,0,41.01
2021-06-30T00:00:00.000Z,16421,5625803,60.5,3346,5193082,55.84,0,0,0,0,0,0,59.11,0,40.89
2021-07-01T00:00:00.000Z,16760,5642563,60.68,3322,5196404,55.88,18,18,0,0,0,0,59.23,0,40.77
2021-07-02T00:00:00.000Z,9790,5652353,60.78,1551,5197955,55.9,4,22,0,0,0,0,59.3,0,40.7
2021-07-03T00:00:00.000Z,2640,5654993,60.81,274,5198229,55.9,0,22,0,0,0,0,59.32,0,40.68
2021-07-04T00:00:00.000Z,17710,5672703,61,3133,5201362,55.93,0,22,0,0,0,0,59.46,0,40.54
2021-07-05T00:00:00.000Z,17809,5690512,61.19,2999,5204361,55.97,4,26,0,0,0,0,59.6,0,40.4
2021-07-06T00:00:00.000Z,17797,5708309,61.38,3371,5207732,56,7,33,0,0,0,0,59.74,0,40.26
2021-07-07T00:00:00.000Z,15477,5723786,61.55,2640,5210372,56.03,11,44,0,0,0,0,59.87,0,40.13
2021-07-08T00:00:00.000Z,16540,5740326,61.73,2819,5213191,56.06,15,59,0,0,0,0,60,0,40
2021-07-09T00:00:00.000Z,11086,5751412,61.85,1470,5214661,56.08,2,61,0,0,0,0,60.09,0,39.91
2021-07-10T00:00:00.000Z,4937,5756349,61.9,366,5215027,56.08,5,66,0,0,0,0,60.13,0,39.87
2021-07-11T00:00:00.000Z,1441,5757790,61.92,2822,5217849,56.11,5,71,0,0,0,0,60.16,0,39.84
2021-07-12T00:00:00.000Z,2378,5760168,61.94,3640,5221489,56.15,48,119,0,0,0,0,60.2,0,39.8
2021-07-13T00:00:00.000Z,2914,5763082,61.97,5413,5226902,56.21,119,238,0,0,0,0,60.25,0,39.75
2021-07-14T00:00:00.000Z,2697,5765779,62,7469,5234371,56.29,440,678,0.01,0,0,0,60.29,0,39.71
2021-07-15T00:00:00.000Z,2938,5768717,62.03,9243,5243614,56.39,372,1050,0.01,0,0,0,60.34,0,39.66
2021-07-16T00:00:00.000Z,1215,5769932,62.05,5846,5249460,56.45,63,1113,0.01,0,0,0,60.36,0,39.64
2021-07-17T00:00:00.000Z,339,5770271,62.05,1358,5250818,56.46,6,1119,0.01,0,0,0,60.37,0,39.63
2021-07-18T00:00:00.000Z,2035,5772306,62.07,9746,5260564,56.57,235,1354,0.01,0,0,0,60.4,0,39.6
2021-07-19T00:00:00.000Z,3156,5775462,62.11,11291,5271855,56.69,455,1809,0.02,0,0,0,60.44,0,39.56
2021-07-20T00:00:00.000Z,2624,5778086,62.13,11869,5283724,56.82,371,2180,0.02,0,0,0,60.42,0.07,39.51
2021-07-21T00:00:00.000Z,2336,5780422,62.16,11819,5295543,56.95,320,2500,0.03,0,0,0,60.26,0.28,39.46
2021-07-22T00:00:00.000Z,2834,5783256,62.19,13201,5308744,57.09,387,2887,0.03,0,0,0,59.93,0.67,39.4
2021-07-23T00:00:00.000Z,1990,5785246,62.21,8174,5316918,57.18,101,2988,0.03,0,0,0,59.35,1.29,39.36
2021-07-24T00:00:00.000Z,603,5785849,62.22,1449,5318367,57.19,6,2994,0.03,0,0,0,58.61,2.04,39.35
2021-07-25T00:00:00.000Z,4395,5790244,62.27,15460,5333827,57.36,224,3218,0.03,0,0,0,58.29,2.43,39.28
2021-07-26T00:00:00.000Z,5113,5795357,62.32,13471,5347298,57.5,322,3540,0.04,0,0,0,58.1,2.71,39.19
2021-07-27T00:00:00.000Z,5441,5800798,62.38,13500,5360798,57.65,410,3950,0.04,0,0,0,57.27,3.63,39.1
2021-07-28T00:00:00.000Z,3949,5804747,62.42,12287,5373085,57.78,467,4417,0.05,0,0,0,56.05,4.93,39.02
2021-07-29T00:00:00.000Z,4621,5809368,62.47,14108,5387193,57.93,522,4939,0.05,0,0,0,54.65,6.41,38.93
2021-07-30T00:00:00.000Z,2614,5811982,62.5,10793,5397986,58.05,4114,9053,0.1,0,0,0,53.18,7.92,38.9
2021-07-31T00:00:00.000Z,1378,5813360,62.51,3520,5401506,58.09,6151,15204,0.16,0,0,0,51.46,9.64,38.9
2021-08-01T00:00:00.000Z,3054,5816414,62.55,3335,5404841,58.12,31040,46244,0.5,0,0,0,50.94,10.15,38.92
2021-08-02T00:00:00.000Z,3085,5819499,62.58,3120,5407961,58.15,58494,104738,1.13,0,0,0,50.72,10.24,39.03
2021-08-03T00:00:00.000Z,3332,5822831,62.62,3265,5411226,58.19,78951,183689,1.98,0,0,0,49.7,11.07,39.23
2021-08-04T00:00:00.000Z,3485,5826316,62.65,3195,5414421,58.22,80741,264430,2.84,0,0,0,48.7,11.86,39.44
2021-08-05T00:00:00.000Z,4466,5830782,62.7,3527,5417948,58.26,88429,352859,3.79,0,0,0,47.92,12.4,39.68
2021-08-06T00:00:00.000Z,2389,5833171,62.73,1802,5419750,58.28,44730,397589,4.28,0,0,0,46.97,13.26,39.77
2021-08-07T00:00:00.000Z,1010,5834181,62.74,646,5420396,58.29,27338,424927,4.57,0,0,0,45.82,14.34,39.84
2021-08-08T00:00:00.000Z,4989,5839170,62.79,3041,5423437,58.32,80057,504984,5.43,0,0,0,45.73,14.27,40
2021-08-09T00:00:00.000Z,5312,5844482,62.85,3000,5426437,58.35,76466,581450,6.25,0,0,0,45.97,13.98,40.05
2021-08-10T00:00:00.000Z,5531,5850013,62.91,3133,5429570,58.39,75401,656851,7.06,0,0,0,46.18,13.81,40.01
2021-08-11T00:00:00.000Z,5660,5855673,62.97,2889,5432459,58.42,62612,719463,7.74,0,0,0,46.57,13.52,39.91
2021-08-12T00:00:00.000Z,7007,5862680,63.04,3251,5435710,58.45,59431,778894,8.38,0,0,0,47.05,13.21,39.74
2021-08-13T00:00:00.000Z,3779,5866459,63.09,2017,5437727,58.47,43845,822739,8.85,0,0,0,47.01,13.29,39.7
2021-08-14T00:00:00.000Z,2233,5868692,63.11,818,5438545,58.48,44456,867195,9.33,0,0,0,46.77,13.49,39.74
2021-08-15T00:00:00.000Z,7161,5875853,63.19,4505,5443050,58.53,97933,965128,10.38,0,0,0,47.43,12.85,39.72
2021-08-16T00:00:00.000Z,6965,5882818,63.26,4684,5447734,58.58,89468,1054596,11.34,0,0,0,48.08,12.25,39.68
2021-08-17T00:00:00.000Z,7564,5890382,63.34,5091,5452825,58.64,83262,1137858,12.24,0,0,0,48.24,12.15,39.61
2021-08-18T00:00:00.000Z,8625,5899007,63.43,4557,5457382,58.69,69196,1207054,12.98,0,0,0,48.3,12.17,39.53
2021-08-19T00:00:00.000Z,10063,5909070,63.54,5177,5462559,58.74,65925,1272979,13.69,0,0,0,48.32,12.24,39.44
2021-08-20T00:00:00.000Z,4716,5913786,63.59,2766,5465325,58.77,60415,1333394,14.34,0,0,0,48.14,12.41,39.44
2021-08-21T00:00:00.000Z,3485,5917271,63.63,1538,5466863,58.79,50698,1384092,14.88,0,0,0,47.9,12.68,39.42
2021-08-22T00:00:00.000Z,9837,5927108,63.74,4783,5471646,58.84,105029,1489121,16.01,0,0,0,48.58,12.09,39.32
2021-08-23T00:00:00.000Z,10927,5938035,63.85,4392,5476038,58.89,93919,1583040,17.02,0,0,0,49.21,11.58,39.21
2021-08-24T00:00:00.000Z,11753,5949788,63.98,4666,5480704,58.94,98415,1681455,18.08,0,0,0,49.46,11.42,39.12
2021-08-25T00:00:00.000Z,9636,5959424,64.08,4436,5485140,58.98,99403,1780858,19.15,0,0,0,49.56,11.37,39.07
2021-08-26T00:00:00.000Z,10113,5969537,64.19,5011,5490151,59.04,101076,1881934,20.24,0,0,0,49.63,11.33,39.04
2021-08-27T00:00:00.000Z,4311,5973848,64.24,2738,5492889,59.07,56645,1938579,20.85,0,0,0,49.51,11.55,38.95
2021-08-28T00:00:00.000Z,3693,5977541,64.28,1462,5494351,59.08,33498,1972077,21.21,0,0,0,49.19,11.98,38.84
2021-08-29T00:00:00.000Z,10348,5987889,64.39,5912,5500263,59.15,79442,2051519,22.06,0,0,0,49.75,11.65,38.61
2021-08-30T00:00:00.000Z,12344,6000233,64.52,6970,5507233,59.22,115891,2167410,23.31,0,0,0,50.44,11.05,38.51
2021-08-31T00:00:00.000Z,12098,6012331,64.65,6465,5513698,59.29,114741,2282151,24.54,0,0,0,50.77,10.82,38.41
2021-09-01T00:00:00.000Z,9067,6021398,64.75,5964,5519662,59.36,112359,2394510,25.75,0,0,0,51.06,10.58,38.36
2021-09-02T00:00:00.000Z,8813,6030211,64.85,7127,5526789,59.43,111399,2505909,26.95,0,0,0,51.47,10.22,38.31
2021-09-03T00:00:00.000Z,3729,6033940,64.89,4073,5530862,59.48,58835,2564744,27.58,0,0,0,51.53,10.2,38.27
2021-09-04T00:00:00.000Z,2690,6036630,64.91,1991,5532853,59.5,29918,2594662,27.9,0,0,0,51.36,10.4,38.23
2021-09-05T00:00:00.000Z,7030,6043660,64.99,6438,5539291,59.57,73240,2667902,28.69,0,0,0,51.84,10.03,38.14
2021-09-06T00:00:00.000Z,2820,6046480,65.02,2648,5541939,59.6,22758,2690660,28.93,0,0,0,52.27,9.9,37.83
2021-09-07T00:00:00.000Z,1181,6047661,65.03,834,5542773,59.6,5371,2696031,28.99,0,0,0,52.37,10.13,37.5
2021-09-08T00:00:00.000Z,1371,6049032,65.05,1143,5543916,59.62,6602,2702633,29.06,0,0,0,52.44,10.39,37.17
2021-09-09T00:00:00.000Z,7111,6056143,65.12,12514,5556430,59.75,73756,2776389,29.86,0,0,0,52.79,10.21,36.99
2021-09-10T00:00:00.000Z,3236,6059379,65.16,4956,5561386,59.8,37885,2814274,30.26,0,0,0,52.75,10.34,36.91
2021-09-11T00:00:00.000Z,2109,6061488,65.18,2477,5563863,59.83,14786,2829060,30.42,0,0,0,52.38,10.77,36.85
2021-09-12T00:00:00.000Z,6129,6067617,65.25,8565,5572428,59.92,54067,2883127,31,0,0,0,52.69,10.57,36.74
2021-09-13T00:00:00.000Z,5652,6073269,65.31,8199,5580627,60.01,47871,2930998,31.52,0,0,0,52.86,10.37,36.76
2021-09-14T00:00:00.000Z,4958,6078227,65.36,7376,5588003,60.09,48787,2979785,32.04,0,0,0,52.63,10.52,36.85
2021-09-15T00:00:00.000Z,1733,6079960,65.38,2679,5590682,60.12,16660,2996445,32.22,0,0,0,52.21,10.93,36.86
2021-09-16T00:00:00.000Z,330,6080290,65.38,518,5591200,60.12,1729,2998174,32.24,0,0,0,51.98,11.42,36.59
2021-09-17T00:00:00.000Z,3676,6083966,65.42,6975,5598175,60.2,42852,3041026,32.7,0,0,0,51.93,11.5,36.57
2021-09-18T00:00:00.000Z,2247,6086213,65.45,2923,5601098,60.23,12769,3053795,32.84,0,0,0,51.53,11.93,36.54
2021-09-19T00:00:00.000Z,5974,6092187,65.51,10694,5611792,60.35,44262,3098057,33.31,0,0,0,51.73,11.82,36.44
2021-09-20T00:00:00.000Z,3231,6095418,65.55,4607,5616399,60.4,16673,3114730,33.49,0,0,0,51.86,11.84,36.3
2021-09-21T00:00:00.000Z,1318,6096736,65.56,2023,5618422,60.42,3440,3118170,33.53,0,0,0,51.53,12.34,36.13
2021-09-22T00:00:00.000Z,4264,6101000,65.61,7214,5625636,60.5,25002,3143172,33.8,0,0,0,51.13,12.74,36.12
2021-09-23T00:00:00.000Z,4396,6105396,65.65,5872,5631508,60.56,27776,3170948,34.1,0,0,0,50.75,13.08,36.17
2021-09-24T00:00:00.000Z,3192,6108588,65.69,4148,5635656,60.6,27681,3198629,34.4,0,0,0,50.65,13.27,36.08
2021-09-25T00:00:00.000Z,2075,6110663,65.71,2234,5637890,60.63,10410,3209039,34.51,0,0,0,50.32,13.63,36.05
2021-09-26T00:00:00.000Z,5636,6116299,65.77,5956,5643846,60.69,36207,3245246,34.9,0,0,0,50.56,13.48,35.95
2021-09-27T00:00:00.000Z,4694,6120993,65.82,4426,5648272,60.74,30405,3275651,35.22,0,0,0,50.72,13.33,35.95
2021-09-28T00:00:00.000Z,1454,6122447,65.84,1155,5649427,60.75,6211,3281862,35.29,0,0,0,50.48,13.59,35.94
2021-09-29T00:00:00.000Z,9650,6132097,65.94,8311,5657738,60.84,60228,3342090,35.94,0,0,0,50.67,13.36,35.97
2021-09-30T00:00:00.000Z,10996,6143093,66.06,8527,5666265,60.93,79605,3421695,36.8,0,0,0,51.24,12.7,36.07
2021-10-01T00:00:00.000Z,5128,6148221,66.11,3830,5670095,60.97,46458,3468153,37.29,0,0,0,51.32,12.6,36.08
2021-10-02T00:00:00.000Z,2865,6151086,66.15,2100,5672195,61,22400,3490553,37.54,0,0,0,51.24,12.67,36.09
2021-10-03T00:00:00.000Z,11700,6162786,66.27,7252,5679447,61.07,70652,3561205,38.3,0,0,0,51.81,12.09,36.11
2021-10-04T00:00:00.000Z,10336,6173122,66.38,6723,5686170,61.15,51824,3613029,38.85,0,0,0,52.28,11.63,36.09
2021-10-05T00:00:00.000Z,8459,6181581,66.47,5267,5691437,61.2,40403,3653432,39.29,0,0,0,52.55,11.31,36.15
2021-10-06T00:00:00.000Z,7603,6189184,66.56,4144,5695581,61.25,34012,3687444,39.65,0,0,0,52.9,11.14,35.96
2021-10-07T00:00:00.000Z,6924,6196108,66.63,3980,5699561,61.29,33965,3721409,40.02,0,0,0,53.39,10.91,35.7
2021-10-08T00:00:00.000Z,3099,6199207,66.66,2592,5702153,61.32,19182,3740591,40.22,0,0,0,53.62,10.82,35.56
2021-10-09T00:00:00.000Z,1338,6200545,66.68,1418,5703571,61.33,7405,3747996,40.3,0,0,0,53.66,10.85,35.49
2021-10-10T00:00:00.000Z,4695,6205240,66.73,3727,5707298,61.37,21482,3769478,40.54,0,0,0,54.13,10.63,35.24
2021-10-11T00:00:00.000Z,4299,6209539,66.77,2917,5710215,61.4,17212,3786690,40.72,0,0,0,54.51,10.44,35.05
2021-10-12T00:00:00.000Z,3978,6213517,66.82,2974,5713189,61.44,15302,3801992,40.88,0,0,0,54.66,10.42,34.91
2021-10-13T00:00:00.000Z,3493,6217010,66.85,2422,5715611,61.46,13512,3815504,41.03,0,0,0,54.81,10.41,34.78
2021-10-14T00:00:00.000Z,3873,6220883,66.9,2651,5718262,61.49,16492,3831996,41.21,0,0,0,55,10.34,34.66
2021-10-15T00:00:00.000Z,1698,6222581,66.91,1646,5719908,61.51,8954,3840950,41.3,0,0,0,55.07,10.34,34.59
2021-10-16T00:00:00.000Z,733,6223314,66.92,925,5720833,61.52,4011,3844961,41.35,0,0,0,55.02,10.42,34.56
2021-10-17T00:00:00.000Z,3117,6226431,66.96,2509,5723342,61.55,12753,3857714,41.48,0,0,0,55.21,10.31,34.48
2021-10-18T00:00:00.000Z,2456,6228887,66.98,1637,5724979,61.56,10007,3867721,41.59,0,0,0,55.36,10.23,34.41
2021-10-19T00:00:00.000Z,2382,6231269,67.01,1245,5726224,61.58,9253,3876974,41.69,0,0,0,55.42,10.23,34.35
2021-10-20T00:00:00.000Z,2446,6233715,67.03,2270,5728494,61.6,10022,3886996,41.8,0,0,0,55.49,10.21,34.3
2021-10-21T00:00:00.000Z,3026,6236741,67.07,3060,5731554,61.63,12091,3899087,41.93,0,0,0,55.64,10.12,34.24
2021-10-22T00:00:00.000Z,1272,6238013,67.08,1395,5732949,61.65,5769,3904856,41.99,0,0,0,55.7,10.09,34.21
2021-10-23T00:00:00.000Z,554,6238567,67.09,1242,5734191,61.66,2554,3907410,42.02,0,0,0,55.74,10.07,34.2
2021-10-24T00:00:00.000Z,2509,6241076,67.11,2649,5736840,61.69,9816,3917226,42.12,0,0,0,55.84,10.01,34.15
2021-10-25T00:00:00.000Z,2628,6243704,67.14,2704,5739544,61.72,8447,3925673,42.21,0,0,0,55.95,9.94,34.11
2021-10-26T00:00:00.000Z,2373,6246077,67.17,2011,5741555,61.74,8469,3934142,42.31,0,0,0,56.02,9.9,34.08
2021-10-27T00:00:00.000Z,2305,6248382,67.19,2530,5744085,61.77,7873,3942015,42.39,0,0,0,56.09,9.87,34.04
2021-10-28T00:00:00.000Z,2495,6250877,67.22,2729,5746814,61.8,8608,3950623,42.48,1,1,0,56.17,9.83,33.99
2021-10-29T00:00:00.000Z,879,6251756,67.23,1103,5747917,61.81,4071,3954694,42.53,0,1,0,56.19,9.84,33.98
2021-10-30T00:00:00.000Z,353,6252109,67.23,509,5748426,61.82,1690,3956384,42.55,1,2,0,56.16,9.87,33.96
2021-10-31T00:00:00.000Z,2271,6254380,67.26,2471,5750897,61.84,8205,3964589,42.63,0,2,0,56.26,9.81,33.93
2021-11-01T00:00:00.000Z,1732,6256112,67.28,2076,5752973,61.86,6425,3971014,42.7,0,2,0,56.35,9.76,33.89
2021-11-02T00:00:00.000Z,2023,6258135,67.3,2007,5754980,61.89,6219,3977233,42.77,1,3,0,56.4,9.74,33.86
2021-11-03T00:00:00.000Z,1759,6259894,67.32,1862,5756842,61.91,5482,3982715,42.83,0,3,0,56.43,9.74,33.83
2021-11-04T00:00:00.000Z,2109,6262003,67.34,2771,5759613,61.94,7053,3989768,42.9,0,3,0,56.49,9.72,33.79
2021-11-05T00:00:00.000Z,759,6262762,67.35,875,5760488,61.95,3416,3993184,42.94,0,3,0,56.48,9.73,33.78
2021-11-06T00:00:00.000Z,338,6263100,67.35,376,5760864,61.95,1351,3994535,42.96,0,3,0,56.45,9.77,33.77
2021-11-07T00:00:00.000Z,1594,6264694,67.37,1758,5762622,61.97,6088,4000623,43.02,0,3,0,56.53,9.73,33.74
2021-11-08T00:00:00.000Z,1511,6266205,67.38,1566,5764188,61.99,5343,4005966,43.08,0,3,0,56.6,9.68,33.72
2021-11-09T00:00:00.000Z,1438,6267643,67.4,1574,5765762,62,5256,4011222,43.13,0,3,0,56.63,9.67,33.7
2021-11-10T00:00:00.000Z,1431,6269074,67.41,1625,5767387,62.02,4695,4015917,43.19,0,3,0,56.66,9.67,33.68
2021-11-11T00:00:00.000Z,1631,6270705,67.43,1921,5769308,62.04,5675,4021592,43.25,3,6,0,56.71,9.64,33.65
2021-11-12T00:00:00.000Z,613,6271318,67.44,795,5770103,62.05,2851,4024443,43.28,1,7,0,56.72,9.64,33.64
2021-11-13T00:00:00.000Z,245,6271563,67.44,275,5770378,62.05,1093,4025536,43.29,0,7,0,56.71,9.66,33.63
2021-11-14T00:00:00.000Z,1550,6273113,67.46,1612,5771990,62.07,5072,4030608,43.34,1,8,0,56.77,9.62,33.61
2021-11-15T00:00:00.000Z,1254,6274367,67.47,1588,5773578,62.09,4711,4035319,43.39,0,8,0,56.83,9.58,33.59
2021-11-16T00:00:00.000Z,1273,6275640,67.49,1385,5774963,62.1,4271,4039590,43.44,0,8,0,56.86,9.57,33.57
2021-11-17T00:00:00.000Z,1207,6276847,67.5,1531,5776494,62.12,3810,4043400,43.48,0,8,0,56.89,9.57,33.55
2021-11-18T00:00:00.000Z,1358,6278205,67.51,1654,5778148,62.14,4938,4048338,43.53,0,8,0,56.93,9.54,33.53
2021-11-19T00:00:00.000Z,580,6278785,67.52,731,5778879,62.14,2387,4050725,43.56,0,8,0,56.94,9.54,33.52
2021-11-20T00:00:00.000Z,227,6279012,67.52,231,5779110,62.15,893,4051618,43.57,1,9,0,56.93,9.56,33.51
2021-11-21T00:00:00.000Z,1434,6280446,67.54,1511,5780621,62.16,4824,4056442,43.62,0,9,0,56.98,9.52,33.5
2021-11-22T00:00:00.000Z,1674,6282120,67.55,1495,5782116,62.18,4160,4060602,43.67,1,10,0,57.04,9.48,33.47
2021-11-23T00:00:00.000Z,8614,6290734,67.65,1656,5783772,62.2,3924,4064526,43.71,0,10,0,57.14,9.46,33.4
2021-11-24T00:00:00.000Z,9359,6300093,67.75,1287,5785059,62.21,3828,4068354,43.75,0,10,0,57.23,9.44,33.33
2021-11-25T00:00:00.000Z,9821,6309914,67.85,1571,5786630,62.23,4758,4073112,43.8,0,10,0,57.31,9.44,33.25
2021-11-26T00:00:00.000Z,5605,6315519,67.91,712,5787342,62.23,2714,4075826,43.83,0,10,0,57.34,9.46,33.21
2021-11-27T00:00:00.000Z,4775,6320294,67.97,304,5787646,62.24,1119,4076945,43.84,0,10,0,57.35,9.48,33.17
2021-11-28T00:00:00.000Z,10154,6330448,68.07,1464,5789110,62.25,4840,4081785,43.89,0,10,0,57.46,9.45,33.09
2021-11-29T00:00:00.000Z,9026,6339474,68.17,1112,5790222,62.27,4282,4086067,43.94,0,10,0,57.57,9.42,33.01
2021-11-30T00:00:00.000Z,10042,6349516,68.28,997,5791219,62.28,3992,4090059,43.98,0,10,0,57.65,9.42,32.93
2021-12-01T00:00:00.000Z,8622,6358138,68.37,1063,5792282,62.29,4342,4094401,44.03,1,11,0,57.73,9.42,32.86
2021-12-02T00:00:00.000Z,9160,6367298,68.47,1410,5793692,62.3,4996,4099397,44.08,0,11,0,57.82,9.4,32.78
2021-12-03T00:00:00.000Z,6349,6373647,68.54,628,5794320,62.31,2762,4102159,44.11,1,12,0,57.87,9.4,32.73
2021-12-04T00:00:00.000Z,2497,6376144,68.57,225,5794545,62.31,864,4103023,44.12,1,13,0,57.88,9.41,32.71
2021-12-05T00:00:00.000Z,8337,6384481,68.66,1240,5795785,62.32,4642,4107665,44.17,0,13,0,57.98,9.39,32.63
2021-12-06T00:00:00.000Z,6728,6391209,68.73,1169,5796954,62.34,4256,4111921,44.22,1,14,0,58.07,9.36,32.57
2021-12-07T00:00:00.000Z,5549,6396758,68.79,1476,5798430,62.35,3882,4115803,44.26,1,15,0,58.13,9.35,32.52
2021-12-08T00:00:00.000Z,4932,6401690,68.84,1167,5799597,62.37,3755,4119558,44.3,1,16,0,58.19,9.33,32.48
2021-12-09T00:00:00.000Z,6237,6407927,68.91,1209,5800806,62.38,4420,4123978,44.35,1,17,0,58.27,9.31,32.42
2021-12-10T00:00:00.000Z,3004,6410931,68.94,658,5801464,62.39,2584,4126562,44.38,0,17,0,58.31,9.3,32.39
2021-12-11T00:00:00.000Z,1489,6412420,68.96,243,5801707,62.39,951,4127513,44.39,0,17,0,58.32,9.3,32.38
2021-12-12T00:00:00.000Z,7286,6419706,69.03,1422,5803129,62.4,5187,4132700,44.44,0,17,0,58.42,9.27,32.32
2021-12-13T00:00:00.000Z,6166,6425872,69.1,1351,5804480,62.42,4266,4136966,44.49,0,17,0,58.5,9.24,32.26
2021-12-14T00:00:00.000Z,7327,6433199,69.18,6084,5810564,62.48,4842,4141808,44.54,1,18,0,58.59,9.21,32.2
2021-12-15T00:00:00.000Z,7201,6440400,69.26,7380,5817944,62.56,5355,4147163,44.6,0,18,0,58.68,9.18,32.14
2021-12-16T00:00:00.000Z,8077,6448477,69.34,8596,5826540,62.66,6451,4153614,44.67,3,21,0,58.78,9.15,32.07
2021-12-17T00:00:00.000Z,4364,6452841,69.39,5108,5831648,62.71,3822,4157436,44.71,0,21,0,58.83,9.14,32.04
2021-12-18T00:00:00.000Z,3928,6456769,69.43,2895,5834543,62.74,1288,4158724,44.72,0,21,0,58.86,9.14,32.01
2021-12-19T00:00:00.000Z,6981,6463750,69.51,9323,5843866,62.84,6213,4164937,44.79,1,22,0,58.96,9.1,31.94
2021-12-20T00:00:00.000Z,7985,6471735,69.59,7494,5851360,62.92,5293,4170230,44.84,1,23,0,59.05,9.08,31.87
2021-12-21T00:00:00.000Z,9559,6481294,69.7,8627,5859987,63.02,6352,4176582,44.91,0,23,0,59.18,9.05,31.77
2021-12-22T00:00:00.000Z,9668,6490962,69.8,8124,5868111,63.1,6130,4182712,44.98,3,26,0,59.31,9.03,31.66
2021-12-23T00:00:00.000Z,11549,6502511,69.92,10249,5878360,63.21,8023,4190735,45.07,4,30,0,59.46,9,31.54
2021-12-24T00:00:00.000Z,5898,6508409,69.99,6225,5884585,63.28,5169,4195904,45.12,2,32,0,59.55,8.98,31.47
2021-12-25T00:00:00.000Z,3336,6511745,70.02,2562,5887147,63.31,2007,4197911,45.14,3,35,0,59.59,8.98,31.44
2021-12-26T00:00:00.000Z,10665,6522410,70.14,8903,5896050,63.4,8160,4206071,45.23,4,39,0,59.75,8.93,31.32
2021-12-27T00:00:00.000Z,10375,6532785,70.25,7122,5903172,63.48,8093,4214164,45.32,75,114,0,59.9,8.89,31.21
2021-12-28T00:00:00.000Z,11381,6544166,70.37,7426,5910598,63.56,9527,4223691,45.42,83,197,0,60.05,8.86,31.09
2021-12-29T00:00:00.000Z,9970,6554136,70.48,5947,5916545,63.62,8220,4231911,45.51,3,200,0,60.19,8.83,30.98
2021-12-30T00:00:00.000Z,11031,6565167,70.6,7719,5924264,63.71,12139,4244050,45.64,4,204,0,60.36,8.79,30.86
2021-12-31T00:00:00.000Z,4839,6570006,70.65,3663,5927927,63.75,7228,4251278,45.72,41,245,0,60.44,8.77,30.8
2022-01-01T00:00:00.000Z,1991,6571997,70.67,1586,5929513,63.76,2732,4254010,45.75,3,248,0,60.46,8.76,30.77
2022-01-02T00:00:00.000Z,10235,6582232,70.78,6477,5935990,63.83,12940,4266950,45.88,150,398,0,60.63,8.71,30.66
2022-01-03T00:00:00.000Z,9400,6591632,70.88,5228,5941218,63.89,11231,4278181,46.01,4437,4835,0.05,60.78,8.66,30.56
2022-01-04T00:00:00.000Z,8978,6600610,70.98,5929,5947147,63.95,10412,4288593,46.12,50305,55140,0.59,60.91,8.64,30.46
2022-01-05T00:00:00.000Z,8556,6609166,71.07,5708,5952855,64.01,10384,4298977,46.23,59530,114670,1.23,61.03,8.61,30.37
2022-01-06T00:00:00.000Z,10345,6619511,71.18,7943,5960798,64.1,13429,4312406,46.37,63929,178599,1.92,61.18,8.56,30.26
2022-01-07T00:00:00.000Z,4763,6624274,71.23,4524,5965322,64.15,8063,4320469,46.46,31124,209723,2.26,61.25,8.54,30.21
2022-01-08T00:00:00.000Z,2748,6627022,71.26,2434,5967756,64.17,5448,4325917,46.52,27615,237338,2.55,61.28,8.53,30.19
2022-01-09T00:00:00.000Z,9320,6636342,71.36,7728,5975484,64.26,11815,4337732,46.65,66774,304112,3.27,61.43,8.48,30.09
2022-01-10T00:00:00.000Z,8350,6644692,71.45,7613,5983097,64.34,11775,4349507,46.77,64816,368928,3.97,61.57,8.43,30
2022-01-11T00:00:00.000Z,8103,6652795,71.54,8589,5991686,64.43,11882,4361389,46.9,56654,425582,4.58,61.69,8.4,29.91
2022-01-12T00:00:00.000Z,7228,6660023,71.62,8275,5999961,64.52,11002,4372391,47.02,44575,470157,5.06,61.82,8.35,29.83
2022-01-13T00:00:00.000Z,7516,6667539,71.7,9596,6009557,64.62,11447,4383838,47.14,34725,504882,5.43,62.01,8.26,29.73
2022-01-14T00:00:00.000Z,2548,6670087,71.73,4914,6014471,64.68,6037,4389875,47.21,11149,516031,5.55,62.08,8.23,29.69
2022-01-15T00:00:00.000Z,1460,6671547,71.74,3154,6017625,64.71,3828,4393703,47.25,5707,521738,5.61,62.13,8.2,29.67
2022-01-16T00:00:00.000Z,3822,6675369,71.78,8508,6026133,64.8,7620,4401323,47.33,19985,541723,5.83,62.28,8.13,29.6
2022-01-17T00:00:00.000Z,2802,6678171,71.81,7034,6033167,64.88,6078,4407401,47.39,17809,559532,6.02,62.42,8.05,29.53
2022-01-18T00:00:00.000Z,2480,6680651,71.84,7348,6040515,64.96,5428,4412829,47.45,14824,574356,6.18,62.55,7.98,29.47
2022-01-19T00:00:00.000Z,1816,6682467,71.86,6103,6046618,65.02,4319,4417148,47.5,8329,582685,6.27,62.72,7.87,29.41
2022-01-20T00:00:00.000Z,1337,6683804,71.87,5011,6051629,65.08,3550,4420698,47.54,6267,588952,6.33,62.82,7.83,29.35
2022-01-21T00:00:00.000Z,825,6684629,71.88,3417,6055046,65.11,2400,4423098,47.56,3153,592105,6.37,62.94,7.75,29.32
2022-01-22T00:00:00.000Z,303,6684932,71.89,1413,6056459,65.13,982,4424080,47.57,1089,593194,6.38,63.02,7.69,29.29
2022-01-23T00:00:00.000Z,1038,6685970,71.9,5452,6061911,65.19,2784,4426864,47.6,5869,599063,6.44,63.15,7.6,29.24
2022-01-24T00:00:00.000Z,750,6686720,71.91,4468,6066379,65.23,2201,4429065,47.63,5030,604093,6.5,63.24,7.55,29.2
2022-01-25T00:00:00.000Z,736,6687456,71.91,4381,6070760,65.28,2124,4431189,47.65,7049,611142,6.57,63.3,7.53,29.17
2022-01-26T00:00:00.000Z,477,6687933,71.92,2004,6072764,65.3,1133,4432322,47.66,3811,614953,6.61,63.32,7.54,29.14
