Day_Date,vaccinated,vaccinated_cum,vaccinated_population_perc,vaccinated_seconde_dose,vaccinated_seconde_dose_cum,vaccinated_seconde_dose_population_perc,vaccinated_third_dose,vaccinated_third_dose_cum,vaccinated_third_dose_population_perc,vaccinated_fourth_dose,vaccinated_fourth_dose_cum,vaccinated_fourth_dose_population_perc,vaccinated_validity_perc,vaccinated_expired_perc,not_vaccinated_perc
2020-12-19T00:00:00.000Z,46,68,0,0,4,0,0,0,0,0,0,0,0,0,100
2020-12-20T00:00:00.000Z,7391,7459,0.08,0,4,0,0,0,0,0,0,0,0,0,100
2020-12-21T00:00:00.000Z,24920,32379,0.35,0,4,0,0,0,0,0,0,0,0,0,100
2020-12-22T00:00:00.000Z,44656,77035,0.83,0,4,0,0,0,0,0,0,0,0,0,100
2020-12-23T00:00:00.000Z,62905,139940,1.5,0,4,0,0,0,0,0,0,0,0,0,100
2020-12-24T00:00:00.000Z,73421,213361,2.29,0,4,0,0,0,0,0,0,0,0,0,100
2020-12-25T00:00:00.000Z,38506,251867,2.71,0,4,0,0,0,0,0,0,0,0,0,100
2020-12-26T00:00:00.000Z,32612,284479,3.06,0,4,0,0,0,0,0,0,0,0,0,100
2020-12-27T00:00:00.000Z,104555,389034,4.18,0,4,0,0,0,0,0,0,0,0,0,100
2020-12-28T00:00:00.000Z,135004,524038,5.64,0,4,0,0,0,0,0,0,0,0,0,100
2020-12-29T00:00:00.000Z,156280,680318,7.32,2,6,0,0,0,0,0,0,0,0,0,100
2020-12-30T00:00:00.000Z,153136,833454,8.96,0,6,0,0,0,0,0,0,0,0,0,100
2020-12-31T00:00:00.000Z,158538,991992,10.67,0,6,0,0,0,0,0,0,0,0,0,100
2021-01-01T00:00:00.000Z,71410,1063402,11.44,0,6,0,0,0,0,0,0,0,0,0,100
2021-01-02T00:00:00.000Z,71719,1135121,12.21,0,6,0,0,0,0,0,0,0,0,0,100
2021-01-03T00:00:00.000Z,149719,1284840,13.82,0,6,0,0,0,0,0,0,0,0,0,100
2021-01-04T00:00:00.000Z,152164,1437004,15.45,1,7,0,0,0,0,0,0,0,0,0,100
2021-01-05T00:00:00.000Z,125166,1562170,16.8,3,10,0,0,0,0,0,0,0,0,0,100
2021-01-06T00:00:00.000Z,103320,1665490,17.91,2,12,0,0,0,0,0,0,0,0,0,100
2021-01-07T00:00:00.000Z,116013,1781503,19.16,9,21,0,0,0,0,0,0,0,0,0,100
2021-01-08T00:00:00.000Z,66434,1847937,19.87,4,25,0,0,0,0,0,0,0,0,0,100
2021-01-09T00:00:00.000Z,44530,1892467,20.35,24,49,0,0,0,0,0,0,0,0,0,100
2021-01-10T00:00:00.000Z,37628,1930095,20.76,5999,6048,0.07,0,0,0,0,0,0,0,0,100
2021-01-11T00:00:00.000Z,21155,1951250,20.98,19262,25310,0.27,0,0,0,0,0,0,0,0,100
2021-01-12T00:00:00.000Z,24057,1975307,21.24,35666,60976,0.66,0,0,0,0,0,0,0,0,100
2021-01-13T00:00:00.000Z,52049,2027356,21.8,56867,117843,1.27,0,0,0,0,0,0,0,0,100
2021-01-14T00:00:00.000Z,56449,2083805,22.41,68831,186674,2.01,0,0,0,0,0,0,0,0,100
2021-01-15T00:00:00.000Z,30754,2114559,22.74,35931,222605,2.39,0,0,0,0,0,0,0,0,100
2021-01-16T00:00:00.000Z,29465,2144024,23.06,26004,248609,2.67,0,0,0,0,0,0,0,0,100
2021-01-17T00:00:00.000Z,68418,2212442,23.79,84587,333196,3.58,0,0,0,0,0,0,0.31,0,99.69
2021-01-18T00:00:00.000Z,69785,2282227,24.54,120413,453609,4.88,0,0,0,0,0,0,0.58,0,99.42
2021-01-19T00:00:00.000Z,72867,2355094,25.33,137812,591421,6.36,0,0,0,0,0,0,1.09,0,98.91
2021-01-20T00:00:00.000Z,76882,2431976,26.15,143736,735157,7.91,0,0,0,0,0,0,1.9,0,98.1
2021-01-21T00:00:00.000Z,69972,2501948,26.9,164418,899575,9.67,0,0,0,0,0,0,2.88,0,97.12
2021-01-22T00:00:00.000Z,37908,2539856,27.31,71117,970692,10.44,0,0,0,0,0,0,3.39,0,96.61
2021-01-23T00:00:00.000Z,39960,2579816,27.74,53571,1024263,11.01,0,0,0,0,0,0,3.77,0,96.23
2021-01-24T00:00:00.000Z,69127,2648943,28.49,140675,1164938,12.53,0,0,0,0,0,0,4.96,0,95.04
2021-01-25T00:00:00.000Z,80928,2729871,29.36,139491,1304429,14.03,0,0,0,0,0,0,6.61,0,93.39
2021-01-26T00:00:00.000Z,78700,2808571,30.2,126399,1430828,15.39,0,0,0,0,0,0,8.45,0,91.55
2021-01-27T00:00:00.000Z,77948,2886519,31.04,125034,1555862,16.73,0,0,0,0,0,0,10.34,0,89.66
2021-01-28T00:00:00.000Z,79549,2966068,31.9,130593,1686455,18.14,0,0,0,0,0,0,12.43,0,87.57
2021-01-29T00:00:00.000Z,36681,3002749,32.29,64773,1751228,18.83,0,0,0,0,0,0,13.34,0,86.66
2021-01-30T00:00:00.000Z,34388,3037137,32.66,42753,1793981,19.29,0,0,0,0,0,0,14.02,0,85.98
2021-01-31T00:00:00.000Z,73314,3110451,33.45,59487,1853468,19.93,0,0,0,0,0,0,15.76,0,84.24
2021-02-01T00:00:00.000Z,82478,3192929,34.34,35339,1888807,20.31,0,0,0,0,0,0,17.48,0,82.52
2021-02-02T00:00:00.000Z,70075,3263004,35.09,31057,1919864,20.65,0,0,0,0,0,0,19.01,0,80.99
2021-02-03T00:00:00.000Z,60282,3323286,35.74,51425,1971289,21.2,0,0,0,0,0,0,20.47,0,79.53
2021-02-04T00:00:00.000Z,72602,3395888,36.52,58077,2029366,21.82,0,0,0,0,0,0,22,0,78
2021-02-05T00:00:00.000Z,33926,3429814,36.88,28790,2058156,22.13,0,0,0,0,0,0,22.75,0,77.25
2021-02-06T00:00:00.000Z,21611,3451425,37.11,22227,2080383,22.37,0,0,0,0,0,0,23.23,0,76.77
2021-02-07T00:00:00.000Z,54069,3505494,37.7,68721,2149104,23.11,0,0,0,0,0,0,23.99,0,76.01
2021-02-08T00:00:00.000Z,58621,3564115,38.33,65447,2214551,23.81,0,0,0,0,0,0,24.52,0,75.48
2021-02-09T00:00:00.000Z,66324,3630439,39.04,67555,2282106,24.54,0,0,0,0,0,0,25.04,0,74.96
2021-02-10T00:00:00.000Z,70546,3700985,39.8,72289,2354395,25.32,0,0,0,0,0,0,25.77,0,74.23
2021-02-11T00:00:00.000Z,81146,3782131,40.67,72087,2426482,26.09,0,0,0,0,0,0,26.61,0,73.39
2021-02-12T00:00:00.000Z,39088,3821219,41.09,37574,2464056,26.5,0,0,0,0,0,0,27.02,0,72.98
2021-02-13T00:00:00.000Z,27457,3848676,41.39,30432,2494488,26.82,0,0,0,0,0,0,27.33,0,72.67
2021-02-14T00:00:00.000Z,74904,3923580,42.19,69070,2563558,27.57,0,0,0,0,0,0,28.25,0,71.75
2021-02-15T00:00:00.000Z,81529,4005109,43.07,75691,2639249,28.38,0,0,0,0,0,0,29.17,0,70.83
2021-02-16T00:00:00.000Z,83406,4088515,43.97,78274,2717523,29.22,0,0,0,0,0,0,30.11,0,69.89
2021-02-17T00:00:00.000Z,61964,4150479,44.63,75615,2793138,30.04,0,0,0,0,0,0,31.01,0,68.99
2021-02-18T00:00:00.000Z,69141,4219620,45.38,79717,2872855,30.89,0,0,0,0,0,0,31.94,0,68.06
2021-02-19T00:00:00.000Z,39657,4259277,45.8,38140,2910995,31.3,0,0,0,0,0,0,32.45,0,67.55
2021-02-20T00:00:00.000Z,31645,4290922,46.14,28720,2939715,31.61,0,0,0,0,0,0,32.85,0,67.15
2021-02-21T00:00:00.000Z,79416,4370338,47,78428,3018143,32.46,0,0,0,0,0,0,33.8,0,66.2
2021-02-22T00:00:00.000Z,85043,4455381,47.91,80579,3098722,33.32,0,0,0,0,0,0,34.83,0,65.17
2021-02-23T00:00:00.000Z,77317,4532698,48.74,70465,3169187,34.08,0,0,0,0,0,0,35.84,0,64.16
2021-02-24T00:00:00.000Z,61054,4593752,49.4,63121,3232308,34.76,0,0,0,0,0,0,36.76,0,63.24
2021-02-25T00:00:00.000Z,51716,4645468,49.96,64787,3297095,35.46,0,0,0,0,0,0,37.66,0,62.34
2021-02-26T00:00:00.000Z,25899,4671367,50.23,32025,3329120,35.8,0,0,0,0,0,0,38.1,0,61.9
2021-02-27T00:00:00.000Z,18342,4689709,50.43,21193,3350313,36.03,0,0,0,0,0,0,38.42,0,61.58
2021-02-28T00:00:00.000Z,40348,4730057,50.86,55862,3406175,36.63,0,0,0,0,0,0,39.24,0,60.76
2021-03-01T00:00:00.000Z,45721,4775778,51.36,61426,3467601,37.29,0,0,0,0,0,0,40.1,0,59.9
2021-03-02T00:00:00.000Z,41180,4816958,51.8,64776,3532377,37.99,0,0,0,0,0,0,40.85,0,59.15
2021-03-03T00:00:00.000Z,42015,4858973,52.25,66762,3599139,38.7,0,0,0,0,0,0,41.55,0,58.45
2021-03-04T00:00:00.000Z,39691,4898664,52.68,79102,3678241,39.55,0,0,0,0,0,0,42.24,0,57.76
2021-03-05T00:00:00.000Z,17346,4916010,52.86,40453,3718694,39.99,0,0,0,0,0,0,42.57,0,57.43
2021-03-06T00:00:00.000Z,10710,4926720,52.98,25342,3744036,40.26,0,0,0,0,0,0,42.78,0,57.22
2021-03-07T00:00:00.000Z,31139,4957859,53.31,72835,3816871,41.04,0,0,0,0,0,0,43.36,0,56.64
2021-03-08T00:00:00.000Z,27369,4985228,53.61,73277,3890148,41.83,0,0,0,0,0,0,43.97,0,56.03
2021-03-09T00:00:00.000Z,26736,5011964,53.9,76586,3966734,42.66,0,0,0,0,0,0,44.62,0,55.38
2021-03-10T00:00:00.000Z,23345,5035309,54.15,58671,4025405,43.29,0,0,0,0,0,0,45.27,0,54.73
2021-03-11T00:00:00.000Z,23294,5058603,54.4,69078,4094483,44.03,0,0,0,0,0,0,45.99,0,54.01
2021-03-12T00:00:00.000Z,11275,5069878,54.52,41402,4135885,44.48,0,0,0,0,0,0,46.34,0,53.66
2021-03-13T00:00:00.000Z,7940,5077818,54.6,25235,4161120,44.75,0,0,0,0,0,0,46.57,0,53.43
2021-03-14T00:00:00.000Z,20973,5098791,54.83,73925,4235045,45.54,0,0,0,0,0,0,47.2,0,52.8
2021-03-15T00:00:00.000Z,20131,5118922,55.05,78264,4313309,46.38,0,0,0,0,0,0,47.81,0,52.19
2021-03-16T00:00:00.000Z,18737,5137659,55.25,71468,4384777,47.15,0,0,0,0,0,0,48.43,0,51.57
2021-03-17T00:00:00.000Z,17687,5155346,55.44,58993,4443770,47.79,0,0,0,0,0,0,48.92,0,51.08
2021-03-18T00:00:00.000Z,16034,5171380,55.61,58120,4501890,48.41,0,0,0,0,0,0,49.45,0,50.55
2021-03-19T00:00:00.000Z,6938,5178318,55.69,27969,4529859,48.71,0,0,0,0,0,0,49.75,0,50.25
2021-03-20T00:00:00.000Z,5216,5183534,55.74,15290,4545149,48.88,0,0,0,0,0,0,49.93,0,50.07
2021-03-21T00:00:00.000Z,13155,5196689,55.88,40495,4585644,49.31,0,0,0,0,0,0,50.46,0,49.54
2021-03-22T00:00:00.000Z,13563,5210252,56.03,40526,4626170,49.75,0,0,0,0,0,0,51,0,49
2021-03-23T00:00:00.000Z,2826,5213078,56.06,7287,4633457,49.83,0,0,0,0,0,0,51.43,0,48.57
2021-03-24T00:00:00.000Z,10986,5224064,56.18,46543,4680000,50.33,0,0,0,0,0,0,51.84,0,48.16
2021-03-25T00:00:00.000Z,10237,5234301,56.29,35415,4715415,50.71,0,0,0,0,0,0,52.22,0,47.78
2021-03-26T00:00:00.000Z,4174,5238475,56.33,13324,4728739,50.85,0,0,0,0,0,0,52.4,0,47.6
2021-03-27T00:00:00.000Z,1778,5240253,56.35,4264,4733003,50.9,0,0,0,0,0,0,52.5,0,47.5
2021-03-28T00:00:00.000Z,2099,5242352,56.37,4601,4737604,50.95,0,0,0,0,0,0,52.74,0,47.26
2021-03-29T00:00:00.000Z,6895,5249247,56.45,30005,4767609,51.27,0,0,0,0,0,0,53,0,47
2021-03-30T00:00:00.000Z,7872,5257119,56.53,22437,4790046,51.51,0,0,0,0,0,0,53.08,0,46.92
2021-03-31T00:00:00.000Z,8135,5265254,56.62,19476,4809522,51.72,0,0,0,0,0,0,53.38,0,46.62
2021-04-01T00:00:00.000Z,8187,5273441,56.71,18685,4828207,51.92,0,0,0,0,0,0,53.62,0,46.38
2021-04-02T00:00:00.000Z,2917,5276358,56.74,8122,4836329,52.01,0,0,0,0,0,0,53.71,0,46.29
2021-04-03T00:00:00.000Z,1423,5277781,56.75,2969,4839298,52.04,0,0,0,0,0,0,53.74,0,46.26
2021-04-04T00:00:00.000Z,9611,5287392,56.86,22823,4862121,52.28,0,0,0,0,0,0,53.82,0,46.18
2021-04-05T00:00:00.000Z,10341,5297733,56.97,21263,4883384,52.51,0,0,0,0,0,0,54.04,0,45.96
2021-04-06T00:00:00.000Z,9005,5306738,57.07,16777,4900161,52.69,0,0,0,0,0,0,54.21,0,45.79
2021-04-07T00:00:00.000Z,8902,5315640,57.16,15292,4915453,52.86,0,0,0,0,0,0,54.36,0,45.64
2021-04-08T00:00:00.000Z,9404,5325044,57.26,16993,4932446,53.04,0,0,0,0,0,0,54.52,0,45.48
2021-04-09T00:00:00.000Z,3589,5328633,57.3,6234,4938680,53.11,0,0,0,0,0,0,54.58,0,45.42
2021-04-10T00:00:00.000Z,1626,5330259,57.32,3512,4942192,53.15,0,0,0,0,0,0,54.61,0,45.39
2021-04-11T00:00:00.000Z,9025,5339284,57.42,14238,4956430,53.3,0,0,0,0,0,0,54.78,0,45.22
2021-04-12T00:00:00.000Z,8924,5348208,57.51,13218,4969648,53.44,0,0,0,0,0,0,54.95,0,45.05
2021-04-13T00:00:00.000Z,5827,5354035,57.57,4940,4974588,53.49,0,0,0,0,0,0,55.08,0,44.92
2021-04-14T00:00:00.000Z,3634,5357669,57.61,5292,4979880,53.55,0,0,0,0,0,0,55.18,0,44.82
2021-04-15T00:00:00.000Z,680,5358349,57.62,566,4980446,53.56,0,0,0,0,0,0,55.27,0,44.73
2021-04-16T00:00:00.000Z,3399,5361748,57.66,6633,4987079,53.63,0,0,0,0,0,0,55.33,0,44.67
2021-04-17T00:00:00.000Z,809,5362557,57.67,1967,4989046,53.65,0,0,0,0,0,0,55.35,0,44.65
2021-04-18T00:00:00.000Z,7089,5369646,57.74,7426,4996472,53.73,0,0,0,0,0,0,55.47,0,44.53
2021-04-19T00:00:00.000Z,6389,5376035,57.81,7107,5003579,53.81,0,0,0,0,0,0,55.58,0,44.42
2021-04-20T00:00:00.000Z,6267,5382302,57.88,6868,5010447,53.88,0,0,0,0,0,0,55.65,0,44.35
2021-04-21T00:00:00.000Z,6363,5388665,57.95,7087,5017534,53.96,0,0,0,0,0,0,55.71,0,44.29
2021-04-22T00:00:00.000Z,5928,5394593,58.01,7673,5025207,54.04,0,0,0,0,0,0,55.75,0,44.25
2021-04-23T00:00:00.000Z,2747,5397340,58.04,3370,5028577,54.07,0,0,0,0,0,0,55.8,0,44.2
2021-04-24T00:00:00.000Z,762,5398102,58.05,1282,5029859,54.09,0,0,0,0,0,0,55.82,0,44.18
2021-04-25T00:00:00.000Z,4823,5402925,58.1,6912,5036771,54.16,0,0,0,0,0,0,55.89,0,44.11
2021-04-26T00:00:00.000Z,5467,5408392,58.16,7875,5044646,54.25,0,0,0,0,0,0,55.96,0,44.04
2021-04-27T00:00:00.000Z,4494,5412886,58.21,6612,5051258,54.32,0,0,0,0,0,0,56.03,0,43.97
2021-04-28T00:00:00.000Z,4476,5417362,58.26,7298,5058556,54.4,0,0,0,0,0,0,56.09,0,43.91
2021-04-29T00:00:00.000Z,4354,5421716,58.3,7273,5065829,54.48,0,0,0,0,0,0,56.16,0,43.84
2021-04-30T00:00:00.000Z,1910,5423626,58.32,3177,5069006,54.51,0,0,0,0,0,0,56.19,0,43.81
2021-05-01T00:00:00.000Z,452,5424078,58.33,890,5069896,54.52,0,0,0,0,0,0,56.2,0,43.8
2021-05-02T00:00:00.000Z,3218,5427296,58.36,6078,5075974,54.58,0,0,0,0,0,0,56.26,0,43.74
2021-05-03T00:00:00.000Z,3535,5430831,58.4,5810,5081784,54.65,0,0,0,0,0,0,56.32,0,43.68
2021-05-04T00:00:00.000Z,3572,5434403,58.44,4712,5086496,54.7,0,0,0,0,0,0,56.38,0,43.62
2021-05-05T00:00:00.000Z,3275,5437678,58.47,4074,5090570,54.74,0,0,0,0,0,0,56.44,0,43.56
2021-05-06T00:00:00.000Z,3629,5441307,58.51,3133,5093703,54.78,0,0,0,0,0,0,56.5,0,43.5
2021-05-07T00:00:00.000Z,1817,5443124,58.53,2491,5096194,54.8,0,0,0,0,0,0,56.52,0,43.48
2021-05-08T00:00:00.000Z,232,5443356,58.54,497,5096691,54.81,0,0,0,0,0,0,56.53,0,43.47
2021-05-09T00:00:00.000Z,2841,5446197,58.57,4743,5101434,54.86,0,0,0,0,0,0,56.58,0,43.42
2021-05-10T00:00:00.000Z,2887,5449084,58.6,4694,5106128,54.91,0,0,0,0,0,0,56.63,0,43.37
2021-05-11T00:00:00.000Z,2612,5451696,58.62,3865,5109993,54.95,0,0,0,0,0,0,56.67,0,43.33
2021-05-12T00:00:00.000Z,2014,5453710,58.65,3324,5113317,54.99,0,0,0,0,0,0,56.7,0,43.3
2021-05-13T00:00:00.000Z,2030,5455740,58.67,3666,5116983,55.03,0,0,0,0,0,0,56.73,0,43.27
2021-05-14T00:00:00.000Z,962,5456702,58.68,1479,5118462,55.04,0,0,0,0,0,0,56.75,0,43.25
2021-05-15T00:00:00.000Z,243,5456945,58.68,251,5118713,55.04,0,0,0,0,0,0,56.75,0,43.25
2021-05-16T00:00:00.000Z,526,5457471,58.69,1200,5119913,55.06,0,0,0,0,0,0,56.78,0,43.22
2021-05-17T00:00:00.000Z,288,5457759,58.69,833,5120746,55.07,0,0,0,0,0,0,56.81,0,43.19
2021-05-18T00:00:00.000Z,1949,5459708,58.71,4924,5125670,55.12,0,0,0,0,0,0,56.84,0,43.16
2021-05-19T00:00:00.000Z,2212,5461920,58.73,5029,5130699,55.17,0,0,0,0,0,0,56.87,0,43.13
2021-05-20T00:00:00.000Z,2301,5464221,58.76,3866,5134565,55.21,0,0,0,0,0,0,56.9,0,43.1
2021-05-21T00:00:00.000Z,1174,5465395,58.77,1392,5135957,55.23,0,0,0,0,0,0,56.92,0,43.08
2021-05-22T00:00:00.000Z,204,5465599,58.77,387,5136344,55.23,0,0,0,0,0,0,56.92,0,43.08
2021-05-23T00:00:00.000Z,2267,5467866,58.8,3212,5139556,55.27,0,0,0,0,0,0,56.94,0,43.06
2021-05-24T00:00:00.000Z,2114,5469980,58.82,3588,5143144,55.31,0,0,0,0,0,0,56.96,0,43.04
2021-05-25T00:00:00.000Z,1810,5471790,58.84,2576,5145720,55.33,0,0,0,0,0,0,56.99,0,43.01
2021-05-26T00:00:00.000Z,1394,5473184,58.86,2491,5148211,55.36,0,0,0,0,0,0,57.03,0,42.97
2021-05-27T00:00:00.000Z,1831,5475015,58.88,3174,5151385,55.4,0,0,0,0,0,0,57.06,0,42.94
2021-05-28T00:00:00.000Z,767,5475782,58.88,1394,5152779,55.41,0,0,0,0,0,0,57.07,0,42.93
2021-05-29T00:00:00.000Z,177,5475959,58.89,222,5153001,55.41,0,0,0,0,0,0,57.07,0,42.93
2021-05-30T00:00:00.000Z,1630,5477589,58.9,1925,5154926,55.43,0,0,0,0,0,0,57.1,0,42.9
2021-05-31T00:00:00.000Z,1717,5479306,58.92,2085,5157011,55.46,0,0,0,0,0,0,57.13,0,42.87
2021-06-01T00:00:00.000Z,1360,5480666,58.94,1812,5158823,55.48,0,0,0,0,0,0,57.47,0,42.53
2021-06-02T00:00:00.000Z,1492,5482158,58.95,1598,5160421,55.49,0,0,0,0,0,0,57.25,0,42.75
2021-06-03T00:00:00.000Z,1667,5483825,58.97,1479,5161900,55.51,0,0,0,0,0,0,57.27,0,42.73
2021-06-04T00:00:00.000Z,1076,5484901,58.98,767,5162667,55.52,0,0,0,0,0,0,57.28,0,42.72
2021-06-05T00:00:00.000Z,178,5485079,58.98,153,5162820,55.52,0,0,0,0,0,0,57.29,0,42.71
2021-06-06T00:00:00.000Z,4277,5489356,59.03,997,5163817,55.53,0,0,0,0,0,0,57.31,0,42.69
2021-06-07T00:00:00.000Z,4420,5493776,59.08,802,5164619,55.54,0,0,0,0,0,0,57.34,0,42.66
2021-06-08T00:00:00.000Z,3726,5497502,59.12,1158,5165777,55.55,0,0,0,0,0,0,57.36,0,42.64
2021-06-09T00:00:00.000Z,3598,5501100,59.16,1309,5167086,55.56,0,0,0,0,0,0,57.4,0,42.6
2021-06-10T00:00:00.000Z,3344,5504444,59.19,1285,5168371,55.58,0,0,0,0,0,0,57.42,0,42.58
2021-06-11T00:00:00.000Z,1378,5505822,59.21,572,5168943,55.58,0,0,0,0,0,0,57.43,0,42.57
2021-06-12T00:00:00.000Z,210,5506032,59.21,165,5169108,55.59,0,0,0,0,0,0,57.43,0,42.57
2021-06-13T00:00:00.000Z,3093,5509125,59.24,1251,5170359,55.6,0,0,0,0,0,0,57.45,0,42.55
2021-06-14T00:00:00.000Z,3043,5512168,59.28,1519,5171878,55.62,0,0,0,0,0,0,57.46,0,42.54
2021-06-15T00:00:00.000Z,3127,5515295,59.31,1359,5173237,55.63,0,0,0,0,0,0,57.48,0,42.52
2021-06-16T00:00:00.000Z,2710,5518005,59.34,986,5174223,55.64,0,0,0,0,0,0,57.49,0,42.51
2021-06-17T00:00:00.000Z,2715,5520720,59.37,1186,5175409,55.65,0,0,0,0,0,0,57.51,0,42.49
2021-06-18T00:00:00.000Z,1252,5521972,59.38,488,5175897,55.66,0,0,0,0,0,0,57.52,0,42.48
2021-06-19T00:00:00.000Z,228,5522200,59.38,135,5176032,55.66,0,0,0,0,0,0,57.52,0,42.48
2021-06-20T00:00:00.000Z,3308,5525508,59.42,1325,5177357,55.67,0,0,0,0,0,0,57.54,0,42.46
2021-06-21T00:00:00.000Z,5231,5530739,59.47,1199,5178556,55.69,0,0,0,0,0,0,57.56,0,42.44
2021-06-22T00:00:00.000Z,6911,5537650,59.55,1089,5179645,55.7,0,0,0,0,0,0,57.58,0,42.42
2021-06-23T00:00:00.000Z,10723,5548373,59.66,1282,5180927,55.71,0,0,0,0,0,0,57.6,0,42.4
2021-06-24T00:00:00.000Z,12020,5560393,59.79,1450,5182377,55.73,0,0,0,0,0,0,57.62,0,42.38
2021-06-25T00:00:00.000Z,7088,5567481,59.87,925,5183302,55.74,0,0,0,0,0,0,57.62,0,42.38
2021-06-26T00:00:00.000Z,2260,5569741,59.89,190,5183492,55.74,0,0,0,0,0,0,57.63,0,42.37
2021-06-27T00:00:00.000Z,13618,5583359,60.04,3431,5186923,55.78,0,0,0,0,0,0,57.65,0,42.35
2021-06-28T00:00:00.000Z,14502,5597861,60.2,3664,5190587,55.82,0,0,0,0,0,0,57.68,0,42.32
2021-06-29T00:00:00.000Z,16693,5614554,60.38,3723,5194310,55.86,0,0,0,0,0,0,57.69,0,42.31
2021-06-30T00:00:00.000Z,16465,5631019,60.55,3382,5197692,55.89,0,0,0,0,0,0,57.72,0,42.28
2021-07-01T00:00:00.000Z,16801,5647820,60.73,3360,5201052,55.93,95,95,0,0,0,0,57.78,0,42.22
2021-07-02T00:00:00.000Z,9821,5657641,60.84,1583,5202635,55.95,6,101,0,0,0,0,57.79,0,42.21
2021-07-03T00:00:00.000Z,2662,5660303,60.87,293,5202928,55.95,1,102,0,0,0,0,57.79,0,42.21
2021-07-04T00:00:00.000Z,17721,5678024,61.06,3152,5206080,55.98,1,103,0,0,0,0,57.85,0,42.15
2021-07-05T00:00:00.000Z,17839,5695863,61.25,3033,5209113,56.02,6,109,0,0,0,0,57.91,0,42.09
2021-07-06T00:00:00.000Z,17826,5713689,61.44,3396,5212509,56.05,10,119,0,0,0,0,57.99,0,42.01
2021-07-07T00:00:00.000Z,15507,5729196,61.61,2684,5215193,56.08,12,131,0,0,0,0,58.05,0,41.95
2021-07-08T00:00:00.000Z,16570,5745766,61.79,2859,5218052,56.11,17,148,0,0,0,0,58.12,0,41.88
2021-07-09T00:00:00.000Z,11113,5756879,61.91,1518,5219570,56.13,3,151,0,0,0,0,58.15,0,41.85
2021-07-10T00:00:00.000Z,4973,5761852,61.96,376,5219946,56.13,5,156,0,0,0,0,58.15,0,41.85
2021-07-11T00:00:00.000Z,1453,5763305,61.98,2842,5222788,56.16,6,162,0,0,0,0,58.22,0,41.78
2021-07-12T00:00:00.000Z,2409,5765714,62,3671,5226459,56.2,52,214,0,0,0,0,58.29,0,41.71
2021-07-13T00:00:00.000Z,2945,5768659,62.03,5442,5231901,56.26,124,338,0,0,0,0,58.36,0,41.64
2021-07-14T00:00:00.000Z,2729,5771388,62.06,7503,5239404,56.34,441,779,0.01,0,0,0,58.42,0,41.58
2021-07-15T00:00:00.000Z,2980,5774368,62.09,9270,5248674,56.44,374,1153,0.01,0,0,0,58.5,0,41.5
2021-07-16T00:00:00.000Z,1269,5775637,62.11,5871,5254545,56.5,65,1218,0.01,0,0,0,58.54,0,41.46
2021-07-17T00:00:00.000Z,356,5775993,62.11,1382,5255927,56.52,7,1225,0.01,0,0,0,58.55,0,41.44
2021-07-18T00:00:00.000Z,2055,5778048,62.13,9763,5265690,56.62,235,1460,0.02,0,0,0,58.6,0,41.4
2021-07-19T00:00:00.000Z,3192,5781240,62.17,11331,5277021,56.75,460,1920,0.02,0,0,0,58.65,0,41.35
2021-07-20T00:00:00.000Z,2667,5783907,62.2,11892,5288913,56.87,371,2291,0.02,0,0,0,58.72,0,41.28
2021-07-21T00:00:00.000Z,2378,5786285,62.22,11858,5300771,57,323,2614,0.03,0,0,0,58.81,0,41.19
2021-07-22T00:00:00.000Z,2858,5789143,62.25,13243,5314014,57.14,391,3005,0.03,0,0,0,58.93,0,41.07
2021-07-23T00:00:00.000Z,2016,5791159,62.28,8219,5322233,57.23,105,3110,0.03,0,0,0,58.99,0,41.01
2021-07-24T00:00:00.000Z,630,5791789,62.28,1470,5323703,57.25,6,3116,0.03,0,0,0,58.99,0,41
2021-07-25T00:00:00.000Z,4410,5796199,62.33,15480,5339183,57.41,223,3339,0.04,0,0,0,59.1,0,40.89
2021-07-26T00:00:00.000Z,5151,5801350,62.38,13511,5352694,57.56,322,3661,0.04,0,0,0,59.24,0,40.75
2021-07-27T00:00:00.000Z,5476,5806826,62.44,13548,5366242,57.71,413,4074,0.04,0,0,0,59.37,0.01,40.62
2021-07-28T00:00:00.000Z,3976,5810802,62.49,12321,5378563,57.84,471,4545,0.05,0,0,0,59.5,0.01,40.49
2021-07-29T00:00:00.000Z,4644,5815446,62.54,14167,5392730,57.99,529,5074,0.05,0,0,0,59.65,0.01,40.33
2021-07-30T00:00:00.000Z,2640,5818086,62.56,10837,5403567,58.11,4117,9191,0.1,0,0,0,59.74,0.02,40.25
2021-07-31T00:00:00.000Z,1396,5819482,62.58,3541,5407108,58.15,6157,15348,0.17,0,0,0,59.75,0.02,40.23
2021-08-01T00:00:00.000Z,3068,5822550,62.61,3352,5410460,58.18,31042,46390,0.5,0,0,0,59.91,0.02,40.06
2021-08-02T00:00:00.000Z,3114,5825664,62.65,3157,5413617,58.22,58503,104893,1.13,0,0,0,60.06,0.03,39.91
2021-08-03T00:00:00.000Z,3376,5829040,62.68,3303,5416920,58.25,78949,183842,1.98,0,0,0,60.21,0.03,39.76
2021-08-04T00:00:00.000Z,3511,5832551,62.72,3238,5420158,58.29,80758,264600,2.85,0,0,0,60.34,0.03,39.63
2021-08-05T00:00:00.000Z,4495,5837046,62.77,3555,5423713,58.32,88437,353037,3.8,0,0,0,60.49,0.04,39.47
2021-08-06T00:00:00.000Z,2411,5839457,62.79,1836,5425549,58.34,44738,397775,4.28,0,0,0,60.6,0.04,39.36
2021-08-07T00:00:00.000Z,1018,5840475,62.81,671,5426220,58.35,27348,425123,4.57,0,0,0,60.63,0.04,39.32
2021-08-08T00:00:00.000Z,4992,5845467,62.86,3065,5429285,58.38,80080,505203,5.43,0,0,0,60.68,0.04,39.28
2021-08-09T00:00:00.000Z,5330,5850797,62.92,3039,5432324,58.42,76481,581684,6.26,0,0,0,60.72,0.04,39.24
2021-08-10T00:00:00.000Z,5539,5856336,62.98,3181,5435505,58.45,75418,657102,7.07,0,0,0,60.75,0.04,39.2
2021-08-11T00:00:00.000Z,5679,5862015,63.04,2932,5438437,58.48,62628,719730,7.74,0,0,0,60.79,0.04,39.17
2021-08-12T00:00:00.000Z,7015,5869030,63.11,3274,5441711,58.52,59456,779186,8.38,0,0,0,60.83,0.04,39.12
2021-08-13T00:00:00.000Z,3799,5872829,63.15,2053,5443764,58.54,43862,823048,8.85,0,0,0,60.84,0.05,39.11
2021-08-14T00:00:00.000Z,2246,5875075,63.18,845,5444609,58.55,44479,867527,9.33,0,0,0,60.85,0.05,39.1
2021-08-15T00:00:00.000Z,7150,5882225,63.25,4521,5449130,58.6,97960,965487,10.38,0,0,0,60.89,0.05,39.06
2021-08-16T00:00:00.000Z,6974,5889199,63.33,4731,5453861,58.65,89508,1054995,11.34,0,0,0,60.92,0.04,39.03
2021-08-17T00:00:00.000Z,7571,5896770,63.41,5121,5458982,58.7,83299,1138294,12.24,0,0,0,60.96,0.04,39
2021-08-18T00:00:00.000Z,8629,5905399,63.5,4598,5463580,58.75,69250,1207544,12.99,0,0,0,60.99,0.04,38.96
2021-08-19T00:00:00.000Z,10069,5915468,63.61,5199,5468779,58.81,65961,1273505,13.69,0,0,0,61.03,0.04,38.92
2021-08-20T00:00:00.000Z,4753,5920221,63.66,2799,5471578,58.84,60436,1333941,14.34,0,0,0,61.05,0.05,38.9
2021-08-21T00:00:00.000Z,3493,5923714,63.7,1566,5473144,58.86,50711,1384652,14.89,0,0,0,61.06,0.05,38.89
2021-08-22T00:00:00.000Z,9830,5933544,63.81,4788,5477932,58.91,105080,1489732,16.02,0,0,0,61.12,0.04,38.84
2021-08-23T00:00:00.000Z,10931,5944475,63.92,4430,5482362,58.95,93990,1583722,17.03,0,0,0,61.17,0.04,38.79
2021-08-24T00:00:00.000Z,11723,5956198,64.05,4694,5487056,59.01,98508,1682230,18.09,0,0,0,61.23,0.04,38.73
2021-08-25T00:00:00.000Z,9612,5965810,64.15,4470,5491526,59.05,99483,1781713,19.16,0,0,0,61.29,0.04,38.67
2021-08-26T00:00:00.000Z,10106,5975916,64.26,5037,5496563,59.11,101170,1882883,20.25,0,0,0,61.36,0.03,38.61
2021-08-27T00:00:00.000Z,4319,5980235,64.31,2774,5499337,59.14,56672,1939555,20.86,0,0,0,61.35,0.04,38.61
2021-08-28T00:00:00.000Z,3693,5983928,64.35,1487,5500824,59.15,33522,1973077,21.22,0,0,0,61.4,0.04,38.57
2021-08-29T00:00:00.000Z,10340,5994268,64.46,5932,5506756,59.22,79485,2052562,22.07,0,0,0,61.46,0.03,38.5
2021-08-30T00:00:00.000Z,12340,6006608,64.59,7005,5513761,59.29,115964,2168526,23.32,0,0,0,61.53,0.03,38.44
2021-08-31T00:00:00.000Z,12080,6018688,64.72,6509,5520270,59.36,114827,2283353,24.55,0,0,0,61.6,0.03,38.37
2021-09-01T00:00:00.000Z,9044,6027732,64.82,6009,5526279,59.43,112445,2395798,25.76,0,0,0,61.43,0.03,38.54
2021-09-02T00:00:00.000Z,8792,6036524,64.91,7163,5533442,59.5,111490,2507288,26.96,0,0,0,61.49,0.03,38.48
2021-09-03T00:00:00.000Z,3745,6040269,64.95,4096,5537538,59.55,58869,2566157,27.6,0,0,0,61.56,0.03,38.42
2021-09-04T00:00:00.000Z,2692,6042961,64.98,2011,5539549,59.57,29935,2596092,27.92,0,0,0,61.59,0.03,38.38
2021-09-05T00:00:00.000Z,7002,6049963,65.06,6450,5545999,59.64,73300,2669392,28.71,0,0,0,61.68,0.03,38.29
2021-09-06T00:00:00.000Z,2823,6052786,65.09,2694,5548693,59.67,22785,2692177,28.95,0,0,0,61.77,0.03,38.2
2021-09-07T00:00:00.000Z,1189,6053975,65.1,867,5549560,59.68,5390,2697567,29.01,0,0,0,61.85,0.03,38.12
2021-09-08T00:00:00.000Z,1373,6055348,65.12,1177,5550737,59.69,6614,2704181,29.08,0,0,0,61.93,0.03,38.05
2021-09-09T00:00:00.000Z,7092,6062440,65.19,12553,5563290,59.82,73820,2778001,29.87,0,0,0,62.02,0.03,37.95
2021-09-10T00:00:00.000Z,3252,6065692,65.23,4991,5568281,59.88,37921,2815922,30.28,0,0,0,62.06,0.03,37.91
2021-09-11T00:00:00.000Z,2104,6067796,65.25,2495,5570776,59.91,14806,2830728,30.44,0,0,0,62.08,0.03,37.89
2021-09-12T00:00:00.000Z,6114,6073910,65.32,8584,5579360,60,54103,2884831,31.02,0,0,0,62.16,0.03,37.81
2021-09-13T00:00:00.000Z,5609,6079519,65.38,8248,5587608,60.09,47953,2932784,31.54,0,0,0,62.15,0.03,37.82
2021-09-14T00:00:00.000Z,4956,6084475,65.43,7410,5595018,60.17,48831,2981615,32.06,0,0,0,62.2,0.03,37.77
2021-09-15T00:00:00.000Z,1741,6086216,65.45,2702,5597720,60.2,16676,2998291,32.24,0,0,0,62.25,0.03,37.72
2021-09-16T00:00:00.000Z,337,6086553,65.45,539,5598259,60.2,1741,3000032,32.26,0,0,0,62.37,0.03,37.6
2021-09-17T00:00:00.000Z,3675,6090228,65.49,7008,5605267,60.28,42882,3042914,32.72,0,0,0,62.42,0.03,37.54
2021-09-18T00:00:00.000Z,2251,6092479,65.52,2935,5608202,60.31,12780,3055694,32.86,0,0,0,62.45,0.03,37.52
2021-09-19T00:00:00.000Z,5946,6098425,65.58,10702,5618904,60.42,44314,3100008,33.34,0,0,0,62.55,0.03,37.42
2021-09-20T00:00:00.000Z,3236,6101661,65.61,4630,5623534,60.47,16691,3116699,33.52,0,0,0,62.63,0.03,37.34
2021-09-21T00:00:00.000Z,1330,6102991,65.63,2043,5625577,60.49,3471,3120170,33.55,0,0,0,62.69,0.03,37.28
2021-09-22T00:00:00.000Z,4252,6107243,65.67,7236,5632813,60.57,25058,3145228,33.82,0,0,0,62.72,0.03,37.25
2021-09-23T00:00:00.000Z,4384,6111627,65.72,5896,5638709,60.64,27819,3173047,34.12,0,0,0,62.75,0.03,37.22
2021-09-24T00:00:00.000Z,3199,6114826,65.76,4177,5642886,60.68,27708,3200755,34.42,0,0,0,62.82,0.03,37.15
2021-09-25T00:00:00.000Z,2074,6116900,65.78,2249,5645135,60.7,10433,3211188,34.53,0,0,0,62.85,0.03,37.12
2021-09-26T00:00:00.000Z,5612,6122512,65.84,5965,5651100,60.77,36249,3247437,34.92,0,0,0,62.96,0.03,37
2021-09-27T00:00:00.000Z,4694,6127206,65.89,4453,5655553,60.82,30437,3277874,35.25,0,0,0,63.02,0.03,36.94
2021-09-28T00:00:00.000Z,1463,6128669,65.9,1173,5656726,60.83,6243,3284117,35.32,0,0,0,63.06,0.04,36.91
2021-09-29T00:00:00.000Z,9624,6138293,66.01,8335,5665061,60.92,60303,3344420,35.96,0,0,0,63.13,0.03,36.84
2021-09-30T00:00:00.000Z,10961,6149254,66.13,8562,5673623,61.01,79683,3424103,36.82,0,0,0,63.18,0.03,36.79
2021-10-01T00:00:00.000Z,5116,6154370,66.18,3861,5677484,61.05,46517,3470620,37.32,0,0,0,63.23,0.03,36.73
2021-10-02T00:00:00.000Z,2861,6157231,66.21,2119,5679603,61.08,22418,3493038,37.56,0,0,0,63.26,0.03,36.71
2021-10-03T00:00:00.000Z,11667,6168898,66.34,7261,5686864,61.15,70713,3563751,38.32,0,0,0,63.35,0.03,36.62
2021-10-04T00:00:00.000Z,10316,6179214,66.45,6742,5693606,61.23,51882,3615633,38.88,0,0,0,63.4,0.03,36.57
2021-10-05T00:00:00.000Z,8448,6187662,66.54,5297,5698903,61.28,40463,3656096,39.32,0,0,0,63.41,0.03,36.55
2021-10-06T00:00:00.000Z,7540,6195202,66.62,4168,5703071,61.33,34113,3690209,39.68,0,0,0,63.52,0.03,36.45
2021-10-07T00:00:00.000Z,6885,6202087,66.69,3993,5707064,61.37,34036,3724245,40.05,0,0,0,63.63,0.03,36.34
2021-10-08T00:00:00.000Z,3086,6205173,66.73,2629,5709693,61.4,19226,3743471,40.26,0,0,0,63.68,0.03,36.29
2021-10-09T00:00:00.000Z,1335,6206508,66.74,1432,5711125,61.41,7431,3750902,40.34,0,0,0,63.71,0.03,36.26
2021-10-10T00:00:00.000Z,4675,6211183,66.79,3738,5714863,61.45,21502,3772404,40.57,0,0,0,63.82,0.04,36.14
2021-10-11T00:00:00.000Z,4291,6215474,66.84,2932,5717795,61.49,17254,3789658,40.75,0,0,0,63.91,0.04,36.05
2021-10-12T00:00:00.000Z,3968,6219442,66.88,2991,5720786,61.52,15346,3805004,40.92,0,0,0,63.99,0.05,35.96
2021-10-13T00:00:00.000Z,3482,6222924,66.92,2440,5723226,61.54,13564,3818568,41.06,0,0,0,64.09,0.05,35.86
2021-10-14T00:00:00.000Z,3866,6226790,66.96,2674,5725900,61.57,16546,3835114,41.24,0,0,0,64.19,0.06,35.75
2021-10-15T00:00:00.000Z,1693,6228483,66.98,1672,5727572,61.59,8994,3844108,41.34,0,0,0,64.23,0.07,35.7
2021-10-16T00:00:00.000Z,728,6229211,66.99,943,5728515,61.6,4029,3848137,41.38,0,0,0,64.25,0.08,35.67
2021-10-17T00:00:00.000Z,3089,6232300,67.02,2517,5731032,61.63,12781,3860918,41.52,0,0,0,64.36,0.09,35.56
2021-10-18T00:00:00.000Z,2454,6234754,67.05,1673,5732705,61.65,10053,3870971,41.63,0,0,0,64.43,0.1,35.47
2021-10-19T00:00:00.000Z,2386,6237140,67.07,1273,5733978,61.66,9279,3880250,41.73,0,0,0,64.49,0.1,35.4
2021-10-20T00:00:00.000Z,2429,6239569,67.1,2286,5736264,61.69,10079,3890329,41.83,0,0,0,64.14,0.52,35.34
2021-10-21T00:00:00.000Z,3025,6242594,67.13,3081,5739345,61.72,12142,3902471,41.97,0,0,0,54.23,10.41,35.36
2021-10-22T00:00:00.000Z,1272,6243866,67.14,1421,5740766,61.73,5812,3908283,42.03,0,0,0,54.36,10.26,35.38
2021-10-23T00:00:00.000Z,562,6244428,67.15,1258,5742024,61.75,2559,3910842,42.06,0,0,0,54.42,10.19,35.39
2021-10-24T00:00:00.000Z,2511,6246939,67.18,2650,5744674,61.78,9843,3920685,42.16,0,0,0,54.22,10.43,35.35
2021-10-25T00:00:00.000Z,2627,6249566,67.2,2733,5747407,61.8,8494,3929179,42.25,0,0,0,54.59,10.22,35.19
2021-10-26T00:00:00.000Z,2370,6251936,67.23,2039,5749446,61.83,8505,3937684,42.34,0,0,0,54.64,10.26,35.1
2021-10-27T00:00:00.000Z,2288,6254224,67.25,2549,5751995,61.85,7937,3945621,42.43,0,0,0,54.58,10.37,35.06
2021-10-28T00:00:00.000Z,2491,6256715,67.28,2759,5754754,61.88,8649,3954270,42.52,0,0,0,54.69,10.76,34.55
2021-10-29T00:00:00.000Z,887,6257602,67.29,1136,5755890,61.9,4113,3958383,42.57,0,0,0,54.73,10.75,34.52
2021-10-30T00:00:00.000Z,357,6257959,67.3,524,5756414,61.9,1702,3960085,42.58,0,0,0,54.68,10.81,34.52
2021-10-31T00:00:00.000Z,2258,6260217,67.32,2487,5758901,61.93,8238,3968323,42.67,0,0,0,54.83,10.7,34.47
2021-11-01T00:00:00.000Z,1733,6261950,67.34,2082,5760983,61.95,6455,3974778,42.74,0,0,0,54.95,10.63,34.42
2021-11-02T00:00:00.000Z,2021,6263971,67.36,2029,5763012,61.97,6268,3981046,42.81,0,0,0,54.89,10.69,34.42
2021-11-03T00:00:00.000Z,1753,6265724,67.38,1878,5764890,61.99,5540,3986586,42.87,0,0,0,54.86,10.75,34.39
2021-11-04T00:00:00.000Z,2101,6267825,67.4,2787,5767677,62.02,7107,3993693,42.95,0,0,0,54.85,10.81,34.33
2021-11-05T00:00:00.000Z,775,6268600,67.41,890,5768567,62.03,3454,3997147,42.98,0,0,0,54.85,10.83,34.32
2021-11-06T00:00:00.000Z,341,6268941,67.41,380,5768947,62.04,1368,3998515,43,0,0,0,54.82,10.86,34.32
2021-11-07T00:00:00.000Z,1581,6270522,67.43,1768,5770715,62.06,6120,4004635,43.06,0,0,0,54.92,10.8,34.28
2021-11-08T00:00:00.000Z,1512,6272034,67.45,1592,5772307,62.07,5390,4010025,43.12,0,0,0,55.01,10.75,34.24
2021-11-09T00:00:00.000Z,1421,6273455,67.46,1594,5773901,62.09,5316,4015341,43.18,0,0,0,55.05,10.74,34.21
2021-11-10T00:00:00.000Z,1420,6274875,67.48,1643,5775544,62.11,4763,4020104,43.23,0,0,0,55.08,10.73,34.19
2021-11-11T00:00:00.000Z,1628,6276503,67.49,1931,5777475,62.13,5682,4025786,43.29,0,0,0,55.15,10.69,34.15
2021-11-12T00:00:00.000Z,623,6277126,67.5,813,5778288,62.14,2898,4028684,43.32,0,0,0,55.17,10.69,34.14
2021-11-13T00:00:00.000Z,252,6277378,67.5,282,5778570,62.14,1115,4029799,43.33,0,0,0,55.14,10.72,34.14
2021-11-14T00:00:00.000Z,1536,6278914,67.52,1626,5780196,62.16,5105,4034904,43.39,0,0,0,55.21,10.68,34.11
2021-11-15T00:00:00.000Z,1266,6280180,67.53,1607,5781803,62.17,4757,4039661,43.44,0,0,0,55.28,10.63,34.09
2021-11-16T00:00:00.000Z,1268,6281448,67.55,1396,5783199,62.19,4328,4043989,43.49,0,0,0,55.32,10.62,34.07
2021-11-17T00:00:00.000Z,1194,6282642,67.56,1550,5784749,62.21,3888,4047877,43.53,0,0,0,55.35,10.6,34.05
2021-11-18T00:00:00.000Z,1355,6283997,67.58,1677,5786426,62.22,4989,4052866,43.58,0,0,0,55.41,10.58,34.02
2021-11-19T00:00:00.000Z,584,6284581,67.58,746,5787172,62.23,2435,4055301,43.61,0,0,0,55.42,10.57,34.01
2021-11-20T00:00:00.000Z,234,6284815,67.58,244,5787416,62.23,917,4056218,43.62,0,0,0,55.41,10.58,34
2021-11-21T00:00:00.000Z,1411,6286226,67.6,1527,5788943,62.25,4863,4061081,43.67,0,0,0,55.47,10.54,33.98
2021-11-22T00:00:00.000Z,1675,6287901,67.62,1510,5790453,62.27,4210,4065291,43.72,0,0,0,55.54,10.5,33.96
2021-11-23T00:00:00.000Z,8614,6296515,67.71,1668,5792121,62.29,3980,4069271,43.76,0,0,0,55.57,10.48,33.95
2021-11-24T00:00:00.000Z,9346,6305861,67.81,1306,5793427,62.3,3903,4073174,43.8,0,0,0,55.6,10.44,33.95
2021-11-25T00:00:00.000Z,9809,6315670,67.92,1589,5795016,62.32,4818,4077992,43.85,0,0,0,55.64,10.43,33.93
2021-11-26T00:00:00.000Z,5608,6321278,67.98,736,5795752,62.32,2760,4080752,43.88,0,0,0,55.63,10.45,33.92
2021-11-27T00:00:00.000Z,4777,6326055,68.03,316,5796068,62.33,1146,4081898,43.89,0,0,0,55.62,10.46,33.92
2021-11-28T00:00:00.000Z,10145,6336200,68.14,1479,5797547,62.34,4886,4086784,43.95,0,0,0,55.67,10.43,33.9
2021-11-29T00:00:00.000Z,9038,6345238,68.23,1126,5798673,62.36,4348,4091132,43.99,0,0,0,55.73,10.39,33.88
2021-11-30T00:00:00.000Z,10042,6355280,68.34,1018,5799691,62.37,4056,4095188,44.04,0,0,0,55.77,10.37,33.86
2021-12-01T00:00:00.000Z,8621,6363901,68.43,1086,5800777,62.38,4413,4099601,44.09,2,2,0,55.79,10.36,33.84
2021-12-02T00:00:00.000Z,9169,6373070,68.53,1434,5802211,62.39,5088,4104689,44.14,6,8,0,55.84,10.34,33.82
2021-12-03T00:00:00.000Z,6333,6379403,68.6,659,5802870,62.4,2844,4107533,44.17,1,9,0,55.86,10.33,33.81
2021-12-04T00:00:00.000Z,2506,6381909,68.63,232,5803102,62.4,905,4108438,44.18,2,11,0,55.85,10.34,33.81
2021-12-05T00:00:00.000Z,8335,6390244,68.72,1250,5804352,62.42,4666,4113104,44.23,0,11,0,55.9,10.31,33.79
2021-12-06T00:00:00.000Z,6722,6396966,68.79,1185,5805537,62.43,4323,4117427,44.28,3,14,0,55.95,10.27,33.78
2021-12-07T00:00:00.000Z,5548,6402514,68.85,1488,5807025,62.45,3947,4121374,44.32,6,20,0,55.99,10.25,33.76
2021-12-08T00:00:00.000Z,4929,6407443,68.9,1188,5808213,62.46,3848,4125222,44.36,8,28,0,56.03,10.22,33.75
2021-12-09T00:00:00.000Z,6238,6413681,68.97,1223,5809436,62.47,4483,4129705,44.41,7,35,0,56.08,10.19,33.73
2021-12-10T00:00:00.000Z,3006,6416687,69,681,5810117,62.48,2651,4132356,44.44,3,38,0,56.1,10.18,33.72
2021-12-11T00:00:00.000Z,1491,6418178,69.02,251,5810368,62.48,999,4133355,44.45,0,38,0,56.1,10.18,33.71
2021-12-12T00:00:00.000Z,7271,6425449,69.1,1436,5811804,62.5,5234,4138589,44.5,2,40,0,56.16,10.15,33.69
2021-12-13T00:00:00.000Z,6176,6431625,69.16,1364,5813168,62.51,4328,4142917,44.55,3,43,0,56.21,10.11,33.67
2021-12-14T00:00:00.000Z,7318,6438943,69.24,6095,5819263,62.58,4914,4147831,44.6,10,53,0,56.27,10.09,33.65
2021-12-15T00:00:00.000Z,7202,6446145,69.32,7398,5826661,62.66,5415,4153246,44.66,2,55,0,56.34,10.06,33.6
2021-12-16T00:00:00.000Z,8081,6454226,69.41,8603,5835264,62.75,6529,4159775,44.73,5,60,0,56.53,10.05,33.42
2021-12-17T00:00:00.000Z,4398,6458624,69.45,5123,5840387,62.8,3914,4163689,44.77,3,63,0,56.64,10.05,33.3
2021-12-18T00:00:00.000Z,3938,6462562,69.5,2907,5843294,62.84,1340,4165029,44.79,2,65,0,56.73,10.07,33.2
2021-12-19T00:00:00.000Z,6983,6469545,69.57,9328,5852622,62.94,6250,4171279,44.86,4,69,0,56.92,10.04,33.04
2021-12-20T00:00:00.000Z,7972,6477517,69.66,7508,5860130,63.02,5402,4176681,44.91,8,77,0,57.07,10.02,32.91
2021-12-21T00:00:00.000Z,9547,6487064,69.76,8641,5868771,63.11,6442,4183123,44.98,5,82,0,57.27,10.01,32.71
2021-12-22T00:00:00.000Z,9665,6496729,69.86,8138,5876909,63.2,6213,4189336,45.05,10,92,0,57.49,10,32.52
2021-12-23T00:00:00.000Z,11542,6508271,69.99,10258,5887167,63.31,8108,4197444,45.14,13,105,0,57.7,9.97,32.33
2021-12-24T00:00:00.000Z,5878,6514149,70.05,6237,5893404,63.37,5243,4202687,45.19,7,112,0,57.83,9.96,32.21
2021-12-25T00:00:00.000Z,3338,6517487,70.09,2565,5895969,63.4,2016,4204703,45.22,5,117,0,57.9,9.96,32.15
2021-12-26T00:00:00.000Z,10654,6528141,70.2,8909,5904878,63.5,8184,4212887,45.3,8,125,0,58.1,9.92,31.98
2021-12-27T00:00:00.000Z,10368,6538509,70.31,7137,5912015,63.57,8162,4221049,45.39,18,143,0,58.27,9.9,31.83
2021-12-28T00:00:00.000Z,11374,6549883,70.43,7441,5919456,63.65,9612,4230661,45.49,15,158,0,58.46,9.88,31.66
2021-12-29T00:00:00.000Z,9939,6559822,70.54,5958,5925414,63.72,8339,4239000,45.58,15,173,0,58.64,9.85,31.51
2021-12-30T00:00:00.000Z,11015,6570837,70.66,7726,5933140,63.8,12219,4251219,45.72,7,180,0,58.84,9.82,31.34
2021-12-31T00:00:00.000Z,4833,6575670,70.71,3669,5936809,63.84,7280,4258499,45.79,131,311,0,58.9,9.79,31.3
2022-01-01T00:00:00.000Z,1990,6577660,70.73,1590,5938399,63.86,2740,4261239,45.82,60,371,0,58.93,9.79,31.28
2022-01-02T00:00:00.000Z,10217,6587877,70.84,6484,5944883,63.93,12993,4274232,45.96,588,959,0.01,59.14,9.76,31.1
2022-01-03T00:00:00.000Z,9386,6597263,70.94,5253,5950136,63.98,11307,4285539,46.08,25052,26011,0.28,59.29,9.71,31
2022-01-04T00:00:00.000Z,8969,6606232,71.04,5941,5956077,64.05,10495,4296034,46.2,50638,76649,0.82,59.46,9.68,30.86
2022-01-05T00:00:00.000Z,8552,6614784,71.13,5735,5961812,64.11,10462,4306496,46.31,59563,136212,1.46,59.56,9.65,30.79
2022-01-06T00:00:00.000Z,10341,6625125,71.24,7959,5969771,64.2,13514,4320010,46.46,63970,200182,2.15,59.81,9.63,30.56
2022-01-07T00:00:00.000Z,4753,6629878,71.29,4551,5974322,64.24,8123,4328133,46.54,31127,231309,2.49,59.89,9.61,30.49
2022-01-08T00:00:00.000Z,2750,6632628,71.32,2451,5976773,64.27,5485,4333618,46.6,27623,258932,2.78,59.9,9.64,30.46
2022-01-09T00:00:00.000Z,9312,6641940,71.42,7725,5984498,64.35,11851,4345469,46.73,66746,325678,3.5,60.06,9.59,30.35
2022-01-10T00:00:00.000Z,8360,6650300,71.51,7651,5992149,64.44,11848,4357317,46.86,64740,390418,4.2,60.21,9.54,30.25
2022-01-11T00:00:00.000Z,8106,6658406,71.6,8618,6000767,64.53,11949,4369266,46.98,56634,447052,4.81,60.38,9.49,30.13
2022-01-12T00:00:00.000Z,7280,6665686,71.68,8312,6009079,64.62,11086,4380352,47.1,44596,491648,5.29,60.51,9.45,30.04
2022-01-13T00:00:00.000Z,7514,6673200,71.76,9618,6018697,64.72,11514,4391866,47.23,34735,526383,5.66,60.7,9.35,29.94
2022-01-14T00:00:00.000Z,2556,6675756,71.79,4931,6023628,64.78,6126,4397992,47.29,11135,537518,5.78,60.79,9.31,29.9
2022-01-15T00:00:00.000Z,1462,6677218,71.8,3163,6026791,64.81,3863,4401855,47.34,5714,543232,5.84,60.83,9.29,29.87
2022-01-16T00:00:00.000Z,3818,6681036,71.84,8520,6035311,64.9,7667,4409522,47.42,19982,563214,6.06,60.97,9.2,29.82
2022-01-17T00:00:00.000Z,2809,6683845,71.87,7042,6042353,64.98,6150,4415672,47.48,17830,581044,6.25,61.09,9.13,29.78
2022-01-18T00:00:00.000Z,2474,6686319,71.9,7375,6049728,65.06,5500,4421172,47.54,14807,595851,6.41,61.23,9.07,29.7
2022-01-19T00:00:00.000Z,1916,6688235,71.92,6361,6056089,65.12,4497,4425669,47.59,8451,604302,6.5,61.37,8.98,29.65
2022-01-20T00:00:00.000Z,1778,6690013,71.94,6961,6063050,65.2,4773,4430442,47.64,8034,612336,6.58,61.44,8.85,29.71
2022-01-21T00:00:00.000Z,900,6690913,71.95,3726,6066776,65.24,2620,4433062,47.67,3353,615689,6.62,61.51,8.81,29.68
2022-01-22T00:00:00.000Z,328,6691241,71.95,1457,6068233,65.25,1048,4434110,47.68,1111,616800,6.63,61.51,8.75,29.74
2022-01-23T00:00:00.000Z,1067,6692308,71.97,5624,6073857,65.32,2868,4436978,47.71,6078,622878,6.7,61.61,8.7,29.69
2022-01-24T00:00:00.000Z,757,6693065,71.97,4479,6078336,65.36,2246,4439224,47.74,5050,627928,6.75,61.73,8.62,29.65
2022-01-25T00:00:00.000Z,741,6693806,71.98,4396,6082732,65.41,2163,4441387,47.76,7101,635029,6.83,61.9,8.51,29.59
2022-01-26T00:00:00.000Z,613,6694419,71.99,3283,6086015,65.45,1595,4442982,47.78,4258,639287,6.87,62.02,8.42,29.57
2022-01-27T00:00:00.000Z,792,6695211,72,4402,6090417,65.49,1983,4444965,47.8,5435,644722,6.93,62.12,8.35,29.52
2022-01-28T00:00:00.000Z,394,6695605,72,2373,6092790,65.52,1154,4446119,47.81,3444,648166,6.97,62.16,8.33,29.5
2022-01-29T00:00:00.000Z,124,6695729,72,1042,6093832,65.53,415,4446534,47.82,1158,649324,6.98,62.23,8.29,29.48
2022-01-30T00:00:00.000Z,767,6696496,72.01,4716,6098548,65.58,2008,4448542,47.84,8098,657422,7.07,62.3,8.24,29.46
2022-01-31T00:00:00.000Z,527,6697023,72.02,3183,6101731,65.61,1596,4450138,47.85,6467,663889,7.14,62.39,8.17,29.43
2022-02-01T00:00:00.000Z,477,6697500,72.02,2795,6104526,65.65,1505,4451643,47.87,5717,669606,7.2,62.45,8.15,29.4
2022-02-02T00:00:00.000Z,374,6697874,72.03,2383,6106909,65.67,1365,4453008,47.89,5067,674673,7.26,62.28,8.13,29.59
2022-02-03T00:00:00.000Z,445,6698319,72.03,2774,6109683,65.7,1446,4454454,47.9,5601,680274,7.32,62.34,8.08,29.57
2022-02-04T00:00:00.000Z,174,6698493,72.03,985,6110668,65.71,743,4455197,47.91,2449,682723,7.34,62.37,8.06,29.57
2022-02-05T00:00:00.000Z,60,6698553,72.03,339,6111007,65.71,207,4455404,47.91,418,683141,7.35,62.34,8.09,29.56
2022-02-06T00:00:00.000Z,406,6698959,72.04,2317,6113324,65.74,1335,4456739,47.93,5677,688818,7.41,62.41,8.05,29.55
2022-02-07T00:00:00.000Z,281,6699240,72.04,1307,6114631,65.75,968,4457707,47.94,5955,694773,7.47,62.47,8.01,29.52
2022-02-08T00:00:00.000Z,313,6699553,72.04,1493,6116124,65.77,1051,4458758,47.95,6132,700905,7.54,62.54,7.97,29.49
2022-02-09T00:00:00.000Z,252,6699805,72.05,1101,6117225,65.78,932,4459690,47.96,4570,705475,7.59,62.6,7.95,29.45
2022-02-10T00:00:00.000Z,270,6700075,72.05,1291,6118516,65.8,924,4460614,47.97,4812,710287,7.64,62.63,7.93,29.44
2022-02-11T00:00:00.000Z,199,6700274,72.05,543,6119059,65.8,505,4461119,47.97,2530,712817,7.67,62.67,7.91,29.42
2022-02-12T00:00:00.000Z,27,6700301,72.05,90,6119149,65.8,115,4461234,47.97,262,713079,7.67,62.67,7.91,29.41
2022-02-13T00:00:00.000Z,286,6700587,72.05,945,6120094,65.81,962,4462196,47.98,4993,718072,7.72,62.73,7.87,29.39
2022-02-14T00:00:00.000Z,179,6700766,72.06,623,6120717,65.82,742,4462938,47.99,3135,721207,7.76,62.89,7.74,29.36
2022-02-15T00:00:00.000Z,266,6701032,72.06,763,6121480,65.83,921,4463859,48,3814,725021,7.8,62.92,7.73,29.35
2022-02-16T00:00:00.000Z,179,6701211,72.06,576,6122056,65.83,796,4464655,48.01,2482,727503,7.82,62.95,7.72,29.34
2022-02-17T00:00:00.000Z,248,6701459,72.06,737,6122793,65.84,765,4465420,48.02,3050,730553,7.86,62.96,7.7,29.34
2022-02-18T00:00:00.000Z,126,6701585,72.07,327,6123120,65.84,426,4465846,48.02,1113,731666,7.87,62.98,7.69,29.33
2022-02-19T00:00:00.000Z,33,6701618,72.07,82,6123202,65.85,73,4465919,48.02,77,731743,7.87,62.99,7.69,29.32
2022-02-20T00:00:00.000Z,202,6701820,72.07,604,6123806,65.85,714,4466633,48.03,2565,734308,7.9,63.01,7.67,29.32
2022-02-21T00:00:00.000Z,173,6701993,72.07,411,6124217,65.86,480,4467113,48.04,1540,735848,7.91,63.04,7.65,29.31
2022-02-22T00:00:00.000Z,155,6702148,72.07,452,6124669,65.86,556,4467669,48.04,1866,737714,7.93,63.05,7.65,29.3
2022-02-23T00:00:00.000Z,109,6702257,72.07,351,6125020,65.87,450,4468119,48.05,1152,738866,7.95,63.06,7.65,29.29
2022-02-24T00:00:00.000Z,137,6702394,72.07,454,6125474,65.87,560,4468679,48.05,1489,740355,7.96,63.05,7.66,29.29
2022-02-25T00:00:00.000Z,58,6702452,72.07,137,6125611,65.87,186,4468865,48.06,454,740809,7.97,63.06,7.66,29.28
2022-02-26T00:00:00.000Z,15,6702467,72.08,26,6125637,65.87,149,4469014,48.06,34,740843,7.97,63.05,7.67,29.28
2022-02-27T00:00:00.000Z,113,6702580,72.08,339,6125976,65.88,447,4469461,48.06,1118,741961,7.98,63.05,7.67,29.28
2022-02-28T00:00:00.000Z,108,6702688,72.08,264,6126240,65.88,411,4469872,48.07,903,742864,7.99,63.07,7.65,29.28
2022-03-01T00:00:00.000Z,97,6702785,72.08,279,6126519,65.88,362,4470234,48.07,792,743656,8,63.1,7.63,29.27
2022-03-02T00:00:00.000Z,74,6702859,72.08,200,6126719,65.88,318,4470552,48.07,692,744348,8,63.11,7.62,29.27
2022-03-03T00:00:00.000Z,151,6703010,72.08,368,6127087,65.89,493,4471045,48.08,983,745331,8.01,63.05,7.67,29.27
2022-03-04T00:00:00.000Z,52,6703062,72.08,162,6127249,65.89,163,4471208,48.08,226,745557,8.02,63.05,7.68,29.27
2022-03-05T00:00:00.000Z,1,6703063,72.08,24,6127273,65.89,43,4471251,48.08,30,745587,8.02,63.04,7.69,29.27
2022-03-06T00:00:00.000Z,98,6703161,72.08,259,6127532,65.89,412,4471663,48.09,759,746346,8.03,63.04,7.69,29.27
2022-03-07T00:00:00.000Z,88,6703249,72.08,255,6127787,65.9,345,4472008,48.09,603,746949,8.03,63.05,7.69,29.26
2022-03-08T00:00:00.000Z,98,6703347,72.08,263,6128050,65.9,330,4472338,48.09,546,747495,8.04,63.04,7.7,29.26
2022-03-09T00:00:00.000Z,88,6703435,72.09,212,6128262,65.9,332,4472670,48.1,490,747985,8.04,63.02,7.72,29.25
2022-03-10T00:00:00.000Z,113,6703548,72.09,372,6128634,65.9,420,4473090,48.1,614,748599,8.05,63.01,7.74,29.25
2022-03-11T00:00:00.000Z,24,6703572,72.09,85,6128719,65.91,116,4473206,48.1,141,748740,8.05,63,7.75,29.25
2022-03-12T00:00:00.000Z,9,6703581,72.09,10,6128729,65.91,28,4473234,48.1,27,748767,8.05,62.98,7.77,29.24
2022-03-13T00:00:00.000Z,94,6703675,72.09,270,6128999,65.91,356,4473590,48.11,594,749361,8.06,62.98,7.78,29.24
2022-03-14T00:00:00.000Z,64,6703739,72.09,250,6129249,65.91,316,4473906,48.11,559,749920,8.06,62.98,7.78,29.24
2022-03-15T00:00:00.000Z,78,6703817,72.09,182,6129431,65.91,288,4474194,48.11,583,750503,8.07,62.95,7.81,29.24
2022-03-16T00:00:00.000Z,74,6703891,72.09,205,6129636,65.92,300,4474494,48.12,669,751172,8.08,62.94,7.82,29.24
2022-03-17T00:00:00.000Z,65,6703956,72.09,119,6129755,65.92,284,4474778,48.12,607,751779,8.08,62.94,7.82,29.24
2022-03-18T00:00:00.000Z,18,6703974,72.09,53,6129808,65.92,99,4474877,48.12,229,752008,8.09,62.94,7.82,29.24
2022-03-19T00:00:00.000Z,5,6703979,72.09,10,6129818,65.92,26,4474903,48.12,37,752045,8.09,62.89,7.88,29.23
2022-03-20T00:00:00.000Z,119,6704098,72.09,258,6130076,65.92,481,4475384,48.13,1425,753470,8.1,62.87,7.89,29.23
2022-03-21T00:00:00.000Z,97,6704195,72.09,243,6130319,65.92,373,4475757,48.13,1127,754597,8.11,62.87,7.9,29.23
2022-03-22T00:00:00.000Z,140,6704335,72.1,339,6130658,65.93,502,4476259,48.14,1767,756364,8.13,62.84,7.94,29.23
2022-03-23T00:00:00.000Z,108,6704443,72.1,209,6130867,65.93,458,4476717,48.14,1673,758037,8.15,62.81,7.97,29.22
2022-03-24T00:00:00.000Z,175,6704618,72.1,343,6131210,65.93,762,4477479,48.15,2359,760396,8.18,62.78,8,29.22
2022-03-25T00:00:00.000Z,35,6704653,72.1,78,6131288,65.93,154,4477633,48.15,625,761021,8.18,62.78,8,29.23
2022-03-26T00:00:00.000Z,12,6704665,72.1,11,6131299,65.93,32,4477665,48.15,89,761110,8.18,62.77,8,29.22
2022-03-27T00:00:00.000Z,162,6704827,72.1,344,6131643,65.94,758,4478423,48.16,3187,764297,8.22,62.75,8.02,29.22
2022-03-28T00:00:00.000Z,112,6704939,72.1,268,6131911,65.94,617,4479040,48.17,2399,766696,8.24,62.75,8.03,29.22
2022-03-29T00:00:00.000Z,125,6705064,72.1,259,6132170,65.94,634,4479674,48.17,2764,769460,8.27,62.7,8.07,29.22
2022-03-30T00:00:00.000Z,132,6705196,72.1,209,6132379,65.94,537,4480211,48.18,2362,771822,8.3,62.81,8.11,29.07
2022-03-31T00:00:00.000Z,166,6705362,72.11,293,6132672,65.95,728,4480939,48.19,2837,774659,8.33,62.79,8.11,29.1
2022-04-01T00:00:00.000Z,117,6705479,72.11,159,6132831,65.95,274,4481213,48.19,581,775240,8.34,62.72,8.13,29.15
2022-04-02T00:00:00.000Z,6,6705485,72.11,5,6132836,65.95,34,4481247,48.19,50,775290,8.34,62.69,8.15,29.16
2022-04-03T00:00:00.000Z,158,6705643,72.11,267,6133103,65.95,566,4481813,48.2,2470,777760,8.36,62.65,8.16,29.19
2022-04-04T00:00:00.000Z,104,6705747,72.11,204,6133307,65.95,479,4482292,48.2,2212,779972,8.39,62.62,8.16,29.22
2022-04-05T00:00:00.000Z,122,6705869,72.11,218,6133525,65.96,513,4482805,48.21,2233,782205,8.41,62.57,8.19,29.25
2022-04-06T00:00:00.000Z,91,6705960,72.11,154,6133679,65.96,380,4483185,48.21,2011,784216,8.43,62.55,8.2,29.25
2022-04-07T00:00:00.000Z,178,6706138,72.11,211,6133890,65.96,634,4483819,48.22,2549,786765,8.46,62.56,8.2,29.24
2022-04-08T00:00:00.000Z,28,6706166,72.11,55,6133945,65.96,149,4483968,48.22,469,787234,8.47,62.54,8.22,29.23
2022-04-09T00:00:00.000Z,6,6706172,72.11,16,6133961,65.96,24,4483992,48.22,42,787276,8.47,62.52,8.25,29.23
2022-04-10T00:00:00.000Z,101,6706273,72.12,258,6134219,65.96,425,4484417,48.22,1840,789116,8.49,62.51,8.26,29.23
2022-04-11T00:00:00.000Z,78,6706351,72.12,200,6134419,65.97,370,4484787,48.23,1419,790535,8.5,62.54,8.26,29.2
2022-04-12T00:00:00.000Z,202,6706553,72.12,163,6134582,65.97,369,4485156,48.23,1356,791891,8.52,62.58,8.29,29.12
2022-04-13T00:00:00.000Z,117,6706670,72.12,148,6134730,65.97,298,4485454,48.23,1213,793104,8.53,62.58,8.31,29.1
2022-04-14T00:00:00.000Z,81,6706751,72.12,223,6134953,65.97,318,4485772,48.24,1065,794169,8.54,62.57,8.33,29.1
2022-04-15T00:00:00.000Z,9,6706760,72.12,51,6135004,65.97,47,4485819,48.24,78,794247,8.54,62.55,8.35,29.1
2022-04-16T00:00:00.000Z,3,6706763,72.12,8,6135012,65.97,20,4485839,48.24,26,794273,8.54,62.53,8.37,29.1
2022-04-17T00:00:00.000Z,61,6706824,72.12,130,6135142,65.97,228,4486067,48.24,807,795080,8.55,62.52,8.38,29.1
2022-04-18T00:00:00.000Z,68,6706892,72.12,108,6135250,65.98,249,4486316,48.24,747,795827,8.56,62.51,8.38,29.1
2022-04-19T00:00:00.000Z,61,6706953,72.12,130,6135380,65.98,270,4486586,48.25,827,796654,8.57,62.5,8.4,29.1
2022-04-20T00:00:00.000Z,63,6707016,72.12,117,6135497,65.98,230,4486816,48.25,642,797296,8.57,62.48,8.42,29.1
2022-04-21T00:00:00.000Z,53,6707069,72.12,104,6135601,65.98,189,4487005,48.25,477,797773,8.58,62.47,8.43,29.1
2022-04-22T00:00:00.000Z,0,6707069,72.12,15,6135616,65.98,15,4487020,48.25,14,797787,8.58,62.45,8.44,29.11
2022-04-23T00:00:00.000Z,4,6707073,72.12,8,6135624,65.98,13,4487033,48.25,13,797800,8.58,62.43,8.46,29.11
2022-04-24T00:00:00.000Z,92,6707165,72.13,246,6135870,65.98,327,4487360,48.25,861,798661,8.59,62.43,8.47,29.1
2022-04-25T00:00:00.000Z,105,6707270,72.13,191,6136061,65.98,310,4487670,48.26,736,799397,8.6,62.43,8.47,29.1
2022-04-26T00:00:00.000Z,74,6707344,72.13,173,6136234,65.99,296,4487966,48.26,779,800176,8.6,62.42,8.48,29.1
2022-04-27T00:00:00.000Z,55,6707399,72.13,159,6136393,65.99,219,4488185,48.26,636,800812,8.61,62.41,8.49,29.1
2022-04-28T00:00:00.000Z,94,6707493,72.13,220,6136613,65.99,327,4488512,48.27,858,801670,8.62,62.41,8.5,29.1
2022-04-29T00:00:00.000Z,107,6707600,72.13,142,6136755,65.99,182,4488694,48.27,205,801875,8.62,62.39,8.51,29.1
2022-04-30T00:00:00.000Z,1,6707601,72.13,2,6136757,65.99,23,4488717,48.27,19,801894,8.62,62.38,8.52,29.1
2022-05-01T00:00:00.000Z,117,6707718,72.13,179,6136936,65.99,312,4489029,48.27,629,802523,8.63,62.38,8.53,29.09
2022-05-02T00:00:00.000Z,61,6707779,72.13,151,6137087,66,235,4489264,48.28,485,803008,8.64,62.37,8.54,29.09
2022-05-03T00:00:00.000Z,73,6707852,72.13,150,6137237,66,284,4489548,48.28,495,803503,8.64,62.36,8.55,29.09
2022-05-04T00:00:00.000Z,24,6707876,72.13,55,6137292,66,57,4489605,48.28,122,803625,8.64,62.35,8.57,29.08
2022-05-05T00:00:00.000Z,0,6707876,72.13,0,6137292,66,1,4489606,48.28,3,803628,8.64,62.34,8.58,29.08
2022-05-06T00:00:00.000Z,18,6707894,72.13,59,6137351,66,63,4489669,48.28,142,803770,8.64,62.33,8.59,29.08
2022-05-07T00:00:00.000Z,0,6707894,72.13,5,6137356,66,24,4489693,48.28,21,803791,8.64,62.32,8.6,29.08
2022-05-08T00:00:00.000Z,94,6707988,72.13,200,6137556,66,270,4489963,48.28,454,804245,8.65,62.31,8.61,29.08
2022-05-09T00:00:00.000Z,59,6708047,72.14,150,6137706,66,234,4490197,48.29,489,804734,8.65,62.31,8.61,29.08
2022-05-10T00:00:00.000Z,128,6708175,72.14,164,6137870,66,258,4490455,48.29,503,805237,8.66,62.3,8.62,29.08
2022-05-11T00:00:00.000Z,58,6708233,72.14,116,6137986,66,178,4490633,48.29,459,805696,8.66,62.3,8.63,29.08
2022-05-12T00:00:00.000Z,117,6708350,72.14,201,6138187,66.01,273,4490906,48.29,657,806353,8.67,62.29,8.64,29.07
2022-05-13T00:00:00.000Z,11,6708361,72.14,39,6138226,66.01,70,4490976,48.29,106,806459,8.67,62.28,8.65,29.07
2022-05-14T00:00:00.000Z,6,6708367,72.14,10,6138236,66.01,9,4490985,48.29,22,806481,8.67,62.26,8.66,29.07
2022-05-15T00:00:00.000Z,89,6708456,72.14,170,6138406,66.01,237,4491222,48.3,655,807136,8.68,62.26,8.67,29.07
2022-05-16T00:00:00.000Z,68,6708524,72.14,129,6138535,66.01,214,4491436,48.3,498,807634,8.68,62.19,8.65,29.16
2022-05-17T00:00:00.000Z,76,6708600,72.14,150,6138685,66.01,256,4491692,48.3,606,808240,8.69,62.18,8.66,29.16
2022-05-18T00:00:00.000Z,11,6708611,72.14,33,6138718,66.01,48,4491740,48.3,155,808395,8.69,62.17,8.67,29.16
