Day_Date,vaccinated,vaccinated_cum,vaccinated_population_perc,vaccinated_seconde_dose,vaccinated_seconde_dose_cum,vaccinated_seconde_dose_population_perc,vaccinated_third_dose,vaccinated_third_dose_cum,vaccinated_third_dose_population_perc,vaccinated_fourth_dose,vaccinated_fourth_dose_cum,vaccinated_fourth_dose_population_perc,vaccinated_validity_perc,vaccinated_expired_perc,not_vaccinated_perc
2020-12-19T00:00:00.000Z,46,68,0,0,4,0,0,0,0,0,0,0,0,0,100
2020-12-20T00:00:00.000Z,7391,7459,0.08,0,4,0,0,0,0,0,0,0,0,0,100
2020-12-21T00:00:00.000Z,24920,32379,0.35,0,4,0,0,0,0,0,0,0,0,0,100
2020-12-22T00:00:00.000Z,44656,77035,0.83,0,4,0,0,0,0,0,0,0,0,0,100
2020-12-23T00:00:00.000Z,62905,139940,1.5,0,4,0,0,0,0,0,0,0,0,0,100
2020-12-24T00:00:00.000Z,73421,213361,2.29,0,4,0,0,0,0,0,0,0,0,0,100
2020-12-25T00:00:00.000Z,38506,251867,2.71,0,4,0,0,0,0,0,0,0,0,0,100
2020-12-26T00:00:00.000Z,32612,284479,3.06,0,4,0,0,0,0,0,0,0,0,0,100
2020-12-27T00:00:00.000Z,104555,389034,4.18,0,4,0,0,0,0,0,0,0,0,0,100
2020-12-28T00:00:00.000Z,135004,524038,5.64,0,4,0,0,0,0,0,0,0,0,0,100
2020-12-29T00:00:00.000Z,156280,680318,7.32,2,6,0,0,0,0,0,0,0,0,0,100
2020-12-30T00:00:00.000Z,153136,833454,8.96,0,6,0,0,0,0,0,0,0,0,0,100
2020-12-31T00:00:00.000Z,158537,991991,10.67,0,6,0,0,0,0,0,0,0,0,0,100
2021-01-01T00:00:00.000Z,71410,1063401,11.44,0,6,0,0,0,0,0,0,0,0,0,100
2021-01-02T00:00:00.000Z,71719,1135120,12.21,0,6,0,0,0,0,0,0,0,0,0,100
2021-01-03T00:00:00.000Z,149719,1284839,13.82,0,6,0,0,0,0,0,0,0,0,0,100
2021-01-04T00:00:00.000Z,152164,1437003,15.45,1,7,0,0,0,0,0,0,0,0,0,100
2021-01-05T00:00:00.000Z,125166,1562169,16.8,3,10,0,0,0,0,0,0,0,0,0,100
2021-01-06T00:00:00.000Z,103320,1665489,17.91,2,12,0,0,0,0,0,0,0,0,0,100
2021-01-07T00:00:00.000Z,116013,1781502,19.16,9,21,0,0,0,0,0,0,0,0,0,100
2021-01-08T00:00:00.000Z,66434,1847936,19.87,4,25,0,0,0,0,0,0,0,0,0,100
2021-01-09T00:00:00.000Z,44529,1892465,20.35,24,49,0,0,0,0,0,0,0,0,0,100
2021-01-10T00:00:00.000Z,37628,1930093,20.76,5999,6048,0.07,0,0,0,0,0,0,0,0,100
2021-01-11T00:00:00.000Z,21155,1951248,20.98,19262,25310,0.27,0,0,0,0,0,0,0,0,100
2021-01-12T00:00:00.000Z,24057,1975305,21.24,35666,60976,0.66,0,0,0,0,0,0,0,0,100
2021-01-13T00:00:00.000Z,52049,2027354,21.8,56867,117843,1.27,0,0,0,0,0,0,0,0,100
2021-01-14T00:00:00.000Z,56449,2083803,22.41,68831,186674,2.01,0,0,0,0,0,0,0,0,100
2021-01-15T00:00:00.000Z,30755,2114558,22.74,35931,222605,2.39,0,0,0,0,0,0,0,0,100
2021-01-16T00:00:00.000Z,29465,2144023,23.06,26004,248609,2.67,0,0,0,0,0,0,0,0,100
2021-01-17T00:00:00.000Z,68418,2212441,23.79,84587,333196,3.58,0,0,0,0,0,0,0.31,0,99.69
2021-01-18T00:00:00.000Z,69785,2282226,24.54,120413,453609,4.88,0,0,0,0,0,0,0.58,0,99.42
2021-01-19T00:00:00.000Z,72867,2355093,25.33,137812,591421,6.36,0,0,0,0,0,0,1.09,0,98.91
2021-01-20T00:00:00.000Z,76882,2431975,26.15,143736,735157,7.91,0,0,0,0,0,0,1.9,0,98.1
2021-01-21T00:00:00.000Z,69972,2501947,26.9,164418,899575,9.67,0,0,0,0,0,0,2.88,0,97.12
2021-01-22T00:00:00.000Z,37908,2539855,27.31,71116,970691,10.44,0,0,0,0,0,0,3.39,0,96.61
2021-01-23T00:00:00.000Z,39960,2579815,27.74,53571,1024262,11.01,0,0,0,0,0,0,3.77,0,96.23
2021-01-24T00:00:00.000Z,69127,2648942,28.49,140675,1164937,12.53,0,0,0,0,0,0,4.96,0,95.04
2021-01-25T00:00:00.000Z,80928,2729870,29.36,139491,1304428,14.03,0,0,0,0,0,0,6.61,0,93.39
2021-01-26T00:00:00.000Z,78699,2808569,30.2,126399,1430827,15.39,0,0,0,0,0,0,8.45,0,91.55
2021-01-27T00:00:00.000Z,77948,2886517,31.04,125034,1555861,16.73,0,0,0,0,0,0,10.34,0,89.66
2021-01-28T00:00:00.000Z,79548,2966065,31.9,130593,1686454,18.14,0,0,0,0,0,0,12.43,0,87.57
2021-01-29T00:00:00.000Z,36681,3002746,32.29,64773,1751227,18.83,0,0,0,0,0,0,13.34,0,86.66
2021-01-30T00:00:00.000Z,34388,3037134,32.66,42753,1793980,19.29,0,0,0,0,0,0,14.02,0,85.98
2021-01-31T00:00:00.000Z,73314,3110448,33.45,59487,1853467,19.93,0,0,0,0,0,0,15.76,0,84.24
2021-02-01T00:00:00.000Z,82478,3192926,34.34,35339,1888806,20.31,0,0,0,0,0,0,17.48,0,82.52
2021-02-02T00:00:00.000Z,70075,3263001,35.09,31057,1919863,20.65,0,0,0,0,0,0,19.01,0,80.99
2021-02-03T00:00:00.000Z,60282,3323283,35.74,51425,1971288,21.2,0,0,0,0,0,0,20.47,0,79.53
2021-02-04T00:00:00.000Z,72602,3395885,36.52,58077,2029365,21.82,0,0,0,0,0,0,22,0,78
2021-02-05T00:00:00.000Z,33926,3429811,36.88,28790,2058155,22.13,0,0,0,0,0,0,22.75,0,77.25
2021-02-06T00:00:00.000Z,21611,3451422,37.11,22227,2080382,22.37,0,0,0,0,0,0,23.23,0,76.77
2021-02-07T00:00:00.000Z,54069,3505491,37.7,68721,2149103,23.11,0,0,0,0,0,0,23.99,0,76.01
2021-02-08T00:00:00.000Z,58621,3564112,38.33,65447,2214550,23.81,0,0,0,0,0,0,24.52,0,75.48
2021-02-09T00:00:00.000Z,66324,3630436,39.04,67555,2282105,24.54,0,0,0,0,0,0,25.04,0,74.96
2021-02-10T00:00:00.000Z,70546,3700982,39.8,72289,2354394,25.32,0,0,0,0,0,0,25.77,0,74.23
2021-02-11T00:00:00.000Z,81146,3782128,40.67,72087,2426481,26.09,0,0,0,0,0,0,26.61,0,73.39
2021-02-12T00:00:00.000Z,39088,3821216,41.09,37574,2464055,26.5,0,0,0,0,0,0,27.02,0,72.98
2021-02-13T00:00:00.000Z,27457,3848673,41.39,30432,2494487,26.82,0,0,0,0,0,0,27.33,0,72.67
2021-02-14T00:00:00.000Z,74904,3923577,42.19,69070,2563557,27.57,0,0,0,0,0,0,28.25,0,71.75
2021-02-15T00:00:00.000Z,81528,4005105,43.07,75691,2639248,28.38,0,0,0,0,0,0,29.17,0,70.83
2021-02-16T00:00:00.000Z,83406,4088511,43.97,78273,2717521,29.22,0,0,0,0,0,0,30.11,0,69.89
2021-02-17T00:00:00.000Z,61964,4150475,44.63,75615,2793136,30.04,0,0,0,0,0,0,31.01,0,68.99
2021-02-18T00:00:00.000Z,69141,4219616,45.38,79717,2872853,30.89,0,0,0,0,0,0,31.94,0,68.06
2021-02-19T00:00:00.000Z,39657,4259273,45.8,38140,2910993,31.3,0,0,0,0,0,0,32.45,0,67.55
2021-02-20T00:00:00.000Z,31645,4290918,46.14,28720,2939713,31.61,0,0,0,0,0,0,32.85,0,67.15
2021-02-21T00:00:00.000Z,79416,4370334,47,78428,3018141,32.46,0,0,0,0,0,0,33.8,0,66.2
2021-02-22T00:00:00.000Z,85043,4455377,47.91,80579,3098720,33.32,0,0,0,0,0,0,34.83,0,65.17
2021-02-23T00:00:00.000Z,77317,4532694,48.74,70465,3169185,34.08,0,0,0,0,0,0,35.84,0,64.16
2021-02-24T00:00:00.000Z,61054,4593748,49.4,63121,3232306,34.76,0,0,0,0,0,0,36.76,0,63.24
2021-02-25T00:00:00.000Z,51716,4645464,49.95,64786,3297092,35.46,0,0,0,0,0,0,37.66,0,62.34
2021-02-26T00:00:00.000Z,25899,4671363,50.23,32025,3329117,35.8,0,0,0,0,0,0,38.1,0,61.9
2021-02-27T00:00:00.000Z,18342,4689705,50.43,21193,3350310,36.03,0,0,0,0,0,0,38.42,0,61.58
2021-02-28T00:00:00.000Z,40348,4730053,50.86,55862,3406172,36.63,0,0,0,0,0,0,39.24,0,60.76
2021-03-01T00:00:00.000Z,45721,4775774,51.36,61426,3467598,37.29,0,0,0,0,0,0,40.1,0,59.9
2021-03-02T00:00:00.000Z,41180,4816954,51.8,64776,3532374,37.99,0,0,0,0,0,0,40.85,0,59.15
2021-03-03T00:00:00.000Z,42015,4858969,52.25,66762,3599136,38.7,0,0,0,0,0,0,41.55,0,58.45
2021-03-04T00:00:00.000Z,39691,4898660,52.68,79102,3678238,39.55,0,0,0,0,0,0,42.24,0,57.76
2021-03-05T00:00:00.000Z,17346,4916006,52.86,40453,3718691,39.99,0,0,0,0,0,0,42.57,0,57.43
2021-03-06T00:00:00.000Z,10710,4926716,52.98,25342,3744033,40.26,0,0,0,0,0,0,42.78,0,57.22
2021-03-07T00:00:00.000Z,31139,4957855,53.31,72835,3816868,41.04,0,0,0,0,0,0,43.36,0,56.64
2021-03-08T00:00:00.000Z,27369,4985224,53.61,73277,3890145,41.83,0,0,0,0,0,0,43.97,0,56.03
2021-03-09T00:00:00.000Z,26736,5011960,53.9,76586,3966731,42.66,0,0,0,0,0,0,44.62,0,55.38
2021-03-10T00:00:00.000Z,23345,5035305,54.15,58671,4025402,43.29,0,0,0,0,0,0,45.27,0,54.73
2021-03-11T00:00:00.000Z,23294,5058599,54.4,69078,4094480,44.03,0,0,0,0,0,0,45.99,0,54.01
2021-03-12T00:00:00.000Z,11275,5069874,54.52,41402,4135882,44.48,0,0,0,0,0,0,46.34,0,53.66
2021-03-13T00:00:00.000Z,7940,5077814,54.6,25235,4161117,44.75,0,0,0,0,0,0,46.57,0,53.43
2021-03-14T00:00:00.000Z,20973,5098787,54.83,73925,4235042,45.54,0,0,0,0,0,0,47.2,0,52.8
2021-03-15T00:00:00.000Z,20130,5118917,55.05,78264,4313306,46.38,0,0,0,0,0,0,47.81,0,52.19
2021-03-16T00:00:00.000Z,18737,5137654,55.25,71468,4384774,47.15,0,0,0,0,0,0,48.43,0,51.57
2021-03-17T00:00:00.000Z,17687,5155341,55.44,58993,4443767,47.79,0,0,0,0,0,0,48.92,0,51.08
2021-03-18T00:00:00.000Z,16033,5171374,55.61,58120,4501887,48.41,0,0,0,0,0,0,49.45,0,50.55
2021-03-19T00:00:00.000Z,6938,5178312,55.68,27969,4529856,48.71,0,0,0,0,0,0,49.75,0,50.25
2021-03-20T00:00:00.000Z,5216,5183528,55.74,15290,4545146,48.88,0,0,0,0,0,0,49.93,0,50.07
2021-03-21T00:00:00.000Z,13155,5196683,55.88,40495,4585641,49.31,0,0,0,0,0,0,50.46,0,49.54
2021-03-22T00:00:00.000Z,13563,5210246,56.03,40526,4626167,49.75,0,0,0,0,0,0,51,0,49
2021-03-23T00:00:00.000Z,2826,5213072,56.06,7287,4633454,49.83,0,0,0,0,0,0,51.43,0,48.57
2021-03-24T00:00:00.000Z,10986,5224058,56.18,46543,4679997,50.33,0,0,0,0,0,0,51.84,0,48.16
2021-03-25T00:00:00.000Z,10236,5234294,56.29,35415,4715412,50.71,0,0,0,0,0,0,52.22,0,47.78
2021-03-26T00:00:00.000Z,4174,5238468,56.33,13324,4728736,50.85,0,0,0,0,0,0,52.4,0,47.6
2021-03-27T00:00:00.000Z,1778,5240246,56.35,4264,4733000,50.9,0,0,0,0,0,0,52.5,0,47.5
2021-03-28T00:00:00.000Z,2099,5242345,56.37,4601,4737601,50.95,0,0,0,0,0,0,52.74,0,47.26
2021-03-29T00:00:00.000Z,6895,5249240,56.45,30005,4767606,51.27,0,0,0,0,0,0,53,0,47
2021-03-30T00:00:00.000Z,7872,5257112,56.53,22437,4790043,51.51,0,0,0,0,0,0,53.08,0,46.92
2021-03-31T00:00:00.000Z,8135,5265247,56.62,19476,4809519,51.72,0,0,0,0,0,0,53.38,0,46.62
2021-04-01T00:00:00.000Z,8187,5273434,56.71,18685,4828204,51.92,0,0,0,0,0,0,53.62,0,46.38
2021-04-02T00:00:00.000Z,2917,5276351,56.74,8122,4836326,52.01,0,0,0,0,0,0,53.71,0,46.29
2021-04-03T00:00:00.000Z,1423,5277774,56.75,2969,4839295,52.04,0,0,0,0,0,0,53.74,0,46.26
2021-04-04T00:00:00.000Z,9611,5287385,56.86,22823,4862118,52.28,0,0,0,0,0,0,53.82,0,46.18
2021-04-05T00:00:00.000Z,10339,5297724,56.97,21262,4883380,52.51,0,0,0,0,0,0,54.04,0,45.96
2021-04-06T00:00:00.000Z,9005,5306729,57.07,16777,4900157,52.69,0,0,0,0,0,0,54.21,0,45.79
2021-04-07T00:00:00.000Z,8902,5315631,57.16,15292,4915449,52.86,0,0,0,0,0,0,54.36,0,45.64
2021-04-08T00:00:00.000Z,9404,5325035,57.26,16993,4932442,53.04,0,0,0,0,0,0,54.52,0,45.48
2021-04-09T00:00:00.000Z,3589,5328624,57.3,6234,4938676,53.11,0,0,0,0,0,0,54.58,0,45.42
2021-04-10T00:00:00.000Z,1626,5330250,57.32,3512,4942188,53.15,0,0,0,0,0,0,54.61,0,45.39
2021-04-11T00:00:00.000Z,9024,5339274,57.42,14238,4956426,53.3,0,0,0,0,0,0,54.78,0,45.22
2021-04-12T00:00:00.000Z,8924,5348198,57.51,13218,4969644,53.44,0,0,0,0,0,0,54.95,0,45.05
2021-04-13T00:00:00.000Z,5827,5354025,57.57,4940,4974584,53.49,0,0,0,0,0,0,55.08,0,44.92
2021-04-14T00:00:00.000Z,3634,5357659,57.61,5292,4979876,53.55,0,0,0,0,0,0,55.18,0,44.82
2021-04-15T00:00:00.000Z,680,5358339,57.62,566,4980442,53.56,0,0,0,0,0,0,55.27,0,44.73
2021-04-16T00:00:00.000Z,3399,5361738,57.66,6633,4987075,53.63,0,0,0,0,0,0,55.33,0,44.67
2021-04-17T00:00:00.000Z,809,5362547,57.67,1967,4989042,53.65,0,0,0,0,0,0,55.35,0,44.65
2021-04-18T00:00:00.000Z,7089,5369636,57.74,7426,4996468,53.73,0,0,0,0,0,0,55.47,0,44.53
2021-04-19T00:00:00.000Z,6389,5376025,57.81,7107,5003575,53.81,0,0,0,0,0,0,55.58,0,44.42
2021-04-20T00:00:00.000Z,6267,5382292,57.88,6868,5010443,53.88,0,0,0,0,0,0,55.65,0,44.35
2021-04-21T00:00:00.000Z,6363,5388655,57.95,7087,5017530,53.96,0,0,0,0,0,0,55.71,0,44.29
2021-04-22T00:00:00.000Z,5928,5394583,58.01,7673,5025203,54.04,0,0,0,0,0,0,55.75,0,44.25
2021-04-23T00:00:00.000Z,2747,5397330,58.04,3370,5028573,54.07,0,0,0,0,0,0,55.8,0,44.2
2021-04-24T00:00:00.000Z,762,5398092,58.05,1282,5029855,54.09,0,0,0,0,0,0,55.82,0,44.18
2021-04-25T00:00:00.000Z,4823,5402915,58.1,6912,5036767,54.16,0,0,0,0,0,0,55.89,0,44.11
2021-04-26T00:00:00.000Z,5467,5408382,58.16,7875,5044642,54.25,0,0,0,0,0,0,55.96,0,44.04
2021-04-27T00:00:00.000Z,4494,5412876,58.21,6612,5051254,54.32,0,0,0,0,0,0,56.03,0,43.97
2021-04-28T00:00:00.000Z,4476,5417352,58.26,7298,5058552,54.4,0,0,0,0,0,0,56.09,0,43.91
2021-04-29T00:00:00.000Z,4354,5421706,58.3,7273,5065825,54.48,0,0,0,0,0,0,56.16,0,43.84
2021-04-30T00:00:00.000Z,1910,5423616,58.32,3177,5069002,54.51,0,0,0,0,0,0,56.19,0,43.81
2021-05-01T00:00:00.000Z,452,5424068,58.33,890,5069892,54.52,0,0,0,0,0,0,56.2,0,43.8
2021-05-02T00:00:00.000Z,3218,5427286,58.36,6078,5075970,54.58,0,0,0,0,0,0,56.26,0,43.74
2021-05-03T00:00:00.000Z,3535,5430821,58.4,5810,5081780,54.65,0,0,0,0,0,0,56.32,0,43.68
2021-05-04T00:00:00.000Z,3572,5434393,58.44,4712,5086492,54.7,0,0,0,0,0,0,56.38,0,43.62
2021-05-05T00:00:00.000Z,3275,5437668,58.47,4074,5090566,54.74,0,0,0,0,0,0,56.44,0,43.56
2021-05-06T00:00:00.000Z,3629,5441297,58.51,3133,5093699,54.78,0,0,0,0,0,0,56.5,0,43.5
2021-05-07T00:00:00.000Z,1817,5443114,58.53,2491,5096190,54.8,0,0,0,0,0,0,56.52,0,43.48
2021-05-08T00:00:00.000Z,232,5443346,58.54,497,5096687,54.81,0,0,0,0,0,0,56.53,0,43.47
2021-05-09T00:00:00.000Z,2841,5446187,58.57,4743,5101430,54.86,0,0,0,0,0,0,56.58,0,43.42
2021-05-10T00:00:00.000Z,2887,5449074,58.6,4694,5106124,54.91,0,0,0,0,0,0,56.63,0,43.37
2021-05-11T00:00:00.000Z,2612,5451686,58.62,3865,5109989,54.95,0,0,0,0,0,0,56.67,0,43.33
2021-05-12T00:00:00.000Z,2014,5453700,58.65,3324,5113313,54.99,0,0,0,0,0,0,56.7,0,43.3
2021-05-13T00:00:00.000Z,2030,5455730,58.67,3666,5116979,55.03,0,0,0,0,0,0,56.73,0,43.27
2021-05-14T00:00:00.000Z,961,5456691,58.68,1479,5118458,55.04,0,0,0,0,0,0,56.75,0,43.25
2021-05-15T00:00:00.000Z,243,5456934,58.68,251,5118709,55.04,0,0,0,0,0,0,56.75,0,43.25
2021-05-16T00:00:00.000Z,526,5457460,58.69,1200,5119909,55.06,0,0,0,0,0,0,56.78,0,43.22
2021-05-17T00:00:00.000Z,288,5457748,58.69,833,5120742,55.07,0,0,0,0,0,0,56.81,0,43.19
2021-05-18T00:00:00.000Z,1949,5459697,58.71,4924,5125666,55.12,0,0,0,0,0,0,56.84,0,43.16
2021-05-19T00:00:00.000Z,2212,5461909,58.73,5029,5130695,55.17,0,0,0,0,0,0,56.87,0,43.13
2021-05-20T00:00:00.000Z,2301,5464210,58.76,3866,5134561,55.21,0,0,0,0,0,0,56.9,0,43.1
2021-05-21T00:00:00.000Z,1175,5465385,58.77,1392,5135953,55.23,0,0,0,0,0,0,56.92,0,43.08
2021-05-22T00:00:00.000Z,204,5465589,58.77,387,5136340,55.23,0,0,0,0,0,0,56.92,0,43.08
2021-05-23T00:00:00.000Z,2267,5467856,58.8,3212,5139552,55.27,0,0,0,0,0,0,56.94,0,43.06
2021-05-24T00:00:00.000Z,2114,5469970,58.82,3588,5143140,55.31,0,0,0,0,0,0,56.96,0,43.04
2021-05-25T00:00:00.000Z,1810,5471780,58.84,2576,5145716,55.33,0,0,0,0,0,0,56.99,0,43.01
2021-05-26T00:00:00.000Z,1394,5473174,58.86,2491,5148207,55.36,0,0,0,0,0,0,57.03,0,42.97
2021-05-27T00:00:00.000Z,1831,5475005,58.88,3174,5151381,55.4,0,0,0,0,0,0,57.06,0,42.94
2021-05-28T00:00:00.000Z,766,5475771,58.88,1394,5152775,55.41,0,0,0,0,0,0,57.07,0,42.93
2021-05-29T00:00:00.000Z,177,5475948,58.89,222,5152997,55.41,0,0,0,0,0,0,57.07,0,42.93
2021-05-30T00:00:00.000Z,1630,5477578,58.9,1925,5154922,55.43,0,0,0,0,0,0,57.1,0,42.9
2021-05-31T00:00:00.000Z,1717,5479295,58.92,2085,5157007,55.46,0,0,0,0,0,0,57.13,0,42.87
2021-06-01T00:00:00.000Z,1360,5480655,58.94,1812,5158819,55.48,0,0,0,0,0,0,57.47,0,42.53
2021-06-02T00:00:00.000Z,1492,5482147,58.95,1598,5160417,55.49,0,0,0,0,0,0,57.25,0,42.75
2021-06-03T00:00:00.000Z,1667,5483814,58.97,1479,5161896,55.51,0,0,0,0,0,0,57.27,0,42.73
2021-06-04T00:00:00.000Z,1076,5484890,58.98,766,5162662,55.52,0,0,0,0,0,0,57.28,0,42.72
2021-06-05T00:00:00.000Z,178,5485068,58.98,153,5162815,55.52,0,0,0,0,0,0,57.29,0,42.71
2021-06-06T00:00:00.000Z,4277,5489345,59.03,997,5163812,55.53,0,0,0,0,0,0,57.31,0,42.69
2021-06-07T00:00:00.000Z,4420,5493765,59.08,802,5164614,55.54,0,0,0,0,0,0,57.34,0,42.66
2021-06-08T00:00:00.000Z,3726,5497491,59.12,1158,5165772,55.55,0,0,0,0,0,0,57.36,0,42.64
2021-06-09T00:00:00.000Z,3598,5501089,59.16,1309,5167081,55.56,0,0,0,0,0,0,57.4,0,42.6
2021-06-10T00:00:00.000Z,3344,5504433,59.19,1285,5168366,55.58,0,0,0,0,0,0,57.42,0,42.58
2021-06-11T00:00:00.000Z,1378,5505811,59.21,572,5168938,55.58,0,0,0,0,0,0,57.43,0,42.57
2021-06-12T00:00:00.000Z,210,5506021,59.21,165,5169103,55.59,0,0,0,0,0,0,57.43,0,42.57
2021-06-13T00:00:00.000Z,3093,5509114,59.24,1251,5170354,55.6,0,0,0,0,0,0,57.45,0,42.55
2021-06-14T00:00:00.000Z,3043,5512157,59.27,1519,5171873,55.62,0,0,0,0,0,0,57.46,0,42.54
2021-06-15T00:00:00.000Z,3127,5515284,59.31,1359,5173232,55.63,0,0,0,0,0,0,57.48,0,42.52
2021-06-16T00:00:00.000Z,2710,5517994,59.34,985,5174217,55.64,0,0,0,0,0,0,57.49,0,42.51
2021-06-17T00:00:00.000Z,2715,5520709,59.37,1186,5175403,55.65,0,0,0,0,0,0,57.51,0,42.49
2021-06-18T00:00:00.000Z,1253,5521962,59.38,488,5175891,55.66,0,0,0,0,0,0,57.52,0,42.48
2021-06-19T00:00:00.000Z,228,5522190,59.38,135,5176026,55.66,0,0,0,0,0,0,57.52,0,42.48
2021-06-20T00:00:00.000Z,3308,5525498,59.42,1325,5177351,55.67,0,0,0,0,0,0,57.54,0,42.46
2021-06-21T00:00:00.000Z,5231,5530729,59.47,1199,5178550,55.69,0,0,0,0,0,0,57.56,0,42.44
2021-06-22T00:00:00.000Z,6911,5537640,59.55,1089,5179639,55.7,0,0,0,0,0,0,57.58,0,42.42
2021-06-23T00:00:00.000Z,10723,5548363,59.66,1282,5180921,55.71,0,0,0,0,0,0,57.6,0,42.4
2021-06-24T00:00:00.000Z,12020,5560383,59.79,1450,5182371,55.73,0,0,0,0,0,0,57.62,0,42.38
2021-06-25T00:00:00.000Z,7088,5567471,59.87,925,5183296,55.74,0,0,0,0,0,0,57.62,0,42.38
2021-06-26T00:00:00.000Z,2260,5569731,59.89,190,5183486,55.74,0,0,0,0,0,0,57.63,0,42.37
2021-06-27T00:00:00.000Z,13618,5583349,60.04,3431,5186917,55.78,0,0,0,0,0,0,57.65,0,42.35
2021-06-28T00:00:00.000Z,14502,5597851,60.2,3664,5190581,55.82,0,0,0,0,0,0,57.68,0,42.32
2021-06-29T00:00:00.000Z,16693,5614544,60.38,3723,5194304,55.86,0,0,0,0,0,0,57.69,0,42.31
2021-06-30T00:00:00.000Z,16465,5631009,60.55,3382,5197686,55.89,0,0,0,0,0,0,57.72,0,42.28
2021-07-01T00:00:00.000Z,16801,5647810,60.73,3360,5201046,55.93,95,95,0,0,0,0,57.78,0,42.22
2021-07-02T00:00:00.000Z,9821,5657631,60.84,1583,5202629,55.95,6,101,0,0,0,0,57.79,0,42.21
2021-07-03T00:00:00.000Z,2662,5660293,60.87,293,5202922,55.95,1,102,0,0,0,0,57.79,0,42.21
2021-07-04T00:00:00.000Z,17721,5678014,61.06,3152,5206074,55.98,1,103,0,0,0,0,57.85,0,42.15
2021-07-05T00:00:00.000Z,17839,5695853,61.25,3033,5209107,56.02,6,109,0,0,0,0,57.91,0,42.09
2021-07-06T00:00:00.000Z,17826,5713679,61.44,3396,5212503,56.05,10,119,0,0,0,0,57.99,0,42.01
2021-07-07T00:00:00.000Z,15507,5729186,61.61,2684,5215187,56.08,12,131,0,0,0,0,58.05,0,41.95
2021-07-08T00:00:00.000Z,16570,5745756,61.79,2859,5218046,56.11,17,148,0,0,0,0,58.12,0,41.88
2021-07-09T00:00:00.000Z,11113,5756869,61.91,1518,5219564,56.13,3,151,0,0,0,0,58.15,0,41.85
2021-07-10T00:00:00.000Z,4973,5761842,61.96,376,5219940,56.13,5,156,0,0,0,0,58.15,0,41.85
2021-07-11T00:00:00.000Z,1453,5763295,61.98,2842,5222782,56.16,6,162,0,0,0,0,58.22,0,41.78
2021-07-12T00:00:00.000Z,2409,5765704,62,3671,5226453,56.2,52,214,0,0,0,0,58.29,0,41.71
2021-07-13T00:00:00.000Z,2945,5768649,62.03,5442,5231895,56.26,124,338,0,0,0,0,58.36,0,41.64
2021-07-14T00:00:00.000Z,2729,5771378,62.06,7503,5239398,56.34,441,779,0.01,0,0,0,58.42,0,41.58
2021-07-15T00:00:00.000Z,2978,5774356,62.09,9270,5248668,56.44,374,1153,0.01,0,0,0,58.5,0,41.5
2021-07-16T00:00:00.000Z,1269,5775625,62.11,5871,5254539,56.5,65,1218,0.01,0,0,0,58.54,0,41.46
2021-07-17T00:00:00.000Z,356,5775981,62.11,1382,5255921,56.52,7,1225,0.01,0,0,0,58.55,0,41.44
2021-07-18T00:00:00.000Z,2055,5778036,62.13,9763,5265684,56.62,235,1460,0.02,0,0,0,58.6,0,41.4
2021-07-19T00:00:00.000Z,3192,5781228,62.17,11331,5277015,56.75,460,1920,0.02,0,0,0,58.65,0,41.35
2021-07-20T00:00:00.000Z,2667,5783895,62.2,11892,5288907,56.87,371,2291,0.02,0,0,0,58.72,0,41.28
2021-07-21T00:00:00.000Z,2378,5786273,62.22,11858,5300765,57,323,2614,0.03,0,0,0,58.81,0,41.19
2021-07-22T00:00:00.000Z,2858,5789131,62.25,13243,5314008,57.14,391,3005,0.03,0,0,0,58.93,0,41.07
2021-07-23T00:00:00.000Z,2016,5791147,62.28,8219,5322227,57.23,105,3110,0.03,0,0,0,58.99,0,41.01
2021-07-24T00:00:00.000Z,630,5791777,62.28,1470,5323697,57.25,6,3116,0.03,0,0,0,58.99,0,41
2021-07-25T00:00:00.000Z,4410,5796187,62.33,15480,5339177,57.41,223,3339,0.04,0,0,0,59.1,0,40.89
2021-07-26T00:00:00.000Z,5151,5801338,62.38,13511,5352688,57.56,322,3661,0.04,0,0,0,59.24,0,40.75
2021-07-27T00:00:00.000Z,5476,5806814,62.44,13548,5366236,57.71,413,4074,0.04,0,0,0,59.37,0.01,40.62
2021-07-28T00:00:00.000Z,3976,5810790,62.49,12321,5378557,57.84,471,4545,0.05,0,0,0,59.5,0.01,40.49
2021-07-29T00:00:00.000Z,4644,5815434,62.54,14167,5392724,57.99,529,5074,0.05,0,0,0,59.65,0.01,40.33
2021-07-30T00:00:00.000Z,2640,5818074,62.56,10837,5403561,58.11,4117,9191,0.1,0,0,0,59.74,0.02,40.25
2021-07-31T00:00:00.000Z,1396,5819470,62.58,3541,5407102,58.15,6157,15348,0.17,0,0,0,59.75,0.02,40.23
2021-08-01T00:00:00.000Z,3068,5822538,62.61,3352,5410454,58.18,31042,46390,0.5,0,0,0,59.91,0.02,40.06
2021-08-02T00:00:00.000Z,3114,5825652,62.65,3157,5413611,58.22,58503,104893,1.13,0,0,0,60.06,0.03,39.91
2021-08-03T00:00:00.000Z,3376,5829028,62.68,3303,5416914,58.25,78949,183842,1.98,0,0,0,60.21,0.03,39.76
2021-08-04T00:00:00.000Z,3511,5832539,62.72,3238,5420152,58.29,80758,264600,2.85,0,0,0,60.34,0.03,39.63
2021-08-05T00:00:00.000Z,4495,5837034,62.77,3553,5423705,58.32,88437,353037,3.8,0,0,0,60.49,0.04,39.47
2021-08-06T00:00:00.000Z,2411,5839445,62.79,1836,5425541,58.34,44738,397775,4.28,0,0,0,60.6,0.04,39.36
2021-08-07T00:00:00.000Z,1018,5840463,62.81,671,5426212,58.35,27348,425123,4.57,0,0,0,60.63,0.04,39.32
2021-08-08T00:00:00.000Z,4992,5845455,62.86,3063,5429275,58.38,80080,505203,5.43,0,0,0,60.68,0.04,39.28
2021-08-09T00:00:00.000Z,5330,5850785,62.92,3039,5432314,58.42,76481,581684,6.26,0,0,0,60.72,0.04,39.24
2021-08-10T00:00:00.000Z,5539,5856324,62.98,3181,5435495,58.45,75418,657102,7.07,0,0,0,60.75,0.04,39.2
2021-08-11T00:00:00.000Z,5679,5862003,63.04,2931,5438426,58.48,62628,719730,7.74,0,0,0,60.79,0.04,39.17
2021-08-12T00:00:00.000Z,7015,5869018,63.11,3274,5441700,58.52,59456,779186,8.38,0,0,0,60.83,0.04,39.12
2021-08-13T00:00:00.000Z,3799,5872817,63.15,2053,5443753,58.54,43861,823047,8.85,0,0,0,60.84,0.05,39.11
2021-08-14T00:00:00.000Z,2246,5875063,63.18,845,5444598,58.55,44479,867526,9.33,0,0,0,60.85,0.05,39.1
2021-08-15T00:00:00.000Z,7150,5882213,63.25,4521,5449119,58.6,97960,965486,10.38,0,0,0,60.89,0.05,39.06
2021-08-16T00:00:00.000Z,6974,5889187,63.33,4731,5453850,58.65,89508,1054994,11.34,0,0,0,60.92,0.04,39.03
2021-08-17T00:00:00.000Z,7572,5896759,63.41,5121,5458971,58.7,83298,1138292,12.24,0,0,0,60.96,0.04,39
2021-08-18T00:00:00.000Z,8629,5905388,63.5,4598,5463569,58.75,69250,1207542,12.99,0,0,0,60.99,0.04,38.96
2021-08-19T00:00:00.000Z,10069,5915457,63.61,5199,5468768,58.81,65961,1273503,13.69,0,0,0,61.03,0.04,38.92
2021-08-20T00:00:00.000Z,4753,5920210,63.66,2799,5471567,58.84,60436,1333939,14.34,0,0,0,61.05,0.05,38.9
2021-08-21T00:00:00.000Z,3493,5923703,63.7,1566,5473133,58.86,50711,1384650,14.89,0,0,0,61.06,0.05,38.89
2021-08-22T00:00:00.000Z,9830,5933533,63.81,4788,5477921,58.91,105080,1489730,16.02,0,0,0,61.12,0.04,38.84
2021-08-23T00:00:00.000Z,10931,5944464,63.92,4430,5482351,58.95,93990,1583720,17.03,0,0,0,61.17,0.04,38.79
2021-08-24T00:00:00.000Z,11723,5956187,64.05,4694,5487045,59,98508,1682228,18.09,0,0,0,61.23,0.04,38.73
2021-08-25T00:00:00.000Z,9612,5965799,64.15,4470,5491515,59.05,99483,1781711,19.16,0,0,0,61.29,0.04,38.67
2021-08-26T00:00:00.000Z,10106,5975905,64.26,5037,5496552,59.11,101170,1882881,20.25,0,0,0,61.36,0.03,38.61
2021-08-27T00:00:00.000Z,4319,5980224,64.31,2774,5499326,59.14,56672,1939553,20.86,0,0,0,61.35,0.04,38.61
2021-08-28T00:00:00.000Z,3693,5983917,64.35,1487,5500813,59.15,33522,1973075,21.22,0,0,0,61.4,0.04,38.57
2021-08-29T00:00:00.000Z,10340,5994257,64.46,5932,5506745,59.22,79485,2052560,22.07,0,0,0,61.46,0.03,38.5
2021-08-30T00:00:00.000Z,12340,6006597,64.59,7005,5513750,59.29,115964,2168524,23.32,0,0,0,61.53,0.03,38.44
2021-08-31T00:00:00.000Z,12081,6018678,64.72,6509,5520259,59.36,114825,2283349,24.55,0,0,0,61.6,0.03,38.37
2021-09-01T00:00:00.000Z,9044,6027722,64.82,6009,5526268,59.43,112445,2395794,25.76,0,0,0,61.43,0.03,38.54
2021-09-02T00:00:00.000Z,8792,6036514,64.91,7163,5533431,59.5,111490,2507284,26.96,0,0,0,61.49,0.03,38.48
2021-09-03T00:00:00.000Z,3745,6040259,64.95,4096,5537527,59.55,58869,2566153,27.6,0,0,0,61.56,0.03,38.42
2021-09-04T00:00:00.000Z,2692,6042951,64.98,2011,5539538,59.57,29935,2596088,27.92,0,0,0,61.59,0.03,38.38
2021-09-05T00:00:00.000Z,7002,6049953,65.06,6450,5545988,59.64,73300,2669388,28.71,0,0,0,61.68,0.03,38.29
2021-09-06T00:00:00.000Z,2823,6052776,65.09,2694,5548682,59.67,22785,2692173,28.95,0,0,0,61.77,0.03,38.2
2021-09-07T00:00:00.000Z,1189,6053965,65.1,867,5549549,59.68,5390,2697563,29.01,0,0,0,61.85,0.03,38.12
2021-09-08T00:00:00.000Z,1373,6055338,65.12,1177,5550726,59.69,6614,2704177,29.08,0,0,0,61.93,0.03,38.05
2021-09-09T00:00:00.000Z,7092,6062430,65.19,12553,5563279,59.82,73820,2777997,29.87,0,0,0,62.02,0.03,37.95
2021-09-10T00:00:00.000Z,3252,6065682,65.23,4991,5568270,59.88,37921,2815918,30.28,0,0,0,62.06,0.03,37.91
2021-09-11T00:00:00.000Z,2104,6067786,65.25,2495,5570765,59.91,14806,2830724,30.44,0,0,0,62.08,0.03,37.89
2021-09-12T00:00:00.000Z,6114,6073900,65.32,8584,5579349,60,54103,2884827,31.02,0,0,0,62.16,0.03,37.81
2021-09-13T00:00:00.000Z,5609,6079509,65.38,8248,5587597,60.09,47953,2932780,31.54,0,0,0,62.15,0.03,37.82
2021-09-14T00:00:00.000Z,4956,6084465,65.43,7410,5595007,60.17,48831,2981611,32.06,0,0,0,62.2,0.03,37.77
2021-09-15T00:00:00.000Z,1741,6086206,65.45,2702,5597709,60.2,16676,2998287,32.24,0,0,0,62.25,0.03,37.72
2021-09-16T00:00:00.000Z,337,6086543,65.45,539,5598248,60.2,1741,3000028,32.26,0,0,0,62.37,0.03,37.6
2021-09-17T00:00:00.000Z,3675,6090218,65.49,7008,5605256,60.28,42882,3042910,32.72,0,0,0,62.42,0.03,37.54
2021-09-18T00:00:00.000Z,2251,6092469,65.52,2935,5608191,60.31,12780,3055690,32.86,0,0,0,62.45,0.03,37.52
2021-09-19T00:00:00.000Z,5946,6098415,65.58,10702,5618893,60.42,44313,3100003,33.34,0,0,0,62.55,0.03,37.42
2021-09-20T00:00:00.000Z,3236,6101651,65.61,4630,5623523,60.47,16691,3116694,33.52,0,0,0,62.63,0.03,37.34
2021-09-21T00:00:00.000Z,1330,6102981,65.63,2043,5625566,60.49,3471,3120165,33.55,0,0,0,62.69,0.03,37.28
2021-09-22T00:00:00.000Z,4252,6107233,65.67,7236,5632802,60.57,25058,3145223,33.82,0,0,0,62.72,0.03,37.25
2021-09-23T00:00:00.000Z,4384,6111617,65.72,5896,5638698,60.64,27819,3173042,34.12,0,0,0,62.75,0.03,37.22
2021-09-24T00:00:00.000Z,3199,6114816,65.76,4177,5642875,60.68,27708,3200750,34.42,0,0,0,62.82,0.03,37.15
2021-09-25T00:00:00.000Z,2074,6116890,65.78,2249,5645124,60.7,10433,3211183,34.53,0,0,0,62.85,0.03,37.12
2021-09-26T00:00:00.000Z,5612,6122502,65.84,5965,5651089,60.77,36249,3247432,34.92,0,0,0,62.96,0.03,37
2021-09-27T00:00:00.000Z,4694,6127196,65.89,4453,5655542,60.82,30436,3277868,35.25,0,0,0,63.02,0.03,36.94
2021-09-28T00:00:00.000Z,1463,6128659,65.9,1173,5656715,60.83,6243,3284111,35.32,0,0,0,63.06,0.04,36.91
2021-09-29T00:00:00.000Z,9624,6138283,66.01,8335,5665050,60.92,60303,3344414,35.96,0,0,0,63.13,0.03,36.84
2021-09-30T00:00:00.000Z,10960,6149243,66.13,8562,5673612,61.01,79683,3424097,36.82,0,0,0,63.18,0.03,36.79
2021-10-01T00:00:00.000Z,5116,6154359,66.18,3861,5677473,61.05,46516,3470613,37.32,0,0,0,63.23,0.03,36.73
2021-10-02T00:00:00.000Z,2861,6157220,66.21,2119,5679592,61.08,22418,3493031,37.56,0,0,0,63.26,0.03,36.71
2021-10-03T00:00:00.000Z,11667,6168887,66.34,7261,5686853,61.15,70713,3563744,38.32,0,0,0,63.35,0.03,36.62
2021-10-04T00:00:00.000Z,10316,6179203,66.45,6742,5693595,61.23,51882,3615626,38.88,0,0,0,63.4,0.03,36.57
2021-10-05T00:00:00.000Z,8447,6187650,66.54,5297,5698892,61.28,40463,3656089,39.32,0,0,0,63.41,0.03,36.55
2021-10-06T00:00:00.000Z,7540,6195190,66.62,4168,5703060,61.33,34113,3690202,39.68,0,0,0,63.52,0.03,36.45
2021-10-07T00:00:00.000Z,6885,6202075,66.69,3993,5707053,61.37,34036,3724238,40.05,0,0,0,63.63,0.03,36.34
2021-10-08T00:00:00.000Z,3086,6205161,66.73,2629,5709682,61.4,19226,3743464,40.26,0,0,0,63.68,0.03,36.29
2021-10-09T00:00:00.000Z,1335,6206496,66.74,1432,5711114,61.41,7431,3750895,40.34,0,0,0,63.71,0.03,36.26
2021-10-10T00:00:00.000Z,4675,6211171,66.79,3738,5714852,61.45,21502,3772397,40.57,0,0,0,63.82,0.04,36.14
2021-10-11T00:00:00.000Z,4291,6215462,66.84,2932,5717784,61.49,17254,3789651,40.75,0,0,0,63.91,0.04,36.05
2021-10-12T00:00:00.000Z,3968,6219430,66.88,2991,5720775,61.52,15346,3804997,40.92,0,0,0,63.99,0.05,35.96
2021-10-13T00:00:00.000Z,3482,6222912,66.92,2440,5723215,61.54,13564,3818561,41.06,0,0,0,64.09,0.05,35.86
2021-10-14T00:00:00.000Z,3866,6226778,66.96,2674,5725889,61.57,16546,3835107,41.24,0,0,0,64.19,0.06,35.75
2021-10-15T00:00:00.000Z,1693,6228471,66.98,1672,5727561,61.59,8994,3844101,41.34,0,0,0,64.23,0.07,35.7
2021-10-16T00:00:00.000Z,728,6229199,66.99,943,5728504,61.6,4029,3848130,41.38,0,0,0,64.25,0.08,35.67
2021-10-17T00:00:00.000Z,3089,6232288,67.02,2517,5731021,61.63,12781,3860911,41.52,0,0,0,64.36,0.09,35.56
2021-10-18T00:00:00.000Z,2453,6234741,67.05,1673,5732694,61.65,10054,3870965,41.63,0,0,0,64.43,0.1,35.47
2021-10-19T00:00:00.000Z,2386,6237127,67.07,1273,5733967,61.66,9279,3880244,41.73,0,0,0,64.49,0.1,35.4
2021-10-20T00:00:00.000Z,2429,6239556,67.1,2286,5736253,61.68,10079,3890323,41.83,0,0,0,64.14,0.52,35.34
2021-10-21T00:00:00.000Z,3025,6242581,67.13,3081,5739334,61.72,12142,3902465,41.97,0,0,0,54.23,10.41,35.36
2021-10-22T00:00:00.000Z,1272,6243853,67.14,1421,5740755,61.73,5812,3908277,42.03,0,0,0,54.36,10.26,35.38
2021-10-23T00:00:00.000Z,562,6244415,67.15,1258,5742013,61.75,2559,3910836,42.06,0,0,0,54.42,10.19,35.39
2021-10-24T00:00:00.000Z,2511,6246926,67.18,2650,5744663,61.78,9843,3920679,42.16,0,0,0,54.22,10.43,35.35
2021-10-25T00:00:00.000Z,2627,6249553,67.2,2733,5747396,61.8,8494,3929173,42.25,0,0,0,54.59,10.22,35.19
2021-10-26T00:00:00.000Z,2370,6251923,67.23,2039,5749435,61.83,8505,3937678,42.34,0,0,0,54.64,10.26,35.1
2021-10-27T00:00:00.000Z,2287,6254210,67.25,2549,5751984,61.85,7937,3945615,42.43,0,0,0,54.58,10.37,35.06
2021-10-28T00:00:00.000Z,2491,6256701,67.28,2759,5754743,61.88,8649,3954264,42.52,0,0,0,54.69,10.76,34.55
2021-10-29T00:00:00.000Z,887,6257588,67.29,1136,5755879,61.9,4113,3958377,42.57,0,0,0,54.73,10.75,34.52
2021-10-30T00:00:00.000Z,357,6257945,67.29,524,5756403,61.9,1702,3960079,42.58,0,0,0,54.68,10.81,34.52
2021-10-31T00:00:00.000Z,2258,6260203,67.32,2487,5758890,61.93,8238,3968317,42.67,0,0,0,54.83,10.7,34.47
2021-11-01T00:00:00.000Z,1733,6261936,67.34,2082,5760972,61.95,6455,3974772,42.74,0,0,0,54.95,10.63,34.42
2021-11-02T00:00:00.000Z,2021,6263957,67.36,2029,5763001,61.97,6268,3981040,42.81,0,0,0,54.89,10.69,34.42
2021-11-03T00:00:00.000Z,1753,6265710,67.38,1878,5764879,61.99,5540,3986580,42.87,0,0,0,54.86,10.75,34.39
2021-11-04T00:00:00.000Z,2101,6267811,67.4,2787,5767666,62.02,7107,3993687,42.95,0,0,0,54.85,10.81,34.33
2021-11-05T00:00:00.000Z,775,6268586,67.41,890,5768556,62.03,3454,3997141,42.98,0,0,0,54.85,10.83,34.32
2021-11-06T00:00:00.000Z,341,6268927,67.41,380,5768936,62.04,1368,3998509,43,0,0,0,54.82,10.86,34.32
2021-11-07T00:00:00.000Z,1582,6270509,67.43,1767,5770703,62.06,6120,4004629,43.06,0,0,0,54.92,10.8,34.28
2021-11-08T00:00:00.000Z,1512,6272021,67.45,1592,5772295,62.07,5390,4010019,43.12,0,0,0,55.01,10.75,34.24
2021-11-09T00:00:00.000Z,1421,6273442,67.46,1594,5773889,62.09,5316,4015335,43.18,0,0,0,55.05,10.74,34.21
2021-11-10T00:00:00.000Z,1420,6274862,67.48,1643,5775532,62.11,4763,4020098,43.23,0,0,0,55.08,10.73,34.19
2021-11-11T00:00:00.000Z,1628,6276490,67.49,1931,5777463,62.13,5682,4025780,43.29,0,0,0,55.15,10.69,34.15
2021-11-12T00:00:00.000Z,623,6277113,67.5,813,5778276,62.14,2897,4028677,43.32,0,0,0,55.17,10.69,34.14
2021-11-13T00:00:00.000Z,252,6277365,67.5,282,5778558,62.14,1115,4029792,43.33,0,0,0,55.14,10.72,34.14
2021-11-14T00:00:00.000Z,1536,6278901,67.52,1626,5780184,62.16,5105,4034897,43.39,0,0,0,55.21,10.68,34.11
2021-11-15T00:00:00.000Z,1266,6280167,67.53,1607,5781791,62.17,4757,4039654,43.44,0,0,0,55.28,10.63,34.09
2021-11-16T00:00:00.000Z,1268,6281435,67.55,1396,5783187,62.19,4327,4043981,43.49,0,0,0,55.32,10.62,34.07
2021-11-17T00:00:00.000Z,1194,6282629,67.56,1550,5784737,62.21,3888,4047869,43.53,0,0,0,55.35,10.6,34.05
2021-11-18T00:00:00.000Z,1355,6283984,67.57,1677,5786414,62.22,4989,4052858,43.58,0,0,0,55.41,10.58,34.02
2021-11-19T00:00:00.000Z,584,6284568,67.58,746,5787160,62.23,2435,4055293,43.61,0,0,0,55.42,10.57,34.01
2021-11-20T00:00:00.000Z,234,6284802,67.58,244,5787404,62.23,917,4056210,43.62,0,0,0,55.41,10.58,34
2021-11-21T00:00:00.000Z,1411,6286213,67.6,1527,5788931,62.25,4863,4061073,43.67,0,0,0,55.47,10.54,33.98
2021-11-22T00:00:00.000Z,1675,6287888,67.62,1510,5790441,62.27,4210,4065283,43.72,0,0,0,55.54,10.5,33.96
2021-11-23T00:00:00.000Z,8614,6296502,67.71,1668,5792109,62.29,3980,4069263,43.76,0,0,0,55.57,10.48,33.95
2021-11-24T00:00:00.000Z,9346,6305848,67.81,1306,5793415,62.3,3903,4073166,43.8,0,0,0,55.6,10.44,33.95
2021-11-25T00:00:00.000Z,9809,6315657,67.92,1589,5795004,62.32,4818,4077984,43.85,0,0,0,55.64,10.43,33.93
2021-11-26T00:00:00.000Z,5608,6321265,67.98,736,5795740,62.32,2759,4080743,43.88,0,0,0,55.63,10.45,33.92
2021-11-27T00:00:00.000Z,4777,6326042,68.03,316,5796056,62.33,1146,4081889,43.89,0,0,0,55.62,10.46,33.92
2021-11-28T00:00:00.000Z,10145,6336187,68.14,1479,5797535,62.34,4886,4086775,43.95,0,0,0,55.67,10.43,33.9
2021-11-29T00:00:00.000Z,9038,6345225,68.23,1126,5798661,62.36,4348,4091123,43.99,0,0,0,55.73,10.39,33.88
2021-11-30T00:00:00.000Z,10042,6355267,68.34,1018,5799679,62.37,4056,4095179,44.04,0,0,0,55.77,10.37,33.86
2021-12-01T00:00:00.000Z,8621,6363888,68.43,1086,5800765,62.38,4413,4099592,44.09,2,2,0,55.79,10.36,33.84
2021-12-02T00:00:00.000Z,9169,6373057,68.53,1434,5802199,62.39,5088,4104680,44.14,6,8,0,55.84,10.34,33.82
2021-12-03T00:00:00.000Z,6332,6379389,68.6,659,5802858,62.4,2844,4107524,44.17,1,9,0,55.86,10.33,33.81
2021-12-04T00:00:00.000Z,2506,6381895,68.63,232,5803090,62.4,905,4108429,44.18,2,11,0,55.85,10.34,33.81
2021-12-05T00:00:00.000Z,8335,6390230,68.72,1250,5804340,62.42,4666,4113095,44.23,0,11,0,55.9,10.31,33.79
2021-12-06T00:00:00.000Z,6721,6396951,68.79,1185,5805525,62.43,4323,4117418,44.28,3,14,0,55.95,10.27,33.78
2021-12-07T00:00:00.000Z,5548,6402499,68.85,1488,5807013,62.45,3947,4121365,44.32,6,20,0,55.99,10.25,33.76
2021-12-08T00:00:00.000Z,4929,6407428,68.9,1188,5808201,62.46,3848,4125213,44.36,8,28,0,56.03,10.22,33.75
2021-12-09T00:00:00.000Z,6238,6413666,68.97,1223,5809424,62.47,4483,4129696,44.41,7,35,0,56.08,10.19,33.73
2021-12-10T00:00:00.000Z,3006,6416672,69,681,5810105,62.48,2651,4132347,44.44,3,38,0,56.1,10.18,33.72
2021-12-11T00:00:00.000Z,1491,6418163,69.02,251,5810356,62.48,999,4133346,44.45,0,38,0,56.1,10.18,33.71
2021-12-12T00:00:00.000Z,7272,6425435,69.1,1436,5811792,62.5,5233,4138579,44.5,2,40,0,56.16,10.15,33.69
2021-12-13T00:00:00.000Z,6176,6431611,69.16,1364,5813156,62.51,4328,4142907,44.55,3,43,0,56.21,10.11,33.67
2021-12-14T00:00:00.000Z,7318,6438929,69.24,6095,5819251,62.58,4913,4147820,44.6,10,53,0,56.27,10.09,33.65
2021-12-15T00:00:00.000Z,7202,6446131,69.32,7398,5826649,62.66,5415,4153235,44.66,2,55,0,56.34,10.06,33.6
2021-12-16T00:00:00.000Z,8081,6454212,69.41,8603,5835252,62.75,6529,4159764,44.73,5,60,0,56.53,10.05,33.42
2021-12-17T00:00:00.000Z,4398,6458610,69.45,5123,5840375,62.8,3914,4163678,44.77,3,63,0,56.64,10.05,33.3
2021-12-18T00:00:00.000Z,3938,6462548,69.5,2907,5843282,62.84,1340,4165018,44.79,2,65,0,56.73,10.07,33.2
2021-12-19T00:00:00.000Z,6983,6469531,69.57,9328,5852610,62.94,6250,4171268,44.86,4,69,0,56.92,10.04,33.04
2021-12-20T00:00:00.000Z,7972,6477503,69.66,7508,5860118,63.02,5402,4176670,44.91,8,77,0,57.07,10.02,32.91
2021-12-21T00:00:00.000Z,9547,6487050,69.76,8641,5868759,63.11,6441,4183111,44.98,5,82,0,57.27,10.01,32.71
2021-12-22T00:00:00.000Z,9665,6496715,69.86,8138,5876897,63.2,6213,4189324,45.05,10,92,0,57.49,10,32.52
2021-12-23T00:00:00.000Z,11542,6508257,69.99,10258,5887155,63.31,8108,4197432,45.14,13,105,0,57.7,9.97,32.33
2021-12-24T00:00:00.000Z,5878,6514135,70.05,6236,5893391,63.37,5243,4202675,45.19,7,112,0,57.83,9.96,32.21
2021-12-25T00:00:00.000Z,3338,6517473,70.09,2565,5895956,63.4,2016,4204691,45.22,5,117,0,57.9,9.96,32.15
2021-12-26T00:00:00.000Z,10654,6528127,70.2,8909,5904865,63.5,8184,4212875,45.3,8,125,0,58.1,9.92,31.98
2021-12-27T00:00:00.000Z,10368,6538495,70.31,7137,5912002,63.57,8162,4221037,45.39,18,143,0,58.27,9.9,31.83
2021-12-28T00:00:00.000Z,11374,6549869,70.43,7440,5919442,63.65,9612,4230649,45.49,15,158,0,58.46,9.88,31.66
2021-12-29T00:00:00.000Z,9939,6559808,70.54,5958,5925400,63.72,8339,4238988,45.58,14,172,0,58.64,9.85,31.51
2021-12-30T00:00:00.000Z,11015,6570823,70.66,7726,5933126,63.8,12219,4251207,45.72,7,179,0,58.84,9.82,31.34
2021-12-31T00:00:00.000Z,4833,6575656,70.71,3669,5936795,63.84,7280,4258487,45.79,131,310,0,58.9,9.79,31.3
2022-01-01T00:00:00.000Z,1990,6577646,70.73,1590,5938385,63.86,2740,4261227,45.82,60,370,0,58.93,9.79,31.28
2022-01-02T00:00:00.000Z,10217,6587863,70.84,6484,5944869,63.93,12993,4274220,45.96,588,958,0.01,59.14,9.76,31.1
2022-01-03T00:00:00.000Z,9386,6597249,70.94,5253,5950122,63.98,11307,4285527,46.08,25052,26010,0.28,59.29,9.71,31
2022-01-04T00:00:00.000Z,8969,6606218,71.04,5941,5956063,64.05,10495,4296022,46.2,50638,76648,0.82,59.46,9.68,30.86
2022-01-05T00:00:00.000Z,8552,6614770,71.13,5734,5961797,64.11,10461,4306483,46.31,59563,136211,1.46,59.56,9.65,30.79
2022-01-06T00:00:00.000Z,10341,6625111,71.24,7959,5969756,64.2,13514,4319997,46.46,63969,200180,2.15,59.81,9.63,30.56
2022-01-07T00:00:00.000Z,4753,6629864,71.29,4551,5974307,64.24,8123,4328120,46.54,31127,231307,2.49,59.89,9.61,30.49
2022-01-08T00:00:00.000Z,2750,6632614,71.32,2451,5976758,64.27,5485,4333605,46.6,27623,258930,2.78,59.9,9.64,30.46
2022-01-09T00:00:00.000Z,9312,6641926,71.42,7725,5984483,64.35,11851,4345456,46.73,66746,325676,3.5,60.06,9.59,30.35
2022-01-10T00:00:00.000Z,8360,6650286,71.51,7651,5992134,64.44,11848,4357304,46.86,64740,390416,4.2,60.21,9.54,30.25
2022-01-11T00:00:00.000Z,8106,6658392,71.6,8618,6000752,64.53,11949,4369253,46.98,56634,447050,4.81,60.38,9.49,30.13
2022-01-12T00:00:00.000Z,7279,6665671,71.68,8313,6009065,64.62,11085,4380338,47.1,44596,491646,5.29,60.51,9.45,30.04
2022-01-13T00:00:00.000Z,7514,6673185,71.76,9618,6018683,64.72,11512,4391850,47.23,34735,526381,5.66,60.7,9.35,29.94
2022-01-14T00:00:00.000Z,2556,6675741,71.79,4931,6023614,64.78,6126,4397976,47.29,11135,537516,5.78,60.79,9.31,29.9
2022-01-15T00:00:00.000Z,1462,6677203,71.8,3163,6026777,64.81,3863,4401839,47.34,5714,543230,5.84,60.83,9.29,29.87
2022-01-16T00:00:00.000Z,3819,6681022,71.84,8520,6035297,64.9,7667,4409506,47.42,19981,563211,6.06,60.97,9.2,29.82
2022-01-17T00:00:00.000Z,2809,6683831,71.87,7042,6042339,64.98,6150,4415656,47.48,17830,581041,6.25,61.09,9.13,29.78
2022-01-18T00:00:00.000Z,2474,6686305,71.9,7375,6049714,65.06,5500,4421156,47.54,14807,595848,6.41,61.23,9.07,29.7
2022-01-19T00:00:00.000Z,1916,6688221,71.92,6361,6056075,65.12,4497,4425653,47.59,8451,604299,6.5,61.37,8.98,29.65
2022-01-20T00:00:00.000Z,1778,6689999,71.94,6961,6063036,65.2,4773,4430426,47.64,8034,612333,6.58,61.44,8.85,29.71
2022-01-21T00:00:00.000Z,900,6690899,71.95,3726,6066762,65.24,2620,4433046,47.67,3353,615686,6.62,61.51,8.81,29.68
2022-01-22T00:00:00.000Z,328,6691227,71.95,1457,6068219,65.25,1048,4434094,47.68,1111,616797,6.63,61.51,8.75,29.74
2022-01-23T00:00:00.000Z,1067,6692294,71.97,5624,6073843,65.32,2868,4436962,47.71,6078,622875,6.7,61.61,8.7,29.69
2022-01-24T00:00:00.000Z,757,6693051,71.97,4479,6078322,65.36,2246,4439208,47.74,5050,627925,6.75,61.73,8.62,29.65
2022-01-25T00:00:00.000Z,741,6693792,71.98,4396,6082718,65.41,2163,4441371,47.76,7101,635026,6.83,61.9,8.51,29.59
2022-01-26T00:00:00.000Z,613,6694405,71.99,3283,6086001,65.45,1595,4442966,47.78,4258,639284,6.87,62.02,8.42,29.57
2022-01-27T00:00:00.000Z,792,6695197,72,4402,6090403,65.49,1983,4444949,47.8,5435,644719,6.93,62.12,8.35,29.52
2022-01-28T00:00:00.000Z,394,6695591,72,2373,6092776,65.52,1154,4446103,47.81,3444,648163,6.97,62.16,8.33,29.5
2022-01-29T00:00:00.000Z,124,6695715,72,1042,6093818,65.53,415,4446518,47.82,1158,649321,6.98,62.23,8.29,29.48
2022-01-30T00:00:00.000Z,767,6696482,72.01,4716,6098534,65.58,2008,4448526,47.84,8098,657419,7.07,62.3,8.24,29.46
2022-01-31T00:00:00.000Z,527,6697009,72.02,3183,6101717,65.61,1596,4450122,47.85,6467,663886,7.14,62.39,8.17,29.43
2022-02-01T00:00:00.000Z,477,6697486,72.02,2795,6104512,65.64,1504,4451626,47.87,5717,669603,7.2,62.45,8.15,29.4
2022-02-02T00:00:00.000Z,374,6697860,72.03,2383,6106895,65.67,1365,4452991,47.89,5067,674670,7.26,62.28,8.13,29.59
2022-02-03T00:00:00.000Z,445,6698305,72.03,2774,6109669,65.7,1446,4454437,47.9,5601,680271,7.32,62.34,8.08,29.57
2022-02-04T00:00:00.000Z,174,6698479,72.03,985,6110654,65.71,743,4455180,47.91,2449,682720,7.34,62.37,8.06,29.57
2022-02-05T00:00:00.000Z,60,6698539,72.03,339,6110993,65.71,207,4455387,47.91,418,683138,7.35,62.34,8.09,29.56
2022-02-06T00:00:00.000Z,406,6698945,72.04,2317,6113310,65.74,1335,4456722,47.93,5677,688815,7.41,62.41,8.05,29.55
2022-02-07T00:00:00.000Z,281,6699226,72.04,1307,6114617,65.75,968,4457690,47.94,5955,694770,7.47,62.47,8.01,29.52
2022-02-08T00:00:00.000Z,313,6699539,72.04,1494,6116111,65.77,1051,4458741,47.95,6131,700901,7.54,62.54,7.97,29.49
2022-02-09T00:00:00.000Z,252,6699791,72.05,1101,6117212,65.78,931,4459672,47.96,4570,705471,7.59,62.6,7.95,29.45
2022-02-10T00:00:00.000Z,270,6700061,72.05,1291,6118503,65.8,924,4460596,47.97,4812,710283,7.64,62.63,7.93,29.44
2022-02-11T00:00:00.000Z,198,6700259,72.05,543,6119046,65.8,505,4461101,47.97,2530,712813,7.67,62.67,7.91,29.42
2022-02-12T00:00:00.000Z,27,6700286,72.05,90,6119136,65.8,115,4461216,47.97,262,713075,7.67,62.67,7.91,29.41
2022-02-13T00:00:00.000Z,286,6700572,72.05,945,6120081,65.81,962,4462178,47.98,4993,718068,7.72,62.73,7.87,29.39
2022-02-14T00:00:00.000Z,179,6700751,72.06,623,6120704,65.82,742,4462920,47.99,3135,721203,7.76,62.89,7.74,29.36
2022-02-15T00:00:00.000Z,266,6701017,72.06,763,6121467,65.83,921,4463841,48,3813,725016,7.8,62.92,7.73,29.35
2022-02-16T00:00:00.000Z,179,6701196,72.06,576,6122043,65.83,796,4464637,48.01,2482,727498,7.82,62.95,7.72,29.34
2022-02-17T00:00:00.000Z,248,6701444,72.06,737,6122780,65.84,765,4465402,48.02,3050,730548,7.86,62.96,7.7,29.34
2022-02-18T00:00:00.000Z,126,6701570,72.07,327,6123107,65.84,426,4465828,48.02,1113,731661,7.87,62.98,7.69,29.33
2022-02-19T00:00:00.000Z,33,6701603,72.07,82,6123189,65.85,73,4465901,48.02,77,731738,7.87,62.99,7.69,29.32
2022-02-20T00:00:00.000Z,202,6701805,72.07,604,6123793,65.85,714,4466615,48.03,2565,734303,7.9,63.01,7.67,29.32
2022-02-21T00:00:00.000Z,173,6701978,72.07,411,6124204,65.86,480,4467095,48.04,1540,735843,7.91,63.04,7.65,29.31
2022-02-22T00:00:00.000Z,155,6702133,72.07,452,6124656,65.86,556,4467651,48.04,1866,737709,7.93,63.05,7.65,29.3
2022-02-23T00:00:00.000Z,109,6702242,72.07,351,6125007,65.87,450,4468101,48.05,1152,738861,7.95,63.06,7.65,29.29
2022-02-24T00:00:00.000Z,137,6702379,72.07,454,6125461,65.87,560,4468661,48.05,1489,740350,7.96,63.05,7.66,29.29
2022-02-25T00:00:00.000Z,58,6702437,72.07,137,6125598,65.87,186,4468847,48.06,454,740804,7.97,63.06,7.66,29.28
2022-02-26T00:00:00.000Z,15,6702452,72.07,26,6125624,65.87,149,4468996,48.06,34,740838,7.97,63.05,7.67,29.28
2022-02-27T00:00:00.000Z,113,6702565,72.08,339,6125963,65.88,447,4469443,48.06,1118,741956,7.98,63.05,7.67,29.28
2022-02-28T00:00:00.000Z,108,6702673,72.08,264,6126227,65.88,411,4469854,48.07,903,742859,7.99,63.07,7.65,29.28
2022-03-01T00:00:00.000Z,97,6702770,72.08,279,6126506,65.88,362,4470216,48.07,792,743651,8,63.1,7.63,29.27
2022-03-02T00:00:00.000Z,74,6702844,72.08,200,6126706,65.88,318,4470534,48.07,692,744343,8,63.11,7.62,29.27
2022-03-03T00:00:00.000Z,151,6702995,72.08,368,6127074,65.89,493,4471027,48.08,983,745326,8.01,63.05,7.67,29.27
2022-03-04T00:00:00.000Z,52,6703047,72.08,161,6127235,65.89,163,4471190,48.08,226,745552,8.02,63.05,7.68,29.27
2022-03-05T00:00:00.000Z,1,6703048,72.08,24,6127259,65.89,43,4471233,48.08,30,745582,8.02,63.04,7.69,29.27
2022-03-06T00:00:00.000Z,98,6703146,72.08,259,6127518,65.89,412,4471645,48.09,759,746341,8.03,63.04,7.69,29.27
2022-03-07T00:00:00.000Z,88,6703234,72.08,255,6127773,65.9,345,4471990,48.09,603,746944,8.03,63.05,7.69,29.26
2022-03-08T00:00:00.000Z,98,6703332,72.08,263,6128036,65.9,330,4472320,48.09,546,747490,8.04,63.04,7.7,29.26
2022-03-09T00:00:00.000Z,88,6703420,72.09,212,6128248,65.9,332,4472652,48.1,490,747980,8.04,63.02,7.72,29.25
2022-03-10T00:00:00.000Z,113,6703533,72.09,372,6128620,65.9,420,4473072,48.1,614,748594,8.05,63.01,7.74,29.25
2022-03-11T00:00:00.000Z,24,6703557,72.09,85,6128705,65.91,116,4473188,48.1,141,748735,8.05,63,7.75,29.25
2022-03-12T00:00:00.000Z,9,6703566,72.09,10,6128715,65.91,28,4473216,48.1,27,748762,8.05,62.98,7.77,29.24
2022-03-13T00:00:00.000Z,94,6703660,72.09,270,6128985,65.91,356,4473572,48.11,594,749356,8.06,62.98,7.78,29.24
2022-03-14T00:00:00.000Z,64,6703724,72.09,250,6129235,65.91,316,4473888,48.11,559,749915,8.06,62.98,7.78,29.24
2022-03-15T00:00:00.000Z,78,6703802,72.09,182,6129417,65.91,288,4474176,48.11,583,750498,8.07,62.95,7.81,29.24
2022-03-16T00:00:00.000Z,74,6703876,72.09,205,6129622,65.91,300,4474476,48.12,669,751167,8.08,62.94,7.82,29.24
2022-03-17T00:00:00.000Z,65,6703941,72.09,119,6129741,65.92,284,4474760,48.12,607,751774,8.08,62.94,7.82,29.24
2022-03-18T00:00:00.000Z,18,6703959,72.09,53,6129794,65.92,99,4474859,48.12,229,752003,8.09,62.94,7.82,29.24
2022-03-19T00:00:00.000Z,5,6703964,72.09,10,6129804,65.92,26,4474885,48.12,37,752040,8.09,62.89,7.88,29.23
2022-03-20T00:00:00.000Z,119,6704083,72.09,258,6130062,65.92,481,4475366,48.13,1425,753465,8.1,62.87,7.89,29.23
2022-03-21T00:00:00.000Z,97,6704180,72.09,243,6130305,65.92,373,4475739,48.13,1127,754592,8.11,62.87,7.9,29.23
2022-03-22T00:00:00.000Z,140,6704320,72.09,339,6130644,65.93,502,4476241,48.14,1767,756359,8.13,62.84,7.94,29.23
2022-03-23T00:00:00.000Z,108,6704428,72.1,209,6130853,65.93,458,4476699,48.14,1673,758032,8.15,62.81,7.97,29.22
2022-03-24T00:00:00.000Z,175,6704603,72.1,343,6131196,65.93,762,4477461,48.15,2359,760391,8.18,62.78,8,29.22
2022-03-25T00:00:00.000Z,35,6704638,72.1,78,6131274,65.93,154,4477615,48.15,625,761016,8.18,62.78,8,29.23
2022-03-26T00:00:00.000Z,12,6704650,72.1,11,6131285,65.93,32,4477647,48.15,89,761105,8.18,62.77,8,29.22
2022-03-27T00:00:00.000Z,162,6704812,72.1,344,6131629,65.94,758,4478405,48.16,3187,764292,8.22,62.75,8.02,29.22
2022-03-28T00:00:00.000Z,112,6704924,72.1,268,6131897,65.94,617,4479022,48.17,2399,766691,8.24,62.75,8.03,29.22
2022-03-29T00:00:00.000Z,125,6705049,72.1,259,6132156,65.94,634,4479656,48.17,2764,769455,8.27,62.7,8.07,29.22
2022-03-30T00:00:00.000Z,133,6705182,72.1,209,6132365,65.94,536,4480192,48.18,2362,771817,8.3,62.81,8.11,29.07
2022-03-31T00:00:00.000Z,166,6705348,72.11,293,6132658,65.95,728,4480920,48.19,2837,774654,8.33,62.79,8.11,29.1
2022-04-01T00:00:00.000Z,117,6705465,72.11,159,6132817,65.95,274,4481194,48.19,581,775235,8.34,62.72,8.13,29.15
2022-04-02T00:00:00.000Z,6,6705471,72.11,5,6132822,65.95,34,4481228,48.19,50,775285,8.34,62.69,8.15,29.16
2022-04-03T00:00:00.000Z,158,6705629,72.11,267,6133089,65.95,566,4481794,48.2,2470,777755,8.36,62.65,8.16,29.19
2022-04-04T00:00:00.000Z,104,6705733,72.11,204,6133293,65.95,479,4482273,48.2,2212,779967,8.39,62.62,8.16,29.22
2022-04-05T00:00:00.000Z,122,6705855,72.11,218,6133511,65.96,512,4482785,48.21,2233,782200,8.41,62.57,8.19,29.25
2022-04-06T00:00:00.000Z,91,6705946,72.11,154,6133665,65.96,380,4483165,48.21,2011,784211,8.43,62.55,8.2,29.25
2022-04-07T00:00:00.000Z,178,6706124,72.11,211,6133876,65.96,633,4483798,48.22,2550,786761,8.46,62.56,8.2,29.24
2022-04-08T00:00:00.000Z,28,6706152,72.11,55,6133931,65.96,149,4483947,48.22,469,787230,8.47,62.54,8.22,29.23
2022-04-09T00:00:00.000Z,6,6706158,72.11,16,6133947,65.96,24,4483971,48.22,42,787272,8.47,62.52,8.25,29.23
2022-04-10T00:00:00.000Z,101,6706259,72.12,258,6134205,65.96,425,4484396,48.22,1840,789112,8.49,62.51,8.26,29.23
2022-04-11T00:00:00.000Z,78,6706337,72.12,200,6134405,65.97,370,4484766,48.23,1419,790531,8.5,62.54,8.26,29.2
2022-04-12T00:00:00.000Z,202,6706539,72.12,163,6134568,65.97,369,4485135,48.23,1356,791887,8.52,62.58,8.29,29.12
2022-04-13T00:00:00.000Z,117,6706656,72.12,148,6134716,65.97,298,4485433,48.23,1213,793100,8.53,62.58,8.31,29.1
2022-04-14T00:00:00.000Z,81,6706737,72.12,223,6134939,65.97,318,4485751,48.24,1065,794165,8.54,62.57,8.33,29.1
2022-04-15T00:00:00.000Z,9,6706746,72.12,51,6134990,65.97,47,4485798,48.24,78,794243,8.54,62.55,8.35,29.1
2022-04-16T00:00:00.000Z,3,6706749,72.12,8,6134998,65.97,20,4485818,48.24,26,794269,8.54,62.53,8.37,29.1
2022-04-17T00:00:00.000Z,61,6706810,72.12,130,6135128,65.97,228,4486046,48.24,807,795076,8.55,62.52,8.38,29.1
2022-04-18T00:00:00.000Z,68,6706878,72.12,108,6135236,65.98,249,4486295,48.24,747,795823,8.56,62.51,8.38,29.1
2022-04-19T00:00:00.000Z,61,6706939,72.12,130,6135366,65.98,270,4486565,48.25,827,796650,8.57,62.5,8.4,29.1
2022-04-20T00:00:00.000Z,63,6707002,72.12,117,6135483,65.98,230,4486795,48.25,642,797292,8.57,62.48,8.42,29.1
2022-04-21T00:00:00.000Z,53,6707055,72.12,104,6135587,65.98,188,4486983,48.25,477,797769,8.58,62.47,8.43,29.1
2022-04-22T00:00:00.000Z,0,6707055,72.12,15,6135602,65.98,15,4486998,48.25,14,797783,8.58,62.45,8.44,29.11
2022-04-23T00:00:00.000Z,4,6707059,72.12,8,6135610,65.98,13,4487011,48.25,13,797796,8.58,62.43,8.46,29.11
2022-04-24T00:00:00.000Z,92,6707151,72.13,246,6135856,65.98,327,4487338,48.25,861,798657,8.59,62.43,8.47,29.1
2022-04-25T00:00:00.000Z,105,6707256,72.13,191,6136047,65.98,310,4487648,48.26,736,799393,8.6,62.43,8.47,29.1
2022-04-26T00:00:00.000Z,74,6707330,72.13,173,6136220,65.99,296,4487944,48.26,779,800172,8.6,62.42,8.48,29.1
2022-04-27T00:00:00.000Z,55,6707385,72.13,159,6136379,65.99,219,4488163,48.26,636,800808,8.61,62.41,8.49,29.1
2022-04-28T00:00:00.000Z,94,6707479,72.13,220,6136599,65.99,327,4488490,48.27,858,801666,8.62,62.41,8.5,29.1
2022-04-29T00:00:00.000Z,107,6707586,72.13,142,6136741,65.99,182,4488672,48.27,205,801871,8.62,62.39,8.51,29.1
2022-04-30T00:00:00.000Z,1,6707587,72.13,2,6136743,65.99,23,4488695,48.27,19,801890,8.62,62.38,8.52,29.1
2022-05-01T00:00:00.000Z,117,6707704,72.13,179,6136922,65.99,312,4489007,48.27,629,802519,8.63,62.38,8.53,29.09
2022-05-02T00:00:00.000Z,61,6707765,72.13,151,6137073,66,235,4489242,48.28,484,803003,8.64,62.37,8.54,29.09
2022-05-03T00:00:00.000Z,73,6707838,72.13,150,6137223,66,284,4489526,48.28,495,803498,8.64,62.36,8.55,29.09
2022-05-04T00:00:00.000Z,24,6707862,72.13,55,6137278,66,57,4489583,48.28,122,803620,8.64,62.35,8.57,29.08
2022-05-05T00:00:00.000Z,0,6707862,72.13,0,6137278,66,1,4489584,48.28,3,803623,8.64,62.34,8.58,29.08
2022-05-06T00:00:00.000Z,18,6707880,72.13,59,6137337,66,63,4489647,48.28,142,803765,8.64,62.33,8.59,29.08
2022-05-07T00:00:00.000Z,0,6707880,72.13,5,6137342,66,24,4489671,48.28,21,803786,8.64,62.32,8.6,29.08
2022-05-08T00:00:00.000Z,94,6707974,72.13,200,6137542,66,270,4489941,48.28,454,804240,8.65,62.31,8.61,29.08
2022-05-09T00:00:00.000Z,59,6708033,72.13,150,6137692,66,234,4490175,48.29,489,804729,8.65,62.31,8.61,29.08
2022-05-10T00:00:00.000Z,128,6708161,72.14,164,6137856,66,258,4490433,48.29,503,805232,8.66,62.3,8.62,29.08
2022-05-11T00:00:00.000Z,58,6708219,72.14,116,6137972,66,178,4490611,48.29,459,805691,8.66,62.3,8.63,29.08
2022-05-12T00:00:00.000Z,117,6708336,72.14,201,6138173,66.01,273,4490884,48.29,657,806348,8.67,62.29,8.64,29.07
2022-05-13T00:00:00.000Z,11,6708347,72.14,39,6138212,66.01,70,4490954,48.29,106,806454,8.67,62.28,8.65,29.07
2022-05-14T00:00:00.000Z,6,6708353,72.14,10,6138222,66.01,9,4490963,48.29,22,806476,8.67,62.26,8.66,29.07
2022-05-15T00:00:00.000Z,89,6708442,72.14,170,6138392,66.01,237,4491200,48.3,655,807131,8.68,62.26,8.67,29.07
2022-05-16T00:00:00.000Z,68,6708510,72.14,129,6138521,66.01,214,4491414,48.3,498,807629,8.68,62.19,8.65,29.16
2022-05-17T00:00:00.000Z,76,6708586,72.14,150,6138671,66.01,256,4491670,48.3,606,808235,8.69,62.18,8.66,29.16
2022-05-18T00:00:00.000Z,0,6708586,72.14,0,6138671,66.01,0,4491670,48.3,0,808235,8.69,62.17,8.67,29.16
