Day_Date,vaccinated,vaccinated_cum,vaccinated_population_perc,vaccinated_seconde_dose,vaccinated_seconde_dose_cum,vaccinated_seconde_dose_population_perc,vaccinated_third_dose,vaccinated_third_dose_cum,vaccinated_third_dose_population_perc
2020-12-19T00:00:00.000Z,45,62,0,0,0,0,0,0,0
2020-12-20T00:00:00.000Z,7379,7441,0.08,0,0,0,0,0,0
2020-12-21T00:00:00.000Z,24889,32330,0.35,0,0,0,0,0,0
2020-12-22T00:00:00.000Z,44624,76954,0.83,0,0,0,0,0,0
2020-12-23T00:00:00.000Z,62851,139805,1.5,0,0,0,0,0,0
2020-12-24T00:00:00.000Z,73360,213165,2.29,0,0,0,0,0,0
2020-12-25T00:00:00.000Z,38467,251632,2.71,0,0,0,0,0,0
2020-12-26T00:00:00.000Z,32586,284218,3.06,0,0,0,0,0,0
2020-12-27T00:00:00.000Z,104434,388652,4.18,0,0,0,0,0,0
2020-12-28T00:00:00.000Z,134884,523536,5.63,0,0,0,0,0,0
2020-12-29T00:00:00.000Z,156093,679629,7.31,0,0,0,0,0,0
2020-12-30T00:00:00.000Z,152887,832516,8.95,0,0,0,0,0,0
2020-12-31T00:00:00.000Z,158336,990852,10.66,0,0,0,0,0,0
2021-01-01T00:00:00.000Z,71296,1062148,11.42,0,0,0,0,0,0
2021-01-02T00:00:00.000Z,71649,1133797,12.19,0,0,0,0,0,0
2021-01-03T00:00:00.000Z,149509,1283306,13.8,0,0,0,0,0,0
2021-01-04T00:00:00.000Z,151958,1435264,15.43,1,1,0,0,0,0
2021-01-05T00:00:00.000Z,124949,1560213,16.78,0,1,0,0,0,0
2021-01-06T00:00:00.000Z,103146,1663359,17.89,1,2,0,0,0,0
2021-01-07T00:00:00.000Z,115866,1779225,19.13,5,7,0,0,0,0
2021-01-08T00:00:00.000Z,66325,1845550,19.85,3,10,0,0,0,0
2021-01-09T00:00:00.000Z,44465,1890015,20.32,22,32,0,0,0,0
2021-01-10T00:00:00.000Z,37557,1927572,20.73,5989,6021,0.06,0,0,0
2021-01-11T00:00:00.000Z,21033,1948605,20.95,19239,25260,0.27,0,0,0
2021-01-12T00:00:00.000Z,23921,1972526,21.21,35645,60905,0.65,0,0,0
2021-01-13T00:00:00.000Z,51941,2024467,21.77,56835,117740,1.27,0,0,0
2021-01-14T00:00:00.000Z,56324,2080791,22.38,68786,186526,2.01,0,0,0
2021-01-15T00:00:00.000Z,30631,2111422,22.71,35894,222420,2.39,0,0,0
2021-01-16T00:00:00.000Z,29372,2140794,23.02,25988,248408,2.67,0,0,0
2021-01-17T00:00:00.000Z,68274,2209068,23.76,84507,332915,3.58,0,0,0
2021-01-18T00:00:00.000Z,69564,2278632,24.5,120308,453223,4.87,0,0,0
2021-01-19T00:00:00.000Z,72657,2351289,25.28,137654,590877,6.35,0,0,0
2021-01-20T00:00:00.000Z,76603,2427892,26.11,143544,734421,7.9,0,0,0
2021-01-21T00:00:00.000Z,69730,2497622,26.86,164179,898600,9.66,0,0,0
2021-01-22T00:00:00.000Z,37738,2535360,27.26,70996,969596,10.43,0,0,0
2021-01-23T00:00:00.000Z,39869,2575229,27.69,53507,1023103,11,0,0,0
2021-01-24T00:00:00.000Z,68964,2644193,28.43,140479,1163582,12.51,0,0,0
2021-01-25T00:00:00.000Z,80757,2724950,29.3,139303,1302885,14.01,0,0,0
2021-01-26T00:00:00.000Z,78507,2803457,30.15,126204,1429089,15.37,0,0,0
2021-01-27T00:00:00.000Z,77727,2881184,30.98,124832,1553921,16.71,0,0,0
2021-01-28T00:00:00.000Z,79397,2960581,31.84,130408,1684329,18.11,0,0,0
2021-01-29T00:00:00.000Z,36537,2997118,32.23,64667,1748996,18.81,0,0,0
2021-01-30T00:00:00.000Z,34306,3031424,32.6,42683,1791679,19.27,0,0,0
2021-01-31T00:00:00.000Z,73199,3104623,33.39,59384,1851063,19.91,0,0,0
2021-02-01T00:00:00.000Z,82319,3186942,34.27,35232,1886295,20.28,0,0,0
2021-02-02T00:00:00.000Z,69896,3256838,35.02,30972,1917267,20.62,0,0,0
2021-02-03T00:00:00.000Z,60109,3316947,35.67,51297,1968564,21.17,0,0,0
2021-02-04T00:00:00.000Z,72425,3389372,36.45,57968,2026532,21.79,0,0,0
2021-02-05T00:00:00.000Z,33794,3423166,36.81,28671,2055203,22.1,0,0,0
2021-02-06T00:00:00.000Z,21545,3444711,37.04,22146,2077349,22.34,0,0,0
2021-02-07T00:00:00.000Z,53970,3498681,37.62,68571,2145920,23.08,0,0,0
2021-02-08T00:00:00.000Z,58498,3557179,38.25,65250,2211170,23.78,0,0,0
2021-02-09T00:00:00.000Z,66170,3623349,38.96,67358,2278528,24.5,0,0,0
2021-02-10T00:00:00.000Z,70362,3693711,39.72,72060,2350588,25.28,0,0,0
2021-02-11T00:00:00.000Z,80964,3774675,40.59,71874,2422462,26.05,0,0,0
2021-02-12T00:00:00.000Z,38960,3813635,41.01,37438,2459900,26.45,0,0,0
2021-02-13T00:00:00.000Z,27387,3841022,41.3,30365,2490265,26.78,0,0,0
2021-02-14T00:00:00.000Z,74760,3915782,42.11,68917,2559182,27.52,0,0,0
2021-02-15T00:00:00.000Z,81349,3997131,42.98,75525,2634707,28.33,0,0,0
2021-02-16T00:00:00.000Z,83330,4080461,43.88,78076,2712783,29.17,0,0,0
2021-02-17T00:00:00.000Z,61812,4142273,44.54,75412,2788195,29.98,0,0,0
2021-02-18T00:00:00.000Z,68994,4211267,45.29,79546,2867741,30.84,0,0,0
2021-02-19T00:00:00.000Z,39564,4250831,45.71,38009,2905750,31.25,0,0,0
2021-02-20T00:00:00.000Z,31588,4282419,46.05,28664,2934414,31.56,0,0,0
2021-02-21T00:00:00.000Z,79320,4361739,46.9,78351,3012765,32.4,0,0,0
2021-02-22T00:00:00.000Z,84903,4446642,47.82,80405,3093170,33.26,0,0,0
2021-02-23T00:00:00.000Z,77201,4523843,48.65,70273,3163443,34.02,0,0,0
2021-02-24T00:00:00.000Z,60904,4584747,49.3,62922,3226365,34.69,0,0,0
2021-02-25T00:00:00.000Z,51554,4636301,49.86,64603,3290968,35.39,0,0,0
2021-02-26T00:00:00.000Z,25771,4662072,50.13,31906,3322874,35.73,0,0,0
2021-02-27T00:00:00.000Z,18258,4680330,50.33,21141,3344015,35.96,0,0,0
2021-02-28T00:00:00.000Z,40178,4720508,50.76,55755,3399770,36.56,0,0,0
2021-03-01T00:00:00.000Z,45531,4766039,51.25,61286,3461056,37.22,0,0,0
2021-03-02T00:00:00.000Z,41021,4807060,51.69,64596,3525652,37.91,0,0,0
2021-03-03T00:00:00.000Z,41804,4848864,52.14,66613,3592265,38.63,0,0,0
2021-03-04T00:00:00.000Z,39490,4888354,52.57,78913,3671178,39.48,0,0,0
2021-03-05T00:00:00.000Z,17168,4905522,52.75,40339,3711517,39.91,0,0,0
2021-03-06T00:00:00.000Z,10574,4916096,52.87,25285,3736802,40.18,0,0,0
2021-03-07T00:00:00.000Z,30988,4947084,53.2,72711,3809513,40.97,0,0,0
2021-03-08T00:00:00.000Z,27171,4974255,53.49,73119,3882632,41.75,0,0,0
2021-03-09T00:00:00.000Z,26517,5000772,53.78,76499,3959131,42.57,0,0,0
2021-03-10T00:00:00.000Z,23112,5023884,54.02,58531,4017662,43.2,0,0,0
2021-03-11T00:00:00.000Z,23072,5046956,54.27,68920,4086582,43.95,0,0,0
2021-03-12T00:00:00.000Z,11105,5058061,54.39,41306,4127888,44.39,0,0,0
2021-03-13T00:00:00.000Z,7849,5065910,54.48,25184,4153072,44.66,0,0,0
2021-03-14T00:00:00.000Z,20831,5086741,54.7,73854,4226926,45.45,0,0,0
2021-03-15T00:00:00.000Z,19929,5106670,54.91,78095,4305021,46.29,0,0,0
2021-03-16T00:00:00.000Z,18543,5125213,55.11,71379,4376400,47.06,0,0,0
2021-03-17T00:00:00.000Z,17505,5142718,55.3,58875,4435275,47.69,0,0,0
2021-03-18T00:00:00.000Z,15830,5158548,55.47,57984,4493259,48.32,0,0,0
2021-03-19T00:00:00.000Z,6751,5165299,55.55,27882,4521141,48.62,0,0,0
2021-03-20T00:00:00.000Z,5124,5170423,55.6,15233,4536374,48.78,0,0,0
2021-03-21T00:00:00.000Z,13038,5183461,55.74,40385,4576759,49.22,0,0,0
2021-03-22T00:00:00.000Z,13359,5196820,55.88,40393,4617152,49.65,0,0,0
2021-03-23T00:00:00.000Z,2607,5199427,55.91,7160,4624312,49.73,0,0,0
2021-03-24T00:00:00.000Z,10798,5210225,56.03,46390,4670702,50.23,0,0,0
2021-03-25T00:00:00.000Z,10039,5220264,56.14,35282,4705984,50.61,0,0,0
2021-03-26T00:00:00.000Z,4008,5224272,56.18,13222,4719206,50.75,0,0,0
2021-03-27T00:00:00.000Z,1711,5225983,56.2,4203,4723409,50.79,0,0,0
2021-03-28T00:00:00.000Z,2041,5228024,56.22,4552,4727961,50.84,0,0,0
2021-03-29T00:00:00.000Z,6775,5234799,56.29,29878,4757839,51.16,0,0,0
2021-03-30T00:00:00.000Z,7665,5242464,56.37,22246,4780085,51.4,0,0,0
2021-03-31T00:00:00.000Z,7958,5250422,56.46,19277,4799362,51.61,0,0,0
2021-04-01T00:00:00.000Z,7950,5258372,56.55,18486,4817848,51.81,0,0,0
2021-04-02T00:00:00.000Z,2770,5261142,56.58,7973,4825821,51.89,0,0,0
2021-04-03T00:00:00.000Z,1339,5262481,56.59,2880,4828701,51.93,0,0,0
2021-04-04T00:00:00.000Z,9540,5272021,56.69,22742,4851443,52.17,0,0,0
2021-04-05T00:00:00.000Z,10177,5282198,56.8,21117,4872560,52.4,0,0,0
2021-04-06T00:00:00.000Z,8780,5290978,56.9,16570,4889130,52.58,0,0,0
2021-04-07T00:00:00.000Z,8676,5299654,56.99,15104,4904234,52.74,0,0,0
2021-04-08T00:00:00.000Z,9165,5308819,57.09,16793,4921027,52.92,0,0,0
2021-04-09T00:00:00.000Z,3375,5312194,57.12,6058,4927085,52.98,0,0,0
2021-04-10T00:00:00.000Z,1498,5313692,57.14,3433,4930518,53.02,0,0,0
2021-04-11T00:00:00.000Z,8897,5322589,57.24,14109,4944627,53.17,0,0,0
2021-04-12T00:00:00.000Z,8715,5331304,57.33,13033,4957660,53.31,0,0,0
2021-04-13T00:00:00.000Z,5608,5336912,57.39,4783,4962443,53.36,0,0,0
2021-04-14T00:00:00.000Z,3428,5340340,57.43,5123,4967566,53.42,0,0,0
2021-04-15T00:00:00.000Z,453,5340793,57.43,418,4967984,53.42,0,0,0
2021-04-16T00:00:00.000Z,3195,5343988,57.47,6467,4974451,53.49,0,0,0
2021-04-17T00:00:00.000Z,744,5344732,57.47,1917,4976368,53.51,0,0,0
2021-04-18T00:00:00.000Z,6964,5351696,57.55,7352,4983720,53.59,0,0,0
2021-04-19T00:00:00.000Z,6209,5357905,57.62,6977,4990697,53.67,0,0,0
2021-04-20T00:00:00.000Z,6053,5363958,57.68,6701,4997398,53.74,0,0,0
2021-04-21T00:00:00.000Z,6154,5370112,57.75,6907,5004305,53.81,0,0,0
2021-04-22T00:00:00.000Z,5746,5375858,57.81,7476,5011781,53.89,0,0,0
2021-04-23T00:00:00.000Z,2587,5378445,57.84,3234,5015015,53.93,0,0,0
2021-04-24T00:00:00.000Z,682,5379127,57.84,1214,5016229,53.94,0,0,0
2021-04-25T00:00:00.000Z,4714,5383841,57.9,6832,5023061,54.02,0,0,0
2021-04-26T00:00:00.000Z,5333,5389174,57.95,7731,5030792,54.1,0,0,0
2021-04-27T00:00:00.000Z,4351,5393525,58,6423,5037215,54.17,0,0,0
2021-04-28T00:00:00.000Z,4315,5397840,58.05,7106,5044321,54.24,0,0,0
2021-04-29T00:00:00.000Z,4193,5402033,58.09,7097,5051418,54.32,0,0,0
2021-04-30T00:00:00.000Z,1736,5403769,58.11,3005,5054423,54.35,0,0,0
2021-05-01T00:00:00.000Z,383,5404152,58.11,823,5055246,54.36,0,0,0
2021-05-02T00:00:00.000Z,3156,5407308,58.15,5959,5061205,54.43,0,0,0
2021-05-03T00:00:00.000Z,3403,5410711,58.18,5635,5066840,54.49,0,0,0
2021-05-04T00:00:00.000Z,3384,5414095,58.22,4532,5071372,54.53,0,0,0
2021-05-05T00:00:00.000Z,3118,5417213,58.25,3869,5075241,54.58,0,0,0
2021-05-06T00:00:00.000Z,3441,5420654,58.29,2926,5078167,54.61,0,0,0
2021-05-07T00:00:00.000Z,1664,5422318,58.31,2285,5080452,54.63,0,0,0
2021-05-08T00:00:00.000Z,176,5422494,58.31,424,5080876,54.64,0,0,0
2021-05-09T00:00:00.000Z,2765,5425259,58.34,4633,5085509,54.69,0,0,0
2021-05-10T00:00:00.000Z,2765,5428024,58.37,4533,5090042,54.74,0,0,0
2021-05-11T00:00:00.000Z,2424,5430448,58.4,3648,5093690,54.77,0,0,0
2021-05-12T00:00:00.000Z,1824,5432272,58.42,3104,5096794,54.81,0,0,0
2021-05-13T00:00:00.000Z,1821,5434093,58.44,3487,5100281,54.85,0,0,0
2021-05-14T00:00:00.000Z,778,5434871,58.44,1336,5101617,54.86,0,0,0
2021-05-15T00:00:00.000Z,136,5435007,58.45,176,5101793,54.86,0,0,0
2021-05-16T00:00:00.000Z,431,5435438,58.45,1138,5102931,54.87,0,0,0
2021-05-17T00:00:00.000Z,188,5435626,58.45,759,5103690,54.88,0,0,0
2021-05-18T00:00:00.000Z,1819,5437445,58.47,4806,5108496,54.93,0,0,0
2021-05-19T00:00:00.000Z,2038,5439483,58.49,4880,5113376,54.99,0,0,0
2021-05-20T00:00:00.000Z,2102,5441585,58.52,3722,5117098,55.03,0,0,0
2021-05-21T00:00:00.000Z,1019,5442604,58.53,1230,5118328,55.04,0,0,0
2021-05-22T00:00:00.000Z,140,5442744,58.53,323,5118651,55.04,0,0,0
2021-05-23T00:00:00.000Z,2199,5444943,58.55,3129,5121780,55.08,0,0,0
2021-05-24T00:00:00.000Z,1979,5446922,58.57,3467,5125247,55.11,0,0,0
2021-05-25T00:00:00.000Z,1656,5448578,58.59,2444,5127691,55.14,0,0,0
2021-05-26T00:00:00.000Z,1243,5449821,58.6,2353,5130044,55.17,0,0,0
2021-05-27T00:00:00.000Z,1645,5451466,58.62,2958,5133002,55.2,0,0,0
2021-05-28T00:00:00.000Z,631,5452097,58.63,1246,5134248,55.21,0,0,0
2021-05-29T00:00:00.000Z,105,5452202,58.63,163,5134411,55.21,0,0,0
2021-05-30T00:00:00.000Z,1547,5453749,58.65,1852,5136263,55.23,0,0,0
2021-05-31T00:00:00.000Z,1574,5455323,58.66,1976,5138239,55.25,0,0,0
2021-06-01T00:00:00.000Z,1197,5456520,58.68,1692,5139931,55.27,0,0,0
2021-06-02T00:00:00.000Z,1318,5457838,58.69,1458,5141389,55.29,0,0,0
2021-06-03T00:00:00.000Z,1526,5459364,58.71,1295,5142684,55.3,0,0,0
2021-06-04T00:00:00.000Z,932,5460296,58.72,552,5143236,55.31,0,0,0
2021-06-05T00:00:00.000Z,106,5460402,58.72,66,5143302,55.31,0,0,0
2021-06-06T00:00:00.000Z,4188,5464590,58.76,879,5144181,55.32,0,0,0
2021-06-07T00:00:00.000Z,4241,5468831,58.81,673,5144854,55.33,0,0,0
2021-06-08T00:00:00.000Z,3585,5472416,58.85,1028,5145882,55.34,0,0,0
2021-06-09T00:00:00.000Z,3463,5475879,58.88,1154,5147036,55.35,0,0,0
2021-06-10T00:00:00.000Z,3193,5479072,58.92,1132,5148168,55.36,0,0,0
2021-06-11T00:00:00.000Z,1250,5480322,58.93,413,5148581,55.37,0,0,0
2021-06-12T00:00:00.000Z,140,5480462,58.93,89,5148670,55.37,0,0,0
2021-06-13T00:00:00.000Z,3047,5483509,58.97,1167,5149837,55.38,0,0,0
2021-06-14T00:00:00.000Z,2901,5486410,59,1385,5151222,55.39,0,0,0
2021-06-15T00:00:00.000Z,2979,5489389,59.03,1202,5152424,55.41,0,0,0
2021-06-16T00:00:00.000Z,2582,5491971,59.06,840,5153264,55.42,0,0,0
2021-06-17T00:00:00.000Z,2560,5494531,59.09,1030,5154294,55.43,0,0,0
2021-06-18T00:00:00.000Z,1124,5495655,59.1,346,5154640,55.43,0,0,0
2021-06-19T00:00:00.000Z,142,5495797,59.1,78,5154718,55.43,0,0,0
2021-06-20T00:00:00.000Z,3238,5499035,59.13,1221,5155939,55.44,0,0,0
2021-06-21T00:00:00.000Z,5063,5504098,59.19,1071,5157010,55.46,0,0,0
2021-06-22T00:00:00.000Z,6764,5510862,59.26,942,5157952,55.47,0,0,0
2021-06-23T00:00:00.000Z,10561,5521423,59.37,1127,5159079,55.48,0,0,0
2021-06-24T00:00:00.000Z,11864,5533287,59.5,1317,5160396,55.49,0,0,0
2021-06-25T00:00:00.000Z,6932,5540219,59.58,774,5161170,55.5,0,0,0
2021-06-26T00:00:00.000Z,2191,5542410,59.6,114,5161284,55.5,0,0,0
2021-06-27T00:00:00.000Z,13539,5555949,59.75,3337,5164621,55.54,0,0,0
2021-06-28T00:00:00.000Z,14361,5570310,59.9,3512,5168133,55.58,0,0,0
2021-06-29T00:00:00.000Z,16537,5586847,60.08,3552,5171685,55.61,0,0,0
2021-06-30T00:00:00.000Z,16297,5603144,60.25,3211,5174896,55.65,0,0,0
2021-07-01T00:00:00.000Z,16653,5619797,60.43,3218,5178114,55.68,25,25,0
2021-07-02T00:00:00.000Z,9684,5629481,60.54,1418,5179532,55.7,0,25,0
2021-07-03T00:00:00.000Z,2597,5632078,60.56,242,5179774,55.7,0,25,0
2021-07-04T00:00:00.000Z,17653,5649731,60.75,3085,5182859,55.73,0,25,0
2021-07-05T00:00:00.000Z,17713,5667444,60.94,2882,5185741,55.76,1,26,0
2021-07-06T00:00:00.000Z,17735,5685179,61.14,3237,5188978,55.8,4,30,0
2021-07-07T00:00:00.000Z,15370,5700549,61.3,2529,5191507,55.83,8,38,0
2021-07-08T00:00:00.000Z,16440,5716989,61.48,2693,5194200,55.86,10,48,0
2021-07-09T00:00:00.000Z,11029,5728018,61.6,1335,5195535,55.87,0,48,0
2021-07-10T00:00:00.000Z,4898,5732916,61.65,307,5195842,55.87,2,50,0
2021-07-11T00:00:00.000Z,1389,5734305,61.66,2766,5198608,55.9,1,51,0
2021-07-12T00:00:00.000Z,2325,5736630,61.69,3520,5202128,55.94,43,94,0
2021-07-13T00:00:00.000Z,2852,5739482,61.72,5289,5207417,56,114,208,0
2021-07-14T00:00:00.000Z,2613,5742095,61.75,7351,5214768,56.08,438,646,0.01
2021-07-15T00:00:00.000Z,2859,5744954,61.78,9105,5223873,56.17,366,1012,0.01
2021-07-16T00:00:00.000Z,1158,5746112,61.79,5744,5229617,56.24,62,1074,0.01
2021-07-17T00:00:00.000Z,299,5746411,61.79,1300,5230917,56.25,5,1079,0.01
2021-07-18T00:00:00.000Z,2007,5748418,61.82,9686,5240603,56.35,233,1312,0.01
2021-07-19T00:00:00.000Z,3102,5751520,61.85,11159,5251762,56.47,450,1762,0.02
2021-07-20T00:00:00.000Z,2545,5754065,61.88,11744,5263506,56.6,361,2123,0.02
2021-07-21T00:00:00.000Z,2263,5756328,61.9,11684,5275190,56.73,317,2440,0.03
2021-07-22T00:00:00.000Z,2791,5759119,61.93,13070,5288260,56.87,381,2821,0.03
2021-07-23T00:00:00.000Z,1922,5761041,61.95,8048,5296308,56.95,95,2916,0.03
2021-07-24T00:00:00.000Z,575,5761616,61.96,1389,5297697,56.97,5,2921,0.03
2021-07-25T00:00:00.000Z,4352,5765968,62,15389,5313086,57.13,204,3125,0.03
2021-07-26T00:00:00.000Z,5045,5771013,62.06,13342,5326428,57.28,311,3436,0.04
2021-07-27T00:00:00.000Z,5392,5776405,62.12,13391,5339819,57.42,406,3842,0.04
2021-07-28T00:00:00.000Z,3897,5780302,62.16,12183,5352002,57.55,450,4292,0.05
2021-07-29T00:00:00.000Z,4570,5784872,62.21,13968,5365970,57.7,511,4803,0.05
2021-07-30T00:00:00.000Z,2543,5787415,62.23,10689,5376659,57.82,4092,8895,0.1
2021-07-31T00:00:00.000Z,1358,5788773,62.25,3476,5380135,57.86,6131,15026,0.16
2021-08-01T00:00:00.000Z,3024,5791797,62.28,3281,5383416,57.89,30917,45943,0.49
2021-08-02T00:00:00.000Z,3036,5794833,62.31,3033,5386449,57.92,58388,104331,1.12
2021-08-03T00:00:00.000Z,3310,5798143,62.35,3165,5389614,57.96,78816,183147,1.97
2021-08-04T00:00:00.000Z,3476,5801619,62.39,3080,5392694,57.99,80592,263739,2.84
2021-08-05T00:00:00.000Z,4436,5806055,62.44,3439,5396133,58.03,88225,351964,3.78
2021-08-06T00:00:00.000Z,2362,5808417,62.46,1702,5397835,58.05,44629,396593,4.26
2021-08-07T00:00:00.000Z,977,5809394,62.47,603,5398438,58.05,27291,423884,4.56
2021-08-08T00:00:00.000Z,4998,5814392,62.53,3000,5401438,58.08,79913,503797,5.42
2021-08-09T00:00:00.000Z,5306,5819698,62.58,2907,5404345,58.12,76278,580075,6.24
2021-08-10T00:00:00.000Z,5523,5825221,62.64,3056,5407401,58.15,75213,655288,7.05
2021-08-11T00:00:00.000Z,5622,5830843,62.7,2796,5410197,58.18,62484,717772,7.72
2021-08-12T00:00:00.000Z,6998,5837841,62.78,3179,5413376,58.21,59291,777063,8.36
2021-08-13T00:00:00.000Z,3756,5841597,62.82,1951,5415327,58.23,43757,820820,8.83
2021-08-14T00:00:00.000Z,2246,5843843,62.84,763,5416090,58.24,44364,865184,9.3
2021-08-15T00:00:00.000Z,7184,5851027,62.92,4438,5420528,58.29,97730,962914,10.35
2021-08-16T00:00:00.000Z,6992,5858019,62.99,4604,5425132,58.34,89205,1052119,11.31
2021-08-17T00:00:00.000Z,7575,5865594,63.08,5013,5430145,58.39,82934,1135053,12.21
2021-08-18T00:00:00.000Z,8626,5874220,63.17,4491,5434636,58.44,68947,1204000,12.95
2021-08-19T00:00:00.000Z,10067,5884287,63.28,5117,5439753,58.5,65668,1269668,13.65
2021-08-20T00:00:00.000Z,4732,5889019,63.33,2692,5442445,58.53,60223,1329891,14.3
2021-08-21T00:00:00.000Z,3504,5892523,63.37,1493,5443938,58.54,50588,1380479,14.85
2021-08-22T00:00:00.000Z,9919,5902442,63.47,4756,5448694,58.59,104706,1485185,15.97
2021-08-23T00:00:00.000Z,11014,5913456,63.59,4320,5453014,58.64,93516,1578701,16.98
2021-08-24T00:00:00.000Z,11843,5925299,63.72,4597,5457611,58.69,97889,1676590,18.03
2021-08-25T00:00:00.000Z,9779,5935078,63.82,4359,5461970,58.74,98945,1775535,19.09
2021-08-26T00:00:00.000Z,10181,5945259,63.93,4950,5466920,58.79,100632,1876167,20.18
2021-08-27T00:00:00.000Z,4331,5949590,63.98,2686,5469606,58.82,56430,1932597,20.78
2021-08-28T00:00:00.000Z,3716,5953306,64.02,1424,5471030,58.83,33357,1965954,21.14
2021-08-29T00:00:00.000Z,10460,5963766,64.13,5878,5476908,58.9,79146,2045100,21.99
2021-08-30T00:00:00.000Z,12442,5976208,64.27,6897,5483805,58.97,115337,2160437,23.23
2021-08-31T00:00:00.000Z,12182,5988390,64.4,6397,5490202,59.04,114107,2274544,24.46
2021-09-01T00:00:00.000Z,9098,5997488,64.49,5887,5496089,59.1,111411,2385955,25.66
2021-09-02T00:00:00.000Z,8852,6006340,64.59,7064,5503153,59.18,110808,2496763,26.85
2021-09-03T00:00:00.000Z,3725,6010065,64.63,4002,5507155,59.22,58618,2555381,27.48
2021-09-04T00:00:00.000Z,2674,6012739,64.66,1949,5509104,59.24,29815,2585196,27.8
2021-09-05T00:00:00.000Z,7109,6019848,64.73,6399,5515503,59.31,72767,2657963,28.58
2021-09-06T00:00:00.000Z,2815,6022663,64.76,2611,5518114,59.34,22651,2680614,28.83
2021-09-07T00:00:00.000Z,1174,6023837,64.78,788,5518902,59.35,5317,2685931,28.88
2021-09-08T00:00:00.000Z,1358,6025195,64.79,1106,5520008,59.36,6520,2692451,28.95
2021-09-09T00:00:00.000Z,7147,6032342,64.87,12432,5532440,59.49,73283,2765734,29.74
2021-09-10T00:00:00.000Z,3256,6035598,64.9,4912,5537352,59.55,37673,2803407,30.15
2021-09-11T00:00:00.000Z,2117,6037715,64.93,2441,5539793,59.57,14712,2818119,30.3
2021-09-12T00:00:00.000Z,6216,6043931,64.99,8510,5548303,59.66,53717,2871836,30.88
2021-09-13T00:00:00.000Z,5752,6049683,65.06,8138,5556441,59.75,47499,2919335,31.39
2021-09-14T00:00:00.000Z,5015,6054698,65.11,7323,5563764,59.83,48525,2967860,31.91
2021-09-15T00:00:00.000Z,1727,6056425,65.13,2645,5566409,59.86,16568,2984428,32.09
2021-09-16T00:00:00.000Z,314,6056739,65.13,483,5566892,59.86,1694,2986122,32.11
2021-09-17T00:00:00.000Z,3716,6060455,65.17,6919,5573811,59.94,42659,3028781,32.57
2021-09-18T00:00:00.000Z,2249,6062704,65.2,2887,5576698,59.97,12713,3041494,32.71
2021-09-19T00:00:00.000Z,6090,6068794,65.26,10651,5587349,60.08,43985,3085479,33.18
2021-09-20T00:00:00.000Z,3251,6072045,65.3,4562,5591911,60.13,16511,3101990,33.36
2021-09-21T00:00:00.000Z,1298,6073343,65.31,1983,5593894,60.15,3359,3105349,33.39
2021-09-22T00:00:00.000Z,3947,6077290,65.35,6483,5600377,60.22,23339,3128688,33.64
2021-09-23T00:00:00.000Z,4146,6081436,65.4,5436,5605813,60.28,25695,3154383,33.92
2021-09-24T00:00:00.000Z,2845,6084281,65.43,3671,5609484,60.32,25473,3179856,34.19
2021-09-25T00:00:00.000Z,2052,6086333,65.45,2133,5611617,60.34,9940,3189796,34.3
2021-09-26T00:00:00.000Z,5348,6091681,65.51,5559,5617176,60.4,33900,3223696,34.67
2021-09-27T00:00:00.000Z,4343,6096024,65.55,4074,5621250,60.45,27724,3251420,34.96
2021-09-28T00:00:00.000Z,1310,6097334,65.57,1033,5622283,60.46,5558,3256978,35.02
2021-09-29T00:00:00.000Z,0,6097334,65.57,0,5622283,60.46,0,3256978,35.02
