Day_Date,vaccinated,vaccinated_cum,vaccinated_population_perc,vaccinated_seconde_dose,vaccinated_seconde_dose_cum,vaccinated_seconde_dose_population_perc,vaccinated_third_dose,vaccinated_third_dose_cum,vaccinated_third_dose_population_perc,vaccinated_fourth_dose,vaccinated_fourth_dose_cum,vaccinated_fourth_dose_population_perc,vaccinated_validity_perc,vaccinated_expired_perc,not_vaccinated_perc
2020-12-19T00:00:00.000Z,46,68,0,0,4,0,0,0,0,0,0,0,0,0,100
2020-12-20T00:00:00.000Z,7391,7459,0.08,0,4,0,0,0,0,0,0,0,0,0,100
2020-12-21T00:00:00.000Z,24920,32379,0.35,0,4,0,0,0,0,0,0,0,0,0,100
2020-12-22T00:00:00.000Z,44659,77038,0.83,0,4,0,0,0,0,0,0,0,0,0,100
2020-12-23T00:00:00.000Z,62908,139946,1.5,0,4,0,0,0,0,0,0,0,0,0,100
2020-12-24T00:00:00.000Z,73422,213368,2.29,0,4,0,0,0,0,0,0,0,0,0,100
2020-12-25T00:00:00.000Z,38509,251877,2.71,0,4,0,0,0,0,0,0,0,0,0,100
2020-12-26T00:00:00.000Z,32613,284490,3.06,0,4,0,0,0,0,0,0,0,0,0,100
2020-12-27T00:00:00.000Z,104557,389047,4.18,0,4,0,0,0,0,0,0,0,0,0,100
2020-12-28T00:00:00.000Z,135004,524051,5.64,0,4,0,0,0,0,0,0,0,0,0,100
2020-12-29T00:00:00.000Z,156282,680333,7.32,2,6,0,0,0,0,0,0,0,0,0,100
2020-12-30T00:00:00.000Z,153139,833472,8.96,0,6,0,0,0,0,0,0,0,0,0,100
2020-12-31T00:00:00.000Z,158545,992017,10.67,0,6,0,0,0,0,0,0,0,0,0,100
2021-01-01T00:00:00.000Z,71414,1063431,11.44,0,6,0,0,0,0,0,0,0,0,0,100
2021-01-02T00:00:00.000Z,71721,1135152,12.21,0,6,0,0,0,0,0,0,0,0,0,100
2021-01-03T00:00:00.000Z,149722,1284874,13.82,0,6,0,0,0,0,0,0,0,0,0,100
2021-01-04T00:00:00.000Z,152169,1437043,15.45,1,7,0,0,0,0,0,0,0,0,0,100
2021-01-05T00:00:00.000Z,125173,1562216,16.8,3,10,0,0,0,0,0,0,0,0,0,100
2021-01-06T00:00:00.000Z,103332,1665548,17.91,2,12,0,0,0,0,0,0,0,0,0,100
2021-01-07T00:00:00.000Z,116023,1781571,19.16,9,21,0,0,0,0,0,0,0,0,0,100
2021-01-08T00:00:00.000Z,66439,1848010,19.87,4,25,0,0,0,0,0,0,0,0,0,100
2021-01-09T00:00:00.000Z,44534,1892544,20.35,24,49,0,0,0,0,0,0,0,0,0,100
2021-01-10T00:00:00.000Z,37632,1930176,20.76,5999,6048,0.07,0,0,0,0,0,0,0,0,100
2021-01-11T00:00:00.000Z,21160,1951336,20.98,19262,25310,0.27,0,0,0,0,0,0,0,0,100
2021-01-12T00:00:00.000Z,24060,1975396,21.24,35669,60979,0.66,0,0,0,0,0,0,0,0,100
2021-01-13T00:00:00.000Z,52054,2027450,21.8,56868,117847,1.27,0,0,0,0,0,0,0,0,100
2021-01-14T00:00:00.000Z,56456,2083906,22.41,68833,186680,2.01,0,0,0,0,0,0,0,0,100
2021-01-15T00:00:00.000Z,30755,2114661,22.74,35934,222614,2.39,0,0,0,0,0,0,0,0,100
2021-01-16T00:00:00.000Z,29469,2144130,23.06,26004,248618,2.67,0,0,0,0,0,0,0,0,100
2021-01-17T00:00:00.000Z,68421,2212551,23.79,84587,333205,3.58,0,0,0,0,0,0,0.31,0,99.69
2021-01-18T00:00:00.000Z,69795,2282346,24.54,120413,453618,4.88,0,0,0,0,0,0,0.58,0,99.42
2021-01-19T00:00:00.000Z,72874,2355220,25.33,137814,591432,6.36,0,0,0,0,0,0,1.09,0,98.91
2021-01-20T00:00:00.000Z,76887,2432107,26.15,143738,735170,7.91,0,0,0,0,0,0,1.9,0,98.1
2021-01-21T00:00:00.000Z,69979,2502086,26.91,164426,899596,9.67,0,0,0,0,0,0,2.88,0,97.12
2021-01-22T00:00:00.000Z,37910,2539996,27.31,71120,970716,10.44,0,0,0,0,0,0,3.39,0,96.61
2021-01-23T00:00:00.000Z,39960,2579956,27.74,53571,1024287,11.01,0,0,0,0,0,0,3.77,0,96.23
2021-01-24T00:00:00.000Z,69129,2649085,28.49,140679,1164966,12.53,0,0,0,0,0,0,4.96,0,95.04
2021-01-25T00:00:00.000Z,80928,2730013,29.36,139495,1304461,14.03,0,0,0,0,0,0,6.61,0,93.39
2021-01-26T00:00:00.000Z,78704,2808717,30.2,126405,1430866,15.39,0,0,0,0,0,0,8.45,0,91.55
2021-01-27T00:00:00.000Z,77954,2886671,31.04,125037,1555903,16.73,0,0,0,0,0,0,10.34,0,89.66
2021-01-28T00:00:00.000Z,79551,2966222,31.9,130597,1686500,18.14,0,0,0,0,0,0,12.43,0,87.57
2021-01-29T00:00:00.000Z,36684,3002906,32.29,64776,1751276,18.83,0,0,0,0,0,0,13.34,0,86.66
2021-01-30T00:00:00.000Z,34387,3037293,32.66,42755,1794031,19.29,0,0,0,0,0,0,14.02,0,85.98
2021-01-31T00:00:00.000Z,73316,3110609,33.45,59490,1853521,19.93,0,0,0,0,0,0,15.76,0,84.24
2021-02-01T00:00:00.000Z,82481,3193090,34.34,35343,1888864,20.31,0,0,0,0,0,0,17.48,0,82.52
2021-02-02T00:00:00.000Z,70081,3263171,35.09,31059,1919923,20.65,0,0,0,0,0,0,19.01,0,80.99
2021-02-03T00:00:00.000Z,60286,3323457,35.74,51427,1971350,21.2,0,0,0,0,0,0,20.47,0,79.53
2021-02-04T00:00:00.000Z,72606,3396063,36.52,58079,2029429,21.82,0,0,0,0,0,0,22,0,78
2021-02-05T00:00:00.000Z,33930,3429993,36.88,28793,2058222,22.13,0,0,0,0,0,0,22.75,0,77.25
2021-02-06T00:00:00.000Z,21612,3451605,37.12,22227,2080449,22.37,0,0,0,0,0,0,23.23,0,76.77
2021-02-07T00:00:00.000Z,54071,3505676,37.7,68722,2149171,23.11,0,0,0,0,0,0,23.99,0,76.01
2021-02-08T00:00:00.000Z,58624,3564300,38.33,65450,2214621,23.81,0,0,0,0,0,0,24.52,0,75.48
2021-02-09T00:00:00.000Z,66330,3630630,39.04,67556,2282177,24.54,0,0,0,0,0,0,25.04,0,74.96
2021-02-10T00:00:00.000Z,70552,3701182,39.8,72291,2354468,25.32,0,0,0,0,0,0,25.77,0,74.23
2021-02-11T00:00:00.000Z,81148,3782330,40.67,72091,2426559,26.09,0,0,0,0,0,0,26.61,0,73.39
2021-02-12T00:00:00.000Z,39094,3821424,41.09,37579,2464138,26.5,0,0,0,0,0,0,27.02,0,72.98
2021-02-13T00:00:00.000Z,27457,3848881,41.39,30433,2494571,26.83,0,0,0,0,0,0,27.33,0,72.67
2021-02-14T00:00:00.000Z,74903,3923784,42.19,69072,2563643,27.57,0,0,0,0,0,0,28.25,0,71.75
2021-02-15T00:00:00.000Z,81533,4005317,43.07,75699,2639342,28.38,0,0,0,0,0,0,29.17,0,70.83
2021-02-16T00:00:00.000Z,83407,4088724,43.97,78279,2717621,29.22,0,0,0,0,0,0,30.11,0,69.89
2021-02-17T00:00:00.000Z,61966,4150690,44.63,75621,2793242,30.04,0,0,0,0,0,0,31.01,0,68.99
2021-02-18T00:00:00.000Z,69142,4219832,45.38,79719,2872961,30.89,0,0,0,0,0,0,31.94,0,68.06
2021-02-19T00:00:00.000Z,39661,4259493,45.8,38144,2911105,31.3,0,0,0,0,0,0,32.45,0,67.55
2021-02-20T00:00:00.000Z,31647,4291140,46.14,28720,2939825,31.61,0,0,0,0,0,0,32.85,0,67.15
2021-02-21T00:00:00.000Z,79420,4370560,47,78431,3018256,32.46,0,0,0,0,0,0,33.8,0,66.2
2021-02-22T00:00:00.000Z,85045,4455605,47.91,80581,3098837,33.32,0,0,0,0,0,0,34.83,0,65.17
2021-02-23T00:00:00.000Z,77319,4532924,48.74,70468,3169305,34.08,0,0,0,0,0,0,35.84,0,64.16
2021-02-24T00:00:00.000Z,61055,4593979,49.4,63125,3232430,34.76,0,0,0,0,0,0,36.76,0,63.24
2021-02-25T00:00:00.000Z,51719,4645698,49.96,64787,3297217,35.46,0,0,0,0,0,0,37.66,0,62.34
2021-02-26T00:00:00.000Z,25898,4671596,50.24,32027,3329244,35.8,0,0,0,0,0,0,38.1,0,61.9
2021-02-27T00:00:00.000Z,18343,4689939,50.43,21193,3350437,36.03,0,0,0,0,0,0,38.42,0,61.58
2021-02-28T00:00:00.000Z,40351,4730290,50.87,55864,3406301,36.63,0,0,0,0,0,0,39.24,0,60.76
2021-03-01T00:00:00.000Z,45726,4776016,51.36,61428,3467729,37.29,0,0,0,0,0,0,40.1,0,59.9
2021-03-02T00:00:00.000Z,41184,4817200,51.8,64778,3532507,37.99,0,0,0,0,0,0,40.85,0,59.15
2021-03-03T00:00:00.000Z,42014,4859214,52.25,66773,3599280,38.7,0,0,0,0,0,0,41.55,0,58.45
2021-03-04T00:00:00.000Z,39696,4898910,52.68,79105,3678385,39.56,0,0,0,0,0,0,42.24,0,57.76
2021-03-05T00:00:00.000Z,17351,4916261,52.87,40460,3718845,39.99,0,0,0,0,0,0,42.57,0,57.43
2021-03-06T00:00:00.000Z,10711,4926972,52.98,25342,3744187,40.26,0,0,0,0,0,0,42.78,0,57.22
2021-03-07T00:00:00.000Z,31144,4958116,53.32,72834,3817021,41.05,0,0,0,0,0,0,43.36,0,56.64
2021-03-08T00:00:00.000Z,27372,4985488,53.61,73281,3890302,41.83,0,0,0,0,0,0,43.97,0,56.03
2021-03-09T00:00:00.000Z,26738,5012226,53.9,76588,3966890,42.66,0,0,0,0,0,0,44.62,0,55.38
2021-03-10T00:00:00.000Z,23349,5035575,54.15,58673,4025563,43.29,0,0,0,0,0,0,45.27,0,54.73
2021-03-11T00:00:00.000Z,23295,5058870,54.4,69078,4094641,44.03,0,0,0,0,0,0,45.99,0,54.01
2021-03-12T00:00:00.000Z,11279,5070149,54.52,41403,4136044,44.48,0,0,0,0,0,0,46.34,0,53.66
2021-03-13T00:00:00.000Z,7940,5078089,54.61,25236,4161280,44.75,0,0,0,0,0,0,46.57,0,53.43
2021-03-14T00:00:00.000Z,20978,5099067,54.83,73926,4235206,45.54,0,0,0,0,0,0,47.2,0,52.8
2021-03-15T00:00:00.000Z,20132,5119199,55.05,78264,4313470,46.38,0,0,0,0,0,0,47.81,0,52.19
2021-03-16T00:00:00.000Z,18738,5137937,55.25,71471,4384941,47.15,0,0,0,0,0,0,48.43,0,51.57
2021-03-17T00:00:00.000Z,17690,5155627,55.44,58994,4443935,47.79,0,0,0,0,0,0,48.92,0,51.08
2021-03-18T00:00:00.000Z,16038,5171665,55.61,58121,4502056,48.41,0,0,0,0,0,0,49.45,0,50.55
2021-03-19T00:00:00.000Z,6940,5178605,55.69,27970,4530026,48.71,0,0,0,0,0,0,49.75,0,50.25
2021-03-20T00:00:00.000Z,5220,5183825,55.74,15290,4545316,48.88,0,0,0,0,0,0,49.93,0,50.07
2021-03-21T00:00:00.000Z,13159,5196984,55.89,40500,4585816,49.31,0,0,0,0,0,0,50.46,0,49.54
2021-03-22T00:00:00.000Z,13569,5210553,56.03,40527,4626343,49.75,0,0,0,0,0,0,51,0,49
2021-03-23T00:00:00.000Z,2827,5213380,56.06,7290,4633633,49.83,0,0,0,0,0,0,51.43,0,48.57
2021-03-24T00:00:00.000Z,10988,5224368,56.18,46545,4680178,50.33,0,0,0,0,0,0,51.84,0,48.16
2021-03-25T00:00:00.000Z,10243,5234611,56.29,35423,4715601,50.71,0,0,0,0,0,0,52.22,0,47.78
2021-03-26T00:00:00.000Z,4175,5238786,56.34,13325,4728926,50.85,0,0,0,0,0,0,52.4,0,47.6
2021-03-27T00:00:00.000Z,1779,5240565,56.35,4264,4733190,50.9,0,0,0,0,0,0,52.5,0,47.5
2021-03-28T00:00:00.000Z,2103,5242668,56.38,4601,4737791,50.95,0,0,0,0,0,0,52.74,0,47.26
2021-03-29T00:00:00.000Z,6897,5249565,56.45,30010,4767801,51.27,0,0,0,0,0,0,53,0,47
2021-03-30T00:00:00.000Z,7875,5257440,56.54,22440,4790241,51.51,0,0,0,0,0,0,53.08,0,46.92
2021-03-31T00:00:00.000Z,8141,5265581,56.62,19478,4809719,51.72,0,0,0,0,0,0,53.38,0,46.62
2021-04-01T00:00:00.000Z,8191,5273772,56.71,18689,4828408,51.92,0,0,0,0,0,0,53.62,0,46.38
2021-04-02T00:00:00.000Z,2918,5276690,56.74,8123,4836531,52.01,0,0,0,0,0,0,53.71,0,46.29
2021-04-03T00:00:00.000Z,1424,5278114,56.76,2970,4839501,52.04,0,0,0,0,0,0,53.74,0,46.26
2021-04-04T00:00:00.000Z,9612,5287726,56.86,22825,4862326,52.29,0,0,0,0,0,0,53.82,0,46.18
2021-04-05T00:00:00.000Z,10346,5298072,56.97,21263,4883589,52.52,0,0,0,0,0,0,54.04,0,45.96
2021-04-06T00:00:00.000Z,9009,5307081,57.07,16780,4900369,52.7,0,0,0,0,0,0,54.21,0,45.79
2021-04-07T00:00:00.000Z,8912,5315993,57.17,15296,4915665,52.86,0,0,0,0,0,0,54.36,0,45.64
2021-04-08T00:00:00.000Z,9407,5325400,57.27,16997,4932662,53.04,0,0,0,0,0,0,54.52,0,45.48
2021-04-09T00:00:00.000Z,3592,5328992,57.31,6236,4938898,53.11,0,0,0,0,0,0,54.58,0,45.42
2021-04-10T00:00:00.000Z,1627,5330619,57.32,3513,4942411,53.15,0,0,0,0,0,0,54.61,0,45.39
2021-04-11T00:00:00.000Z,9027,5339646,57.42,14238,4956649,53.3,0,0,0,0,0,0,54.78,0,45.22
2021-04-12T00:00:00.000Z,8926,5348572,57.52,13220,4969869,53.44,0,0,0,0,0,0,54.95,0,45.05
2021-04-13T00:00:00.000Z,5829,5354401,57.58,4943,4974812,53.5,0,0,0,0,0,0,55.08,0,44.92
2021-04-14T00:00:00.000Z,3634,5358035,57.62,5295,4980107,53.55,0,0,0,0,0,0,55.18,0,44.82
2021-04-15T00:00:00.000Z,685,5358720,57.63,567,4980674,53.56,0,0,0,0,0,0,55.27,0,44.73
2021-04-16T00:00:00.000Z,3400,5362120,57.66,6636,4987310,53.63,0,0,0,0,0,0,55.33,0,44.67
2021-04-17T00:00:00.000Z,813,5362933,57.67,1968,4989278,53.65,0,0,0,0,0,0,55.35,0,44.65
2021-04-18T00:00:00.000Z,7090,5370023,57.75,7427,4996705,53.73,0,0,0,0,0,0,55.47,0,44.53
2021-04-19T00:00:00.000Z,6392,5376415,57.82,7112,5003817,53.81,0,0,0,0,0,0,55.58,0,44.42
2021-04-20T00:00:00.000Z,6267,5382682,57.88,6872,5010689,53.88,0,0,0,0,0,0,55.65,0,44.35
2021-04-21T00:00:00.000Z,6366,5389048,57.95,7089,5017778,53.96,0,0,0,0,0,0,55.71,0,44.29
2021-04-22T00:00:00.000Z,5931,5394979,58.01,7675,5025453,54.04,0,0,0,0,0,0,55.75,0,44.25
2021-04-23T00:00:00.000Z,2750,5397729,58.04,3372,5028825,54.08,0,0,0,0,0,0,55.8,0,44.2
2021-04-24T00:00:00.000Z,764,5398493,58.05,1284,5030109,54.09,0,0,0,0,0,0,55.82,0,44.18
2021-04-25T00:00:00.000Z,4823,5403316,58.1,6914,5037023,54.17,0,0,0,0,0,0,55.89,0,44.11
2021-04-26T00:00:00.000Z,5468,5408784,58.16,7877,5044900,54.25,0,0,0,0,0,0,55.96,0,44.04
2021-04-27T00:00:00.000Z,4494,5413278,58.21,6615,5051515,54.32,0,0,0,0,0,0,56.03,0,43.97
2021-04-28T00:00:00.000Z,4476,5417754,58.26,7309,5058824,54.4,0,0,0,0,0,0,56.09,0,43.91
2021-04-29T00:00:00.000Z,4360,5422114,58.31,7276,5066100,54.48,0,0,0,0,0,0,56.16,0,43.84
2021-04-30T00:00:00.000Z,1914,5424028,58.33,3181,5069281,54.51,0,0,0,0,0,0,56.19,0,43.81
2021-05-01T00:00:00.000Z,453,5424481,58.33,890,5070171,54.52,0,0,0,0,0,0,56.2,0,43.8
2021-05-02T00:00:00.000Z,3220,5427701,58.37,6081,5076252,54.59,0,0,0,0,0,0,56.26,0,43.74
2021-05-03T00:00:00.000Z,3534,5431235,58.4,5814,5082066,54.65,0,0,0,0,0,0,56.32,0,43.68
2021-05-04T00:00:00.000Z,3573,5434808,58.44,4716,5086782,54.7,0,0,0,0,0,0,56.38,0,43.62
2021-05-05T00:00:00.000Z,3278,5438086,58.48,4075,5090857,54.74,0,0,0,0,0,0,56.44,0,43.56
2021-05-06T00:00:00.000Z,3630,5441716,58.52,3133,5093990,54.78,0,0,0,0,0,0,56.5,0,43.5
2021-05-07T00:00:00.000Z,1819,5443535,58.54,2493,5096483,54.81,0,0,0,0,0,0,56.52,0,43.48
2021-05-08T00:00:00.000Z,232,5443767,58.54,500,5096983,54.81,0,0,0,0,0,0,56.53,0,43.47
2021-05-09T00:00:00.000Z,2842,5446609,58.57,4744,5101727,54.86,0,0,0,0,0,0,56.58,0,43.42
2021-05-10T00:00:00.000Z,2888,5449497,58.6,4695,5106422,54.91,0,0,0,0,0,0,56.63,0,43.37
2021-05-11T00:00:00.000Z,2615,5452112,58.63,3865,5110287,54.95,0,0,0,0,0,0,56.67,0,43.33
2021-05-12T00:00:00.000Z,2016,5454128,58.65,3326,5113613,54.99,0,0,0,0,0,0,56.7,0,43.3
2021-05-13T00:00:00.000Z,2031,5456159,58.67,3671,5117284,55.03,0,0,0,0,0,0,56.73,0,43.27
2021-05-14T00:00:00.000Z,963,5457122,58.68,1481,5118765,55.04,0,0,0,0,0,0,56.75,0,43.25
2021-05-15T00:00:00.000Z,244,5457366,58.69,254,5119019,55.05,0,0,0,0,0,0,56.75,0,43.25
2021-05-16T00:00:00.000Z,526,5457892,58.69,1200,5120219,55.06,0,0,0,0,0,0,56.78,0,43.22
2021-05-17T00:00:00.000Z,288,5458180,58.69,835,5121054,55.07,0,0,0,0,0,0,56.81,0,43.19
2021-05-18T00:00:00.000Z,1952,5460132,58.72,4923,5125977,55.12,0,0,0,0,0,0,56.84,0,43.16
2021-05-19T00:00:00.000Z,2214,5462346,58.74,5030,5131007,55.18,0,0,0,0,0,0,56.87,0,43.13
2021-05-20T00:00:00.000Z,2300,5464646,58.76,3871,5134878,55.22,0,0,0,0,0,0,56.9,0,43.1
2021-05-21T00:00:00.000Z,1174,5465820,58.78,1395,5136273,55.23,0,0,0,0,0,0,56.92,0,43.08
2021-05-22T00:00:00.000Z,204,5466024,58.78,389,5136662,55.24,0,0,0,0,0,0,56.92,0,43.08
2021-05-23T00:00:00.000Z,2268,5468292,58.8,3212,5139874,55.27,0,0,0,0,0,0,56.94,0,43.06
2021-05-24T00:00:00.000Z,2120,5470412,58.83,3588,5143462,55.31,0,0,0,0,0,0,56.96,0,43.04
2021-05-25T00:00:00.000Z,1810,5472222,58.85,2578,5146040,55.34,0,0,0,0,0,0,56.99,0,43.01
2021-05-26T00:00:00.000Z,1394,5473616,58.86,2495,5148535,55.36,0,0,0,0,0,0,57.03,0,42.97
2021-05-27T00:00:00.000Z,1833,5475449,58.88,3175,5151710,55.4,0,0,0,0,0,0,57.06,0,42.94
2021-05-28T00:00:00.000Z,769,5476218,58.89,1396,5153106,55.41,0,0,0,0,0,0,57.07,0,42.93
2021-05-29T00:00:00.000Z,178,5476396,58.89,222,5153328,55.42,0,0,0,0,0,0,57.07,0,42.93
2021-05-30T00:00:00.000Z,1634,5478030,58.91,1928,5155256,55.44,0,0,0,0,0,0,57.1,0,42.9
2021-05-31T00:00:00.000Z,1720,5479750,58.93,2086,5157342,55.46,0,0,0,0,0,0,57.13,0,42.87
2021-06-01T00:00:00.000Z,1361,5481111,58.94,1815,5159157,55.48,0,0,0,0,0,0,57.47,0,42.53
2021-06-02T00:00:00.000Z,1495,5482606,58.96,1600,5160757,55.5,0,0,0,0,0,0,57.25,0,42.75
2021-06-03T00:00:00.000Z,1668,5484274,58.98,1481,5162238,55.51,0,0,0,0,0,0,57.27,0,42.73
2021-06-04T00:00:00.000Z,1079,5485353,58.99,768,5163006,55.52,0,0,0,0,0,0,57.28,0,42.72
2021-06-05T00:00:00.000Z,178,5485531,58.99,154,5163160,55.52,0,0,0,0,0,0,57.29,0,42.71
2021-06-06T00:00:00.000Z,4278,5489809,59.03,999,5164159,55.53,0,0,0,0,0,0,57.31,0,42.69
2021-06-07T00:00:00.000Z,4421,5494230,59.08,804,5164963,55.54,0,0,0,0,0,0,57.34,0,42.66
2021-06-08T00:00:00.000Z,3726,5497956,59.12,1162,5166125,55.55,0,0,0,0,0,0,57.36,0,42.64
2021-06-09T00:00:00.000Z,3600,5501556,59.16,1313,5167438,55.57,0,0,0,0,0,0,57.4,0,42.6
2021-06-10T00:00:00.000Z,3346,5504902,59.2,1286,5168724,55.58,0,0,0,0,0,0,57.42,0,42.58
2021-06-11T00:00:00.000Z,1379,5506281,59.21,574,5169298,55.59,0,0,0,0,0,0,57.43,0,42.57
2021-06-12T00:00:00.000Z,211,5506492,59.21,165,5169463,55.59,0,0,0,0,0,0,57.43,0,42.57
2021-06-13T00:00:00.000Z,3095,5509587,59.25,1253,5170716,55.6,0,0,0,0,0,0,57.45,0,42.55
2021-06-14T00:00:00.000Z,3043,5512630,59.28,1520,5172236,55.62,0,0,0,0,0,0,57.46,0,42.54
2021-06-15T00:00:00.000Z,3130,5515760,59.31,1361,5173597,55.63,0,0,0,0,0,0,57.48,0,42.52
2021-06-16T00:00:00.000Z,2711,5518471,59.34,987,5174584,55.64,0,0,0,0,0,0,57.49,0,42.51
2021-06-17T00:00:00.000Z,2716,5521187,59.37,1188,5175772,55.66,0,0,0,0,0,0,57.51,0,42.49
2021-06-18T00:00:00.000Z,1253,5522440,59.39,490,5176262,55.66,0,0,0,0,0,0,57.52,0,42.48
2021-06-19T00:00:00.000Z,228,5522668,59.39,136,5176398,55.66,0,0,0,0,0,0,57.52,0,42.48
2021-06-20T00:00:00.000Z,3309,5525977,59.42,1327,5177725,55.68,0,0,0,0,0,0,57.54,0,42.46
2021-06-21T00:00:00.000Z,5233,5531210,59.48,1203,5178928,55.69,0,0,0,0,0,0,57.56,0,42.44
2021-06-22T00:00:00.000Z,6912,5538122,59.55,1090,5180018,55.7,0,0,0,0,0,0,57.58,0,42.42
2021-06-23T00:00:00.000Z,10730,5548852,59.67,1284,5181302,55.72,0,0,0,0,0,0,57.6,0,42.4
2021-06-24T00:00:00.000Z,12023,5560875,59.8,1451,5182753,55.73,0,0,0,0,0,0,57.62,0,42.38
2021-06-25T00:00:00.000Z,7091,5567966,59.88,932,5183685,55.74,0,0,0,0,0,0,57.62,0,42.38
2021-06-26T00:00:00.000Z,2261,5570227,59.9,192,5183877,55.74,0,0,0,0,0,0,57.63,0,42.37
2021-06-27T00:00:00.000Z,13619,5583846,60.05,3432,5187309,55.78,0,0,0,0,0,0,57.65,0,42.35
2021-06-28T00:00:00.000Z,14501,5598347,60.2,3666,5190975,55.82,0,0,0,0,0,0,57.68,0,42.32
2021-06-29T00:00:00.000Z,16695,5615042,60.38,3729,5194704,55.86,0,0,0,0,0,0,57.69,0,42.31
2021-06-30T00:00:00.000Z,16467,5631509,60.56,3386,5198090,55.9,0,0,0,0,0,0,57.72,0,42.28
2021-07-01T00:00:00.000Z,16804,5648313,60.74,3361,5201451,55.93,107,107,0,0,0,0,57.78,0,42.22
2021-07-02T00:00:00.000Z,9820,5658133,60.84,1583,5203034,55.95,7,114,0,0,0,0,57.79,0,42.21
2021-07-03T00:00:00.000Z,2664,5660797,60.87,294,5203328,55.95,1,115,0,0,0,0,57.79,0,42.21
2021-07-04T00:00:00.000Z,17724,5678521,61.06,3152,5206480,55.99,1,116,0,0,0,0,57.85,0,42.15
2021-07-05T00:00:00.000Z,17838,5696359,61.26,3035,5209515,56.02,7,123,0,0,0,0,57.91,0,42.09
2021-07-06T00:00:00.000Z,17831,5714190,61.45,3397,5212912,56.06,11,134,0,0,0,0,57.99,0,42.01
2021-07-07T00:00:00.000Z,15511,5729701,61.61,2686,5215598,56.09,12,146,0,0,0,0,58.05,0,41.95
2021-07-08T00:00:00.000Z,16570,5746271,61.79,2864,5218462,56.12,17,163,0,0,0,0,58.12,0,41.88
2021-07-09T00:00:00.000Z,11114,5757385,61.91,1518,5219980,56.13,3,166,0,0,0,0,58.15,0,41.85
2021-07-10T00:00:00.000Z,4974,5762359,61.97,377,5220357,56.14,5,171,0,0,0,0,58.15,0,41.85
2021-07-11T00:00:00.000Z,1453,5763812,61.98,2842,5223199,56.17,7,178,0,0,0,0,58.22,0,41.78
2021-07-12T00:00:00.000Z,2410,5766222,62.01,3674,5226873,56.21,52,230,0,0,0,0,58.29,0,41.71
2021-07-13T00:00:00.000Z,2948,5769170,62.04,5444,5232317,56.27,124,354,0,0,0,0,58.36,0,41.64
2021-07-14T00:00:00.000Z,2732,5771902,62.07,7509,5239826,56.35,441,795,0.01,0,0,0,58.42,0,41.58
2021-07-15T00:00:00.000Z,2980,5774882,62.1,9274,5249100,56.45,374,1169,0.01,0,0,0,58.5,0,41.5
2021-07-16T00:00:00.000Z,1272,5776154,62.11,5876,5254976,56.51,65,1234,0.01,0,0,0,58.54,0,41.46
2021-07-17T00:00:00.000Z,360,5776514,62.12,1383,5256359,56.52,7,1241,0.01,0,0,0,58.55,0,41.44
2021-07-18T00:00:00.000Z,2060,5778574,62.14,9764,5266123,56.63,235,1476,0.02,0,0,0,58.6,0,41.4
2021-07-19T00:00:00.000Z,3195,5781769,62.17,11332,5277455,56.75,460,1936,0.02,0,0,0,58.65,0,41.35
2021-07-20T00:00:00.000Z,2667,5784436,62.2,11896,5289351,56.88,371,2307,0.02,0,0,0,58.72,0,41.28
2021-07-21T00:00:00.000Z,2380,5786816,62.23,11863,5301214,57.01,323,2630,0.03,0,0,0,58.81,0,41.19
2021-07-22T00:00:00.000Z,2858,5789674,62.26,13247,5314461,57.15,391,3021,0.03,0,0,0,58.93,0,41.07
2021-07-23T00:00:00.000Z,2018,5791692,62.28,8221,5322682,57.24,105,3126,0.03,0,0,0,58.99,0,41.01
2021-07-24T00:00:00.000Z,630,5792322,62.29,1472,5324154,57.25,6,3132,0.03,0,0,0,58.99,0,41
2021-07-25T00:00:00.000Z,4411,5796733,62.34,15482,5339636,57.42,223,3355,0.04,0,0,0,59.1,0,40.89
2021-07-26T00:00:00.000Z,5153,5801886,62.39,13512,5353148,57.57,323,3678,0.04,0,0,0,59.24,0,40.75
2021-07-27T00:00:00.000Z,5475,5807361,62.45,13550,5366698,57.71,413,4091,0.04,0,0,0,59.37,0.01,40.62
2021-07-28T00:00:00.000Z,3977,5811338,62.49,12326,5379024,57.84,471,4562,0.05,0,0,0,59.5,0.01,40.49
2021-07-29T00:00:00.000Z,4647,5815985,62.54,14170,5393194,58,529,5091,0.05,0,0,0,59.65,0.01,40.33
2021-07-30T00:00:00.000Z,2639,5818624,62.57,10842,5404036,58.11,4120,9211,0.1,0,0,0,59.74,0.02,40.25
2021-07-31T00:00:00.000Z,1399,5820023,62.59,3541,5407577,58.15,6157,15368,0.17,0,0,0,59.75,0.02,40.23
2021-08-01T00:00:00.000Z,3069,5823092,62.62,3354,5410931,58.19,31042,46410,0.5,0,0,0,59.91,0.02,40.06
2021-08-02T00:00:00.000Z,3115,5826207,62.65,3157,5414088,58.22,58506,104916,1.13,0,0,0,60.06,0.03,39.91
2021-08-03T00:00:00.000Z,3375,5829582,62.69,3305,5417393,58.26,78951,183867,1.98,0,0,0,60.21,0.03,39.76
2021-08-04T00:00:00.000Z,3515,5833097,62.73,3242,5420635,58.29,80760,264627,2.85,0,0,0,60.34,0.03,39.63
2021-08-05T00:00:00.000Z,4496,5837593,62.77,3556,5424191,58.33,88439,353066,3.8,0,0,0,60.49,0.04,39.47
2021-08-06T00:00:00.000Z,2414,5840007,62.8,1838,5426029,58.35,44740,397806,4.28,0,0,0,60.6,0.04,39.36
2021-08-07T00:00:00.000Z,1019,5841026,62.81,674,5426703,58.36,27349,425155,4.57,0,0,0,60.63,0.04,39.32
2021-08-08T00:00:00.000Z,4989,5846015,62.87,3067,5429770,58.39,80084,505239,5.43,0,0,0,60.68,0.04,39.28
2021-08-09T00:00:00.000Z,5332,5851347,62.92,3043,5432813,58.42,76483,581722,6.26,0,0,0,60.72,0.04,39.24
2021-08-10T00:00:00.000Z,5538,5856885,62.98,3184,5435997,58.46,75420,657142,7.07,0,0,0,60.75,0.04,39.2
2021-08-11T00:00:00.000Z,5684,5862569,63.04,2932,5438929,58.49,62631,719773,7.74,0,0,0,60.79,0.04,39.17
2021-08-12T00:00:00.000Z,7014,5869583,63.12,3276,5442205,58.52,59456,779229,8.38,0,0,0,60.83,0.04,39.12
2021-08-13T00:00:00.000Z,3801,5873384,63.16,2056,5444261,58.54,43865,823094,8.85,0,0,0,60.84,0.05,39.11
2021-08-14T00:00:00.000Z,2247,5875631,63.18,844,5445105,58.55,44481,867575,9.33,0,0,0,60.85,0.05,39.1
2021-08-15T00:00:00.000Z,7146,5882777,63.26,4523,5449628,58.6,97968,965543,10.38,0,0,0,60.89,0.05,39.06
2021-08-16T00:00:00.000Z,6976,5889753,63.34,4734,5454362,58.65,89508,1055051,11.35,0,0,0,60.92,0.04,39.03
2021-08-17T00:00:00.000Z,7568,5897321,63.42,5124,5459486,58.71,83307,1138358,12.24,0,0,0,60.96,0.04,39
2021-08-18T00:00:00.000Z,8629,5905950,63.51,4595,5464081,58.76,69254,1207612,12.99,0,0,0,60.99,0.04,38.96
2021-08-19T00:00:00.000Z,10069,5916019,63.62,5201,5469282,58.81,65964,1273576,13.7,0,0,0,61.03,0.04,38.92
2021-08-20T00:00:00.000Z,4757,5920776,63.67,2804,5472086,58.84,60437,1334013,14.35,0,0,0,61.05,0.05,38.9
2021-08-21T00:00:00.000Z,3492,5924268,63.71,1569,5473655,58.86,50714,1384727,14.89,0,0,0,61.06,0.05,38.89
2021-08-22T00:00:00.000Z,9829,5934097,63.81,4789,5478444,58.91,105083,1489810,16.02,0,0,0,61.12,0.04,38.84
2021-08-23T00:00:00.000Z,10931,5945028,63.93,4432,5482876,58.96,93991,1583801,17.03,0,0,0,61.17,0.04,38.79
2021-08-24T00:00:00.000Z,11724,5956752,64.06,4693,5487569,59.01,98509,1682310,18.09,0,0,0,61.23,0.04,38.73
2021-08-25T00:00:00.000Z,9609,5966361,64.16,4471,5492040,59.06,99501,1781811,19.16,0,0,0,61.29,0.04,38.67
2021-08-26T00:00:00.000Z,10107,5976468,64.27,5039,5497079,59.11,101178,1882989,20.25,0,0,0,61.36,0.03,38.61
2021-08-27T00:00:00.000Z,4318,5980786,64.31,2773,5499852,59.14,56678,1939667,20.86,0,0,0,61.35,0.04,38.61
2021-08-28T00:00:00.000Z,3692,5984478,64.35,1488,5501340,59.16,33526,1973193,21.22,0,0,0,61.4,0.04,38.57
2021-08-29T00:00:00.000Z,10337,5994815,64.47,5932,5507272,59.22,79494,2052687,22.07,0,0,0,61.46,0.03,38.5
2021-08-30T00:00:00.000Z,12337,6007152,64.6,7006,5514278,59.3,115969,2168656,23.32,0,0,0,61.53,0.03,38.44
2021-08-31T00:00:00.000Z,12077,6019229,64.73,6511,5520789,59.37,114836,2283492,24.56,0,0,0,61.6,0.03,38.37
2021-09-01T00:00:00.000Z,9039,6028268,64.83,6014,5526803,59.43,112451,2395943,25.76,0,0,0,61.43,0.03,38.54
2021-09-02T00:00:00.000Z,8786,6037054,64.92,7169,5533972,59.51,111503,2507446,26.96,0,0,0,61.49,0.03,38.48
2021-09-03T00:00:00.000Z,3743,6040797,64.96,4099,5538071,59.55,58876,2566322,27.6,0,0,0,61.56,0.03,38.42
2021-09-04T00:00:00.000Z,2691,6043488,64.99,2013,5540084,59.58,29938,2596260,27.92,0,0,0,61.59,0.03,38.38
2021-09-05T00:00:00.000Z,6996,6050484,65.06,6454,5546538,59.64,73307,2669567,28.71,0,0,0,61.68,0.03,38.29
2021-09-06T00:00:00.000Z,2823,6053307,65.09,2698,5549236,59.67,22785,2692352,28.95,0,0,0,61.77,0.03,38.2
2021-09-07T00:00:00.000Z,1191,6054498,65.11,868,5550104,59.68,5392,2697744,29.01,0,0,0,61.85,0.03,38.12
2021-09-08T00:00:00.000Z,1372,6055870,65.12,1179,5551283,59.7,6617,2704361,29.08,0,0,0,61.93,0.03,38.05
2021-09-09T00:00:00.000Z,7092,6062962,65.2,12555,5563838,59.83,73822,2778183,29.88,0,0,0,62.02,0.03,37.95
2021-09-10T00:00:00.000Z,3251,6066213,65.23,4995,5568833,59.88,37923,2816106,30.28,0,0,0,62.06,0.03,37.91
2021-09-11T00:00:00.000Z,2105,6068318,65.26,2496,5571329,59.91,14809,2830915,30.44,0,0,0,62.08,0.03,37.89
2021-09-12T00:00:00.000Z,6113,6074431,65.32,8585,5579914,60,54110,2885025,31.02,0,0,0,62.16,0.03,37.81
2021-09-13T00:00:00.000Z,5607,6080038,65.38,8248,5588162,60.09,47959,2932984,31.54,0,0,0,62.15,0.03,37.82
2021-09-14T00:00:00.000Z,4953,6084991,65.44,7410,5595572,60.17,48837,2981821,32.06,0,0,0,62.2,0.03,37.77
2021-09-15T00:00:00.000Z,1741,6086732,65.45,2704,5598276,60.2,16679,2998500,32.24,0,0,0,62.25,0.03,37.72
2021-09-16T00:00:00.000Z,337,6087069,65.46,539,5598815,60.21,1741,3000241,32.26,0,0,0,62.37,0.03,37.6
2021-09-17T00:00:00.000Z,3675,6090744,65.5,7008,5605823,60.28,42884,3043125,32.72,0,0,0,62.42,0.03,37.54
2021-09-18T00:00:00.000Z,2253,6092997,65.52,2935,5608758,60.31,12780,3055905,32.86,0,0,0,62.45,0.03,37.52
2021-09-19T00:00:00.000Z,5944,6098941,65.59,10703,5619461,60.43,44318,3100223,33.34,0,0,0,62.55,0.03,37.42
2021-09-20T00:00:00.000Z,3238,6102179,65.62,4633,5624094,60.48,16693,3116916,33.52,0,0,0,62.63,0.03,37.34
2021-09-21T00:00:00.000Z,1330,6103509,65.63,2045,5626139,60.5,3474,3120390,33.56,0,0,0,62.69,0.03,37.28
2021-09-22T00:00:00.000Z,4250,6107759,65.68,7237,5633376,60.58,25061,3145451,33.82,0,0,0,62.72,0.03,37.25
2021-09-23T00:00:00.000Z,4387,6112146,65.73,5897,5639273,60.64,27821,3173272,34.12,0,0,0,62.75,0.03,37.22
2021-09-24T00:00:00.000Z,3198,6115344,65.76,4178,5643451,60.69,27709,3200981,34.42,0,0,0,62.82,0.03,37.15
2021-09-25T00:00:00.000Z,2072,6117416,65.78,2251,5645702,60.71,10436,3211417,34.53,0,0,0,62.85,0.03,37.12
2021-09-26T00:00:00.000Z,5608,6123024,65.84,5965,5651667,60.78,36254,3247671,34.92,0,0,0,62.96,0.03,37
2021-09-27T00:00:00.000Z,4694,6127718,65.89,4454,5656121,60.82,30439,3278110,35.25,0,0,0,63.02,0.03,36.94
2021-09-28T00:00:00.000Z,1463,6129181,65.91,1175,5657296,60.84,6245,3284355,35.32,0,0,0,63.06,0.04,36.91
2021-09-29T00:00:00.000Z,9621,6138802,66.01,8337,5665633,60.93,60308,3344663,35.97,0,0,0,63.13,0.03,36.84
2021-09-30T00:00:00.000Z,10961,6149763,66.13,8563,5674196,61.02,79689,3424352,36.82,0,0,0,63.18,0.03,36.79
2021-10-01T00:00:00.000Z,5114,6154877,66.19,3863,5678059,61.06,46524,3470876,37.32,0,0,0,63.23,0.03,36.73
2021-10-02T00:00:00.000Z,2860,6157737,66.22,2121,5680180,61.08,22420,3493296,37.57,0,0,0,63.26,0.03,36.71
2021-10-03T00:00:00.000Z,11666,6169403,66.34,7263,5687443,61.16,70717,3564013,38.33,0,0,0,63.35,0.03,36.62
2021-10-04T00:00:00.000Z,10319,6179722,66.45,6744,5694187,61.23,51886,3615899,38.88,0,0,0,63.4,0.03,36.57
2021-10-05T00:00:00.000Z,8453,6188175,66.54,5298,5699485,61.29,40464,3656363,39.32,0,0,0,63.41,0.03,36.55
2021-10-06T00:00:00.000Z,7538,6195713,66.63,4169,5703654,61.33,34120,3690483,39.69,0,0,0,63.52,0.03,36.45
2021-10-07T00:00:00.000Z,6882,6202595,66.7,3995,5707649,61.38,34045,3724528,40.05,0,0,0,63.63,0.03,36.34
2021-10-08T00:00:00.000Z,3087,6205682,66.73,2630,5710279,61.41,19229,3743757,40.26,0,0,0,63.68,0.03,36.29
2021-10-09T00:00:00.000Z,1336,6207018,66.75,1437,5711716,61.42,7433,3751190,40.34,0,0,0,63.71,0.03,36.26
2021-10-10T00:00:00.000Z,4673,6211691,66.8,3742,5715458,61.46,21504,3772694,40.57,0,0,0,63.82,0.04,36.14
2021-10-11T00:00:00.000Z,4291,6215982,66.84,2935,5718393,61.49,17256,3789950,40.76,0,0,0,63.91,0.04,36.05
2021-10-12T00:00:00.000Z,3968,6219950,66.89,2992,5721385,61.52,15348,3805298,40.92,0,0,0,63.99,0.05,35.96
2021-10-13T00:00:00.000Z,3483,6223433,66.92,2440,5723825,61.55,13568,3818866,41.07,0,0,0,64.09,0.05,35.86
2021-10-14T00:00:00.000Z,3862,6227295,66.97,2677,5726502,61.58,16553,3835419,41.24,0,0,0,64.19,0.06,35.75
2021-10-15T00:00:00.000Z,1695,6228990,66.98,1673,5728175,61.6,8996,3844415,41.34,0,0,0,64.23,0.07,35.7
2021-10-16T00:00:00.000Z,727,6229717,66.99,944,5729119,61.61,4031,3848446,41.38,0,0,0,64.25,0.08,35.67
2021-10-17T00:00:00.000Z,3088,6232805,67.02,2517,5731636,61.64,12785,3861231,41.52,0,0,0,64.36,0.09,35.56
2021-10-18T00:00:00.000Z,2453,6235258,67.05,1675,5733311,61.65,10060,3871291,41.63,0,0,0,64.43,0.1,35.47
2021-10-19T00:00:00.000Z,2386,6237644,67.08,1275,5734586,61.67,9287,3880578,41.73,0,0,0,64.49,0.1,35.4
2021-10-20T00:00:00.000Z,2429,6240073,67.1,2288,5736874,61.69,10080,3890658,41.84,0,0,0,64.14,0.52,35.34
2021-10-21T00:00:00.000Z,3026,6243099,67.14,3082,5739956,61.72,12148,3902806,41.97,0,0,0,54.23,10.41,35.36
2021-10-22T00:00:00.000Z,1269,6244368,67.15,1424,5741380,61.74,5818,3908624,42.03,0,0,0,54.36,10.26,35.38
2021-10-23T00:00:00.000Z,563,6244931,67.15,1258,5742638,61.75,2559,3911183,42.06,0,0,0,54.42,10.19,35.39
2021-10-24T00:00:00.000Z,2510,6247441,67.18,2650,5745288,61.78,9847,3921030,42.16,0,0,0,54.22,10.43,35.35
2021-10-25T00:00:00.000Z,2627,6250068,67.21,2737,5748025,61.81,8496,3929526,42.26,0,0,0,54.59,10.22,35.19
2021-10-26T00:00:00.000Z,2372,6252440,67.24,2039,5750064,61.83,8509,3938035,42.35,0,0,0,54.64,10.26,35.1
2021-10-27T00:00:00.000Z,2285,6254725,67.26,2555,5752619,61.86,7941,3945976,42.43,0,0,0,54.58,10.37,35.06
2021-10-28T00:00:00.000Z,2494,6257219,67.29,2760,5755379,61.89,8650,3954626,42.53,0,0,0,54.69,10.76,34.55
2021-10-29T00:00:00.000Z,889,6258108,67.3,1137,5756516,61.9,4119,3958745,42.57,0,0,0,54.73,10.75,34.52
2021-10-30T00:00:00.000Z,359,6258467,67.3,525,5757041,61.91,1705,3960450,42.59,0,0,0,54.68,10.81,34.52
2021-10-31T00:00:00.000Z,2257,6260724,67.32,2489,5759530,61.94,8243,3968693,42.68,0,0,0,54.83,10.7,34.47
2021-11-01T00:00:00.000Z,1734,6262458,67.34,2084,5761614,61.96,6465,3975158,42.75,0,0,0,54.95,10.63,34.42
2021-11-02T00:00:00.000Z,2019,6264477,67.37,2032,5763646,61.98,6275,3981433,42.81,0,0,0,54.89,10.69,34.42
2021-11-03T00:00:00.000Z,1752,6266229,67.38,1882,5765528,62,5544,3986977,42.87,0,0,0,54.86,10.75,34.39
2021-11-04T00:00:00.000Z,2102,6268331,67.41,2788,5768316,62.03,7110,3994087,42.95,0,0,0,54.85,10.81,34.33
2021-11-05T00:00:00.000Z,776,6269107,67.41,893,5769209,62.04,3465,3997552,42.99,0,0,0,54.85,10.83,34.32
2021-11-06T00:00:00.000Z,342,6269449,67.42,381,5769590,62.04,1368,3998920,43,0,0,0,54.82,10.86,34.32
2021-11-07T00:00:00.000Z,1581,6271030,67.44,1767,5771357,62.06,6123,4005043,43.07,0,0,0,54.92,10.8,34.28
2021-11-08T00:00:00.000Z,1511,6272541,67.45,1593,5772950,62.08,5395,4010438,43.13,0,0,0,55.01,10.75,34.24
2021-11-09T00:00:00.000Z,1422,6273963,67.47,1596,5774546,62.1,5321,4015759,43.18,0,0,0,55.05,10.74,34.21
2021-11-10T00:00:00.000Z,1419,6275382,67.48,1646,5776192,62.11,4764,4020523,43.23,0,0,0,55.08,10.73,34.19
2021-11-11T00:00:00.000Z,1628,6277010,67.5,1932,5778124,62.14,5687,4026210,43.3,0,0,0,55.15,10.69,34.15
2021-11-12T00:00:00.000Z,628,6277638,67.51,814,5778938,62.14,2907,4029117,43.33,0,0,0,55.17,10.69,34.14
2021-11-13T00:00:00.000Z,252,6277890,67.51,282,5779220,62.15,1119,4030236,43.34,0,0,0,55.14,10.72,34.14
2021-11-14T00:00:00.000Z,1536,6279426,67.53,1628,5780848,62.16,5105,4035341,43.39,0,0,0,55.21,10.68,34.11
2021-11-15T00:00:00.000Z,1268,6280694,67.54,1613,5782461,62.18,4759,4040100,43.45,0,0,0,55.28,10.63,34.09
2021-11-16T00:00:00.000Z,1268,6281962,67.55,1400,5783861,62.2,4332,4044432,43.49,0,0,0,55.32,10.62,34.07
2021-11-17T00:00:00.000Z,1197,6283159,67.57,1552,5785413,62.21,3891,4048323,43.53,0,0,0,55.35,10.6,34.05
2021-11-18T00:00:00.000Z,1358,6284517,67.58,1677,5787090,62.23,4994,4053317,43.59,0,0,0,55.41,10.58,34.02
2021-11-19T00:00:00.000Z,584,6285101,67.59,750,5787840,62.24,2439,4055756,43.61,0,0,0,55.42,10.57,34.01
2021-11-20T00:00:00.000Z,234,6285335,67.59,247,5788087,62.24,919,4056675,43.62,0,0,0,55.41,10.58,34
2021-11-21T00:00:00.000Z,1411,6286746,67.6,1529,5789616,62.26,4867,4061542,43.68,0,0,0,55.47,10.54,33.98
2021-11-22T00:00:00.000Z,1675,6288421,67.62,1511,5791127,62.27,4217,4065759,43.72,0,0,0,55.54,10.5,33.96
2021-11-23T00:00:00.000Z,8613,6297034,67.72,1673,5792800,62.29,3990,4069749,43.76,0,0,0,55.57,10.48,33.95
2021-11-24T00:00:00.000Z,9346,6306380,67.82,1306,5794106,62.31,3909,4073658,43.81,0,0,0,55.6,10.44,33.95
2021-11-25T00:00:00.000Z,9809,6316189,67.92,1593,5795699,62.32,4823,4078481,43.86,0,0,0,55.64,10.43,33.93
2021-11-26T00:00:00.000Z,5606,6321795,67.98,736,5796435,62.33,2766,4081247,43.89,0,0,0,55.63,10.45,33.92
2021-11-27T00:00:00.000Z,4776,6326571,68.03,317,5796752,62.34,1149,4082396,43.9,0,0,0,55.62,10.46,33.92
2021-11-28T00:00:00.000Z,10145,6336716,68.14,1477,5798229,62.35,4889,4087285,43.95,0,0,0,55.67,10.43,33.9
2021-11-29T00:00:00.000Z,9038,6345754,68.24,1125,5799354,62.36,4354,4091639,44,0,0,0,55.73,10.39,33.88
2021-11-30T00:00:00.000Z,10042,6355796,68.35,1019,5800373,62.37,4067,4095706,44.04,0,0,0,55.77,10.37,33.86
2021-12-01T00:00:00.000Z,8622,6364418,68.44,1087,5801460,62.39,4421,4100127,44.09,3,3,0,55.79,10.36,33.84
2021-12-02T00:00:00.000Z,9169,6373587,68.54,1440,5802900,62.4,5096,4105223,44.15,6,9,0,55.84,10.34,33.82
2021-12-03T00:00:00.000Z,6333,6379920,68.61,662,5803562,62.41,2850,4108073,44.18,1,10,0,55.86,10.33,33.81
2021-12-04T00:00:00.000Z,2506,6382426,68.63,232,5803794,62.41,909,4108982,44.19,3,13,0,55.85,10.34,33.81
2021-12-05T00:00:00.000Z,8335,6390761,68.72,1249,5805043,62.42,4670,4113652,44.24,1,14,0,55.9,10.31,33.79
2021-12-06T00:00:00.000Z,6722,6397483,68.8,1188,5806231,62.44,4331,4117983,44.28,4,18,0,55.95,10.27,33.78
2021-12-07T00:00:00.000Z,5548,6403031,68.86,1489,5807720,62.45,3953,4121936,44.33,6,24,0,55.99,10.25,33.76
2021-12-08T00:00:00.000Z,4930,6407961,68.91,1191,5808911,62.47,3858,4125794,44.37,8,32,0,56.03,10.22,33.75
2021-12-09T00:00:00.000Z,6238,6414199,68.98,1227,5810138,62.48,4488,4130282,44.41,7,39,0,56.08,10.19,33.73
2021-12-10T00:00:00.000Z,3005,6417204,69.01,686,5810824,62.49,2660,4132942,44.44,3,42,0,56.1,10.18,33.72
2021-12-11T00:00:00.000Z,1491,6418695,69.02,250,5811074,62.49,1009,4133951,44.45,0,42,0,56.1,10.18,33.71
2021-12-12T00:00:00.000Z,7271,6425966,69.1,1436,5812510,62.5,5235,4139186,44.51,2,44,0,56.16,10.15,33.69
2021-12-13T00:00:00.000Z,6175,6432141,69.17,1364,5813874,62.52,4333,4143519,44.56,3,47,0,56.21,10.11,33.67
2021-12-14T00:00:00.000Z,7317,6439458,69.25,6096,5819970,62.59,4921,4148440,44.61,10,57,0,56.27,10.09,33.65
2021-12-15T00:00:00.000Z,7202,6446660,69.32,7398,5827368,62.66,5423,4153863,44.67,4,61,0,56.34,10.06,33.6
2021-12-16T00:00:00.000Z,8081,6454741,69.41,8604,5835972,62.76,6533,4160396,44.74,7,68,0,56.53,10.05,33.42
2021-12-17T00:00:00.000Z,4399,6459140,69.46,5124,5841096,62.81,3925,4164321,44.78,3,71,0,56.64,10.05,33.3
2021-12-18T00:00:00.000Z,3938,6463078,69.5,2908,5844004,62.84,1344,4165665,44.8,2,73,0,56.73,10.07,33.2
2021-12-19T00:00:00.000Z,6983,6470061,69.58,9330,5853334,62.94,6256,4171921,44.86,5,78,0,56.92,10.04,33.04
2021-12-20T00:00:00.000Z,7969,6478030,69.66,7509,5860843,63.02,5412,4177333,44.92,9,87,0,57.07,10.02,32.91
2021-12-21T00:00:00.000Z,9545,6487575,69.76,8642,5869485,63.12,6449,4183782,44.99,7,94,0,57.27,10.01,32.71
2021-12-22T00:00:00.000Z,9665,6497240,69.87,8138,5877623,63.21,6222,4190004,45.06,12,106,0,57.49,10,32.52
2021-12-23T00:00:00.000Z,11542,6508782,69.99,10259,5887882,63.32,8118,4198122,45.14,13,119,0,57.7,9.97,32.33
2021-12-24T00:00:00.000Z,5877,6514659,70.06,6237,5894119,63.38,5251,4203373,45.2,12,131,0,57.83,9.96,32.21
2021-12-25T00:00:00.000Z,3338,6517997,70.09,2565,5896684,63.41,2016,4205389,45.22,6,137,0,57.9,9.96,32.15
2021-12-26T00:00:00.000Z,10652,6528649,70.21,8909,5905593,63.51,8188,4213577,45.31,8,145,0,58.1,9.92,31.98
2021-12-27T00:00:00.000Z,10367,6539016,70.32,7139,5912732,63.58,8168,4221745,45.4,19,164,0,58.27,9.9,31.83
2021-12-28T00:00:00.000Z,11373,6550389,70.44,7442,5920174,63.66,9619,4231364,45.5,18,182,0,58.46,9.88,31.66
2021-12-29T00:00:00.000Z,9937,6560326,70.55,5959,5926133,63.73,8349,4239713,45.59,16,198,0,58.64,9.85,31.51
2021-12-30T00:00:00.000Z,11014,6571340,70.66,7729,5933862,63.81,12225,4251938,45.72,8,206,0,58.84,9.82,31.34
2021-12-31T00:00:00.000Z,4831,6576171,70.72,3670,5937532,63.85,7283,4259221,45.8,132,338,0,58.9,9.79,31.3
2022-01-01T00:00:00.000Z,1992,6578163,70.74,1590,5939122,63.87,2740,4261961,45.83,63,401,0,58.93,9.79,31.28
2022-01-02T00:00:00.000Z,10216,6588379,70.85,6484,5945606,63.94,12995,4274956,45.97,590,991,0.01,59.14,9.76,31.1
2022-01-03T00:00:00.000Z,9384,6597763,70.95,5253,5950859,63.99,11312,4286268,46.09,25054,26045,0.28,59.29,9.71,31
2022-01-04T00:00:00.000Z,8970,6606733,71.05,5940,5956799,64.06,10504,4296772,46.21,50643,76688,0.82,59.46,9.68,30.86
2022-01-05T00:00:00.000Z,8553,6615286,71.14,5734,5962533,64.12,10469,4307241,46.32,59567,136255,1.47,59.56,9.65,30.79
2022-01-06T00:00:00.000Z,10340,6625626,71.25,7962,5970495,64.2,13519,4320760,46.46,63976,200231,2.15,59.81,9.63,30.56
2022-01-07T00:00:00.000Z,4751,6630377,71.3,4550,5975045,64.25,8127,4328887,46.55,31130,231361,2.49,59.89,9.61,30.49
2022-01-08T00:00:00.000Z,2750,6633127,71.33,2451,5977496,64.28,5494,4334381,46.61,27623,258984,2.79,59.9,9.64,30.46
2022-01-09T00:00:00.000Z,9311,6642438,71.43,7726,5985222,64.36,11855,4346236,46.74,66749,325733,3.5,60.06,9.59,30.35
2022-01-10T00:00:00.000Z,8355,6650793,71.52,7651,5992873,64.44,11849,4358085,46.86,64750,390483,4.2,60.21,9.54,30.25
2022-01-11T00:00:00.000Z,8104,6658897,71.61,8618,6001491,64.54,11952,4370037,46.99,56639,447122,4.81,60.38,9.49,30.13
2022-01-12T00:00:00.000Z,7281,6666178,71.68,8308,6009799,64.63,11088,4381125,47.11,44605,491727,5.29,60.51,9.45,30.04
2022-01-13T00:00:00.000Z,7514,6673692,71.77,9617,6019416,64.73,11522,4392647,47.24,34737,526464,5.66,60.7,9.35,29.94
2022-01-14T00:00:00.000Z,2555,6676247,71.79,4930,6024346,64.78,6127,4398774,47.3,11138,537602,5.78,60.79,9.31,29.9
2022-01-15T00:00:00.000Z,1463,6677710,71.81,3163,6027509,64.82,3867,4402641,47.34,5715,543317,5.84,60.83,9.29,29.87
2022-01-16T00:00:00.000Z,3818,6681528,71.85,8521,6036030,64.91,7671,4410312,47.43,19983,563300,6.06,60.97,9.2,29.82
2022-01-17T00:00:00.000Z,2808,6684336,71.88,7045,6043075,64.98,6154,4416466,47.49,17831,581131,6.25,61.09,9.13,29.78
2022-01-18T00:00:00.000Z,2476,6686812,71.91,7377,6050452,65.06,5506,4421972,47.55,14808,595939,6.41,61.23,9.07,29.7
2022-01-19T00:00:00.000Z,1915,6688727,71.93,6361,6056813,65.13,4501,4426473,47.6,8451,604390,6.5,61.37,8.98,29.65
2022-01-20T00:00:00.000Z,1779,6690506,71.95,6963,6063776,65.21,4776,4431249,47.65,8036,612426,6.59,61.44,8.85,29.71
2022-01-21T00:00:00.000Z,897,6691403,71.96,3727,6067503,65.25,2627,4433876,47.68,3355,615781,6.62,61.51,8.81,29.68
2022-01-22T00:00:00.000Z,328,6691731,71.96,1459,6068962,65.26,1048,4434924,47.69,1112,616893,6.63,61.51,8.75,29.74
2022-01-23T00:00:00.000Z,1068,6692799,71.97,5625,6074587,65.32,2870,4437794,47.72,6078,622971,6.7,61.61,8.7,29.69
2022-01-24T00:00:00.000Z,758,6693557,71.98,4480,6079067,65.37,2249,4440043,47.75,5051,628022,6.75,61.73,8.62,29.65
2022-01-25T00:00:00.000Z,740,6694297,71.99,4398,6083465,65.42,2166,4442209,47.77,7101,635123,6.83,61.9,8.51,29.59
2022-01-26T00:00:00.000Z,614,6694911,71.99,3283,6086748,65.45,1598,4443807,47.79,4259,639382,6.88,62.02,8.42,29.57
2022-01-27T00:00:00.000Z,793,6695704,72,4402,6091150,65.5,1989,4445796,47.81,5435,644817,6.93,62.12,8.35,29.52
2022-01-28T00:00:00.000Z,394,6696098,72.01,2372,6093522,65.53,1159,4446955,47.82,3446,648263,6.97,62.16,8.33,29.5
2022-01-29T00:00:00.000Z,124,6696222,72.01,1042,6094564,65.54,416,4447371,47.82,1159,649422,6.98,62.23,8.29,29.48
2022-01-30T00:00:00.000Z,768,6696990,72.02,4718,6099282,65.59,2012,4449383,47.85,8097,657519,7.07,62.3,8.24,29.46
2022-01-31T00:00:00.000Z,528,6697518,72.02,3183,6102465,65.62,1599,4450982,47.86,6469,663988,7.14,62.39,8.17,29.43
2022-02-01T00:00:00.000Z,476,6697994,72.03,2798,6105263,65.65,1508,4452490,47.88,5717,669705,7.2,62.45,8.15,29.4
2022-02-02T00:00:00.000Z,374,6698368,72.03,2383,6107646,65.68,1370,4453860,47.89,5071,674776,7.26,62.28,8.13,29.59
2022-02-03T00:00:00.000Z,444,6698812,72.04,2774,6110420,65.71,1447,4455307,47.91,5604,680380,7.32,62.34,8.08,29.57
2022-02-04T00:00:00.000Z,174,6698986,72.04,988,6111408,65.72,746,4456053,47.92,2452,682832,7.34,62.37,8.06,29.57
2022-02-05T00:00:00.000Z,60,6699046,72.04,339,6111747,65.72,209,4456262,47.92,419,683251,7.35,62.34,8.09,29.56
2022-02-06T00:00:00.000Z,406,6699452,72.04,2317,6114064,65.75,1335,4457597,47.93,5681,688932,7.41,62.41,8.05,29.55
2022-02-07T00:00:00.000Z,280,6699732,72.05,1307,6115371,65.76,967,4458564,47.95,5958,694890,7.47,62.47,8.01,29.52
2022-02-08T00:00:00.000Z,313,6700045,72.05,1493,6116864,65.78,1052,4459616,47.96,6133,701023,7.54,62.54,7.97,29.49
2022-02-09T00:00:00.000Z,252,6700297,72.05,1101,6117965,65.79,934,4460550,47.97,4570,705593,7.59,62.6,7.95,29.45
2022-02-10T00:00:00.000Z,269,6700566,72.05,1291,6119256,65.8,927,4461477,47.98,4814,710407,7.64,62.63,7.93,29.44
2022-02-11T00:00:00.000Z,204,6700770,72.06,546,6119802,65.81,504,4461981,47.98,2531,712938,7.67,62.67,7.91,29.42
2022-02-12T00:00:00.000Z,27,6700797,72.06,90,6119892,65.81,121,4462102,47.98,265,713203,7.67,62.67,7.91,29.41
2022-02-13T00:00:00.000Z,286,6701083,72.06,945,6120837,65.82,962,4463064,47.99,4995,718198,7.72,62.73,7.87,29.39
2022-02-14T00:00:00.000Z,179,6701262,72.06,621,6121458,65.83,744,4463808,48,3139,721337,7.76,62.89,7.74,29.36
2022-02-15T00:00:00.000Z,265,6701527,72.06,763,6122221,65.84,922,4464730,48.01,3815,725152,7.8,62.92,7.73,29.35
2022-02-16T00:00:00.000Z,179,6701706,72.07,576,6122797,65.84,797,4465527,48.02,2486,727638,7.82,62.95,7.72,29.34
2022-02-17T00:00:00.000Z,248,6701954,72.07,737,6123534,65.85,766,4466293,48.03,3051,730689,7.86,62.96,7.7,29.34
2022-02-18T00:00:00.000Z,131,6702085,72.07,328,6123862,65.85,428,4466721,48.03,1114,731803,7.87,62.98,7.69,29.33
2022-02-19T00:00:00.000Z,33,6702118,72.07,82,6123944,65.85,74,4466795,48.03,78,731881,7.87,62.99,7.69,29.32
2022-02-20T00:00:00.000Z,202,6702320,72.07,604,6124548,65.86,715,4467510,48.04,2568,734449,7.9,63.01,7.67,29.32
2022-02-21T00:00:00.000Z,173,6702493,72.08,412,6124960,65.86,482,4467992,48.05,1541,735990,7.91,63.04,7.65,29.31
2022-02-22T00:00:00.000Z,156,6702649,72.08,451,6125411,65.87,557,4468549,48.05,1868,737858,7.93,63.05,7.65,29.3
2022-02-23T00:00:00.000Z,109,6702758,72.08,351,6125762,65.87,451,4469000,48.06,1152,739010,7.95,63.06,7.65,29.29
2022-02-24T00:00:00.000Z,136,6702894,72.08,455,6126217,65.88,561,4469561,48.06,1490,740500,7.96,63.05,7.66,29.29
2022-02-25T00:00:00.000Z,58,6702952,72.08,137,6126354,65.88,186,4469747,48.07,455,740955,7.97,63.06,7.66,29.28
2022-02-26T00:00:00.000Z,15,6702967,72.08,26,6126380,65.88,151,4469898,48.07,34,740989,7.97,63.05,7.67,29.28
2022-02-27T00:00:00.000Z,113,6703080,72.08,339,6126719,65.88,448,4470346,48.07,1118,742107,7.98,63.05,7.67,29.28
2022-02-28T00:00:00.000Z,108,6703188,72.08,265,6126984,65.89,411,4470757,48.08,905,743012,7.99,63.07,7.65,29.28
2022-03-01T00:00:00.000Z,97,6703285,72.08,278,6127262,65.89,364,4471121,48.08,795,743807,8,63.1,7.63,29.27
2022-03-02T00:00:00.000Z,75,6703360,72.08,199,6127461,65.89,320,4471441,48.08,693,744500,8.01,63.11,7.62,29.27
2022-03-03T00:00:00.000Z,155,6703515,72.09,368,6127829,65.9,494,4471935,48.09,984,745484,8.02,63.05,7.67,29.27
2022-03-04T00:00:00.000Z,53,6703568,72.09,163,6127992,65.9,163,4472098,48.09,226,745710,8.02,63.05,7.68,29.27
2022-03-05T00:00:00.000Z,1,6703569,72.09,24,6128016,65.9,43,4472141,48.09,30,745740,8.02,63.04,7.69,29.27
2022-03-06T00:00:00.000Z,98,6703667,72.09,258,6128274,65.9,413,4472554,48.1,759,746499,8.03,63.04,7.69,29.27
2022-03-07T00:00:00.000Z,88,6703755,72.09,255,6128529,65.9,345,4472899,48.1,603,747102,8.03,63.05,7.69,29.26
2022-03-08T00:00:00.000Z,98,6703853,72.09,263,6128792,65.91,330,4473229,48.1,548,747650,8.04,63.04,7.7,29.26
2022-03-09T00:00:00.000Z,89,6703942,72.09,212,6129004,65.91,333,4473562,48.11,490,748140,8.05,63.02,7.72,29.25
2022-03-10T00:00:00.000Z,113,6704055,72.09,372,6129376,65.91,423,4473985,48.11,615,748755,8.05,63.01,7.74,29.25
2022-03-11T00:00:00.000Z,24,6704079,72.09,85,6129461,65.91,120,4474105,48.11,143,748898,8.05,63,7.75,29.25
2022-03-12T00:00:00.000Z,10,6704089,72.09,10,6129471,65.91,30,4474135,48.11,27,748925,8.05,62.98,7.77,29.24
2022-03-13T00:00:00.000Z,96,6704185,72.09,270,6129741,65.92,356,4474491,48.12,594,749519,8.06,62.98,7.78,29.24
2022-03-14T00:00:00.000Z,64,6704249,72.09,250,6129991,65.92,316,4474807,48.12,559,750078,8.07,62.98,7.78,29.24
2022-03-15T00:00:00.000Z,78,6704327,72.09,183,6130174,65.92,289,4475096,48.12,585,750663,8.07,62.95,7.81,29.24
2022-03-16T00:00:00.000Z,74,6704401,72.1,205,6130379,65.92,300,4475396,48.13,669,751332,8.08,62.94,7.82,29.24
2022-03-17T00:00:00.000Z,65,6704466,72.1,119,6130498,65.92,284,4475680,48.13,609,751941,8.09,62.94,7.82,29.24
2022-03-18T00:00:00.000Z,18,6704484,72.1,53,6130551,65.92,99,4475779,48.13,231,752172,8.09,62.94,7.82,29.24
2022-03-19T00:00:00.000Z,5,6704489,72.1,10,6130561,65.92,27,4475806,48.13,37,752209,8.09,62.89,7.88,29.23
2022-03-20T00:00:00.000Z,120,6704609,72.1,258,6130819,65.93,482,4476288,48.14,1427,753636,8.1,62.87,7.89,29.23
2022-03-21T00:00:00.000Z,97,6704706,72.1,243,6131062,65.93,373,4476661,48.14,1129,754765,8.12,62.87,7.9,29.23
2022-03-22T00:00:00.000Z,140,6704846,72.1,339,6131401,65.93,502,4477163,48.15,1767,756532,8.14,62.84,7.94,29.23
2022-03-23T00:00:00.000Z,108,6704954,72.1,209,6131610,65.94,460,4477623,48.15,1674,758206,8.15,62.81,7.97,29.22
2022-03-24T00:00:00.000Z,175,6705129,72.1,344,6131954,65.94,763,4478386,48.16,2359,760565,8.18,62.78,8,29.22
2022-03-25T00:00:00.000Z,35,6705164,72.1,79,6132033,65.94,154,4478540,48.16,627,761192,8.19,62.78,8,29.23
2022-03-26T00:00:00.000Z,12,6705176,72.1,11,6132044,65.94,32,4478572,48.16,90,761282,8.19,62.77,8,29.22
2022-03-27T00:00:00.000Z,163,6705339,72.11,344,6132388,65.94,758,4479330,48.17,3187,764469,8.22,62.75,8.02,29.22
2022-03-28T00:00:00.000Z,113,6705452,72.11,269,6132657,65.95,618,4479948,48.18,2405,766874,8.25,62.75,8.03,29.22
2022-03-29T00:00:00.000Z,125,6705577,72.11,259,6132916,65.95,634,4480582,48.18,2765,769639,8.28,62.7,8.07,29.22
2022-03-30T00:00:00.000Z,132,6705709,72.11,209,6133125,65.95,538,4481120,48.19,2365,772004,8.3,62.81,8.11,29.07
2022-03-31T00:00:00.000Z,166,6705875,72.11,294,6133419,65.96,729,4481849,48.2,2843,774847,8.33,62.79,8.11,29.1
2022-04-01T00:00:00.000Z,122,6705997,72.11,160,6133579,65.96,275,4482124,48.2,582,775429,8.34,62.72,8.13,29.15
2022-04-02T00:00:00.000Z,6,6706003,72.11,5,6133584,65.96,34,4482158,48.2,52,775481,8.34,62.69,8.15,29.16
2022-04-03T00:00:00.000Z,159,6706162,72.11,267,6133851,65.96,565,4482723,48.2,2474,777955,8.37,62.65,8.16,29.19
2022-04-04T00:00:00.000Z,104,6706266,72.12,204,6134055,65.96,479,4483202,48.21,2215,780170,8.39,62.62,8.16,29.22
2022-04-05T00:00:00.000Z,122,6706388,72.12,218,6134273,65.96,512,4483714,48.22,2235,782405,8.41,62.57,8.19,29.25
2022-04-06T00:00:00.000Z,92,6706480,72.12,156,6134429,65.97,380,4484094,48.22,2013,784418,8.44,62.55,8.2,29.25
2022-04-07T00:00:00.000Z,190,6706670,72.12,212,6134641,65.97,636,4484730,48.23,2552,786970,8.46,62.56,8.2,29.24
2022-04-08T00:00:00.000Z,29,6706699,72.12,55,6134696,65.97,149,4484879,48.23,474,787444,8.47,62.54,8.22,29.23
2022-04-09T00:00:00.000Z,6,6706705,72.12,17,6134713,65.97,25,4484904,48.23,43,787487,8.47,62.52,8.25,29.23
2022-04-10T00:00:00.000Z,101,6706806,72.12,261,6134974,65.97,426,4485330,48.23,1842,789329,8.49,62.51,8.26,29.23
2022-04-11T00:00:00.000Z,78,6706884,72.12,200,6135174,65.97,370,4485700,48.24,1420,790749,8.5,62.54,8.26,29.2
2022-04-12T00:00:00.000Z,201,6707085,72.12,165,6135339,65.98,372,4486072,48.24,1358,792107,8.52,62.58,8.29,29.12
2022-04-13T00:00:00.000Z,117,6707202,72.13,148,6135487,65.98,298,4486370,48.24,1216,793323,8.53,62.58,8.31,29.1
2022-04-14T00:00:00.000Z,82,6707284,72.13,223,6135710,65.98,318,4486688,48.25,1067,794390,8.54,62.57,8.33,29.1
2022-04-15T00:00:00.000Z,9,6707293,72.13,51,6135761,65.98,47,4486735,48.25,79,794469,8.54,62.55,8.35,29.1
2022-04-16T00:00:00.000Z,3,6707296,72.13,8,6135769,65.98,20,4486755,48.25,27,794496,8.54,62.53,8.37,29.1
2022-04-17T00:00:00.000Z,61,6707357,72.13,131,6135900,65.98,228,4486983,48.25,807,795303,8.55,62.52,8.38,29.1
2022-04-18T00:00:00.000Z,68,6707425,72.13,107,6136007,65.98,252,4487235,48.25,747,796050,8.56,62.51,8.38,29.1
2022-04-19T00:00:00.000Z,61,6707486,72.13,138,6136145,65.99,270,4487505,48.26,835,796885,8.57,62.5,8.4,29.1
2022-04-20T00:00:00.000Z,63,6707549,72.13,118,6136263,65.99,231,4487736,48.26,645,797530,8.58,62.48,8.42,29.1
2022-04-21T00:00:00.000Z,53,6707602,72.13,104,6136367,65.99,192,4487928,48.26,477,798007,8.58,62.47,8.43,29.1
2022-04-22T00:00:00.000Z,0,6707602,72.13,15,6136382,65.99,16,4487944,48.26,14,798021,8.58,62.45,8.44,29.11
2022-04-23T00:00:00.000Z,4,6707606,72.13,8,6136390,65.99,14,4487958,48.26,13,798034,8.58,62.43,8.46,29.11
2022-04-24T00:00:00.000Z,92,6707698,72.13,249,6136639,65.99,326,4488284,48.26,867,798901,8.59,62.43,8.47,29.1
2022-04-25T00:00:00.000Z,105,6707803,72.13,191,6136830,65.99,312,4488596,48.27,736,799637,8.6,62.43,8.47,29.1
2022-04-26T00:00:00.000Z,74,6707877,72.13,175,6137005,65.99,299,4488895,48.27,782,800419,8.61,62.42,8.48,29.1
2022-04-27T00:00:00.000Z,55,6707932,72.13,160,6137165,66,224,4489119,48.27,636,801055,8.61,62.41,8.49,29.1
2022-04-28T00:00:00.000Z,96,6708028,72.13,231,6137396,66,326,4489445,48.28,863,801918,8.62,62.41,8.5,29.1
2022-04-29T00:00:00.000Z,106,6708134,72.14,160,6137556,66,182,4489627,48.28,192,802110,8.63,62.39,8.51,29.1
2022-04-30T00:00:00.000Z,1,6708135,72.14,2,6137558,66,24,4489651,48.28,19,802129,8.63,62.38,8.52,29.1
2022-05-01T00:00:00.000Z,118,6708253,72.14,185,6137743,66,314,4489965,48.28,629,802758,8.63,62.38,8.53,29.09
2022-05-02T00:00:00.000Z,62,6708315,72.14,151,6137894,66,235,4490200,48.29,488,803246,8.64,62.37,8.54,29.09
2022-05-03T00:00:00.000Z,72,6708387,72.14,150,6138044,66.01,285,4490485,48.29,502,803748,8.64,62.36,8.55,29.09
2022-05-04T00:00:00.000Z,23,6708410,72.14,55,6138099,66.01,59,4490544,48.29,123,803871,8.64,62.35,8.57,29.08
2022-05-05T00:00:00.000Z,0,6708410,72.14,0,6138099,66.01,2,4490546,48.29,5,803876,8.64,62.34,8.58,29.08
2022-05-06T00:00:00.000Z,18,6708428,72.14,59,6138158,66.01,63,4490609,48.29,146,804022,8.65,62.33,8.59,29.08
2022-05-07T00:00:00.000Z,0,6708428,72.14,6,6138164,66.01,25,4490634,48.29,23,804045,8.65,62.32,8.6,29.08
2022-05-08T00:00:00.000Z,95,6708523,72.14,204,6138368,66.01,269,4490903,48.29,456,804501,8.65,62.31,8.61,29.08
2022-05-09T00:00:00.000Z,60,6708583,72.14,161,6138529,66.01,251,4491154,48.3,497,804998,8.66,62.31,8.61,29.08
2022-05-10T00:00:00.000Z,129,6708712,72.14,167,6138696,66.01,259,4491413,48.3,506,805504,8.66,62.3,8.62,29.08
2022-05-11T00:00:00.000Z,58,6708770,72.14,116,6138812,66.01,179,4491592,48.3,463,805967,8.67,62.3,8.63,29.08
2022-05-12T00:00:00.000Z,118,6708888,72.14,201,6139013,66.02,274,4491866,48.3,662,806629,8.67,62.29,8.64,29.07
2022-05-13T00:00:00.000Z,11,6708899,72.14,39,6139052,66.02,70,4491936,48.3,106,806735,8.68,62.28,8.65,29.07
2022-05-14T00:00:00.000Z,6,6708905,72.14,10,6139062,66.02,9,4491945,48.3,22,806757,8.68,62.26,8.66,29.07
2022-05-15T00:00:00.000Z,88,6708993,72.15,171,6139233,66.02,240,4492185,48.31,659,807416,8.68,62.26,8.67,29.07
2022-05-16T00:00:00.000Z,69,6709062,72.15,142,6139375,66.02,223,4492408,48.31,508,807924,8.69,62.19,8.65,29.16
2022-05-17T00:00:00.000Z,75,6709137,72.15,154,6139529,66.02,261,4492669,48.31,614,808538,8.69,62.18,8.66,29.16
2022-05-18T00:00:00.000Z,45,6709182,72.15,95,6139624,66.02,167,4492836,48.31,444,808982,8.7,62.17,8.67,29.16
2022-05-19T00:00:00.000Z,60,6709242,72.15,169,6139793,66.02,211,4493047,48.32,497,809479,8.7,62.16,8.68,29.16
2022-05-20T00:00:00.000Z,63,6709305,72.15,98,6139891,66.03,124,4493171,48.32,142,809621,8.71,62.15,8.69,29.16
2022-05-21T00:00:00.000Z,4,6709309,72.15,6,6139897,66.03,13,4493184,48.32,16,809637,8.71,62.14,8.7,29.16
2022-05-22T00:00:00.000Z,80,6709389,72.15,188,6140085,66.03,215,4493399,48.32,423,810060,8.71,62.14,8.71,29.16
2022-05-23T00:00:00.000Z,64,6709453,72.15,120,6140205,66.03,151,4493550,48.32,338,810398,8.71,62.14,8.71,29.16
2022-05-24T00:00:00.000Z,43,6709496,72.15,118,6140323,66.03,152,4493702,48.32,388,810786,8.72,62.13,8.71,29.15
2022-05-25T00:00:00.000Z,61,6709557,72.15,103,6140426,66.03,162,4493864,48.32,333,811119,8.72,62.12,8.72,29.15
2022-05-26T00:00:00.000Z,73,6709630,72.15,127,6140553,66.03,181,4494045,48.33,345,811464,8.73,62.12,8.73,29.15
2022-05-27T00:00:00.000Z,10,6709640,72.15,28,6140581,66.03,42,4494087,48.33,58,811522,8.73,62.11,8.74,29.15
2022-05-28T00:00:00.000Z,1,6709641,72.15,3,6140584,66.03,6,4494093,48.33,8,811530,8.73,62.1,8.75,29.15
2022-05-29T00:00:00.000Z,86,6709727,72.15,144,6140728,66.03,159,4494252,48.33,308,811838,8.73,62.09,8.75,29.15
2022-05-30T00:00:00.000Z,57,6709784,72.15,130,6140858,66.04,120,4494372,48.33,290,812128,8.73,62.09,8.76,29.15
2022-05-31T00:00:00.000Z,44,6709828,72.15,103,6140961,66.04,150,4494522,48.33,349,812477,8.74,62.07,8.78,29.15
2022-06-01T00:00:00.000Z,61,6709889,72.15,86,6141047,66.04,113,4494635,48.33,269,812746,8.74,61.95,8.89,29.15
2022-06-02T00:00:00.000Z,73,6709962,72.16,151,6141198,66.04,172,4494807,48.33,249,812995,8.74,45.96,24.89,29.15
2022-06-03T00:00:00.000Z,9,6709971,72.16,21,6141219,66.04,21,4494828,48.34,31,813026,8.74,45.9,24.95,29.15
2022-06-04T00:00:00.000Z,0,6709971,72.16,7,6141226,66.04,6,4494834,48.34,4,813030,8.74,45.84,25.01,29.15
2022-06-05T00:00:00.000Z,2,6709973,72.16,11,6141237,66.04,5,4494839,48.34,1,813031,8.74,45.8,25.05,29.15
2022-06-06T00:00:00.000Z,57,6710030,72.16,143,6141380,66.04,158,4494997,48.34,259,813290,8.75,39.96,30.89,29.15
2022-06-07T00:00:00.000Z,59,6710089,72.16,130,6141510,66.04,133,4495130,48.34,370,813660,8.75,39.92,30.93,29.15
2022-06-08T00:00:00.000Z,56,6710145,72.16,104,6141614,66.04,127,4495257,48.34,483,814143,8.75,39.89,30.96,29.15
2022-06-09T00:00:00.000Z,20,6710165,72.16,53,6141667,66.04,65,4495322,48.34,227,814370,8.76,39.84,30.99,29.17
