Day_Date,vaccinated,vaccinated_cum,vaccinated_population_perc,vaccinated_seconde_dose,vaccinated_seconde_dose_cum,vaccinated_seconde_dose_population_perc,vaccinated_third_dose,vaccinated_third_dose_cum,vaccinated_third_dose_population_perc,vaccinated_fourth_dose,vaccinated_fourth_dose_cum,vaccinated_fourth_dose_population_perc,vaccinated_validity_perc,vaccinated_expired_perc,not_vaccinated_perc
2020-12-19T00:00:00.000Z,46,70,0,0,4,0,0,0,0,0,0,0,0,0,100
2020-12-20T00:00:00.000Z,7394,7464,0.08,0,4,0,0,0,0,0,0,0,0,0,100
2020-12-21T00:00:00.000Z,24923,32387,0.35,0,4,0,0,0,0,0,0,0,0,0,100
2020-12-22T00:00:00.000Z,44662,77049,0.83,0,4,0,0,0,0,0,0,0,0,0,100
2020-12-23T00:00:00.000Z,62915,139964,1.51,0,4,0,0,0,0,0,0,0,0,0,100
2020-12-24T00:00:00.000Z,73425,213389,2.29,0,4,0,0,0,0,0,0,0,0,0,100
2020-12-25T00:00:00.000Z,38514,251903,2.71,0,4,0,0,0,0,0,0,0,0,0,100
2020-12-26T00:00:00.000Z,32617,284520,3.06,0,4,0,0,0,0,0,0,0,0,0,100
2020-12-27T00:00:00.000Z,104565,389085,4.18,0,4,0,0,0,0,0,0,0,0,0,100
2020-12-28T00:00:00.000Z,135024,524109,5.64,0,4,0,0,0,0,0,0,0,0,0,100
2020-12-29T00:00:00.000Z,156319,680428,7.32,2,6,0,0,0,0,0,0,0,0,0,100
2020-12-30T00:00:00.000Z,153168,833596,8.96,0,6,0,0,0,0,0,0,0,0,0,100
2020-12-31T00:00:00.000Z,158570,992166,10.67,0,6,0,0,0,0,0,0,0,0,0,100
2021-01-01T00:00:00.000Z,71426,1063592,11.44,0,6,0,0,0,0,0,0,0,0,0,100
2021-01-02T00:00:00.000Z,71737,1135329,12.21,0,6,0,0,0,0,0,0,0,0,0,100
2021-01-03T00:00:00.000Z,149755,1285084,13.82,0,6,0,0,0,0,0,0,0,0,0,100
2021-01-04T00:00:00.000Z,152189,1437273,15.46,1,7,0,0,0,0,0,0,0,0,0,100
2021-01-05T00:00:00.000Z,125201,1562474,16.8,4,11,0,0,0,0,0,0,0,0,0,100
2021-01-06T00:00:00.000Z,103360,1665834,17.91,2,13,0,0,0,0,0,0,0,0,0,100
2021-01-07T00:00:00.000Z,116045,1781879,19.16,9,22,0,0,0,0,0,0,0,0,0,100
2021-01-08T00:00:00.000Z,66453,1848332,19.88,4,26,0,0,0,0,0,0,0,0,0,100
2021-01-09T00:00:00.000Z,44545,1892877,20.36,24,50,0,0,0,0,0,0,0,0,0,100
2021-01-10T00:00:00.000Z,37646,1930523,20.76,6000,6050,0.07,0,0,0,0,0,0,0,0,100
2021-01-11T00:00:00.000Z,21170,1951693,20.99,19264,25314,0.27,0,0,0,0,0,0,0,0,100
2021-01-12T00:00:00.000Z,24071,1975764,21.25,35671,60985,0.66,0,0,0,0,0,0,0,0,100
2021-01-13T00:00:00.000Z,52066,2027830,21.81,56874,117859,1.27,0,0,0,0,0,0,0,0,100
2021-01-14T00:00:00.000Z,56470,2084300,22.41,68834,186693,2.01,0,0,0,0,0,0,0,0,100
2021-01-15T00:00:00.000Z,30772,2115072,22.74,35939,222632,2.39,0,0,0,0,0,0,0,0,100
2021-01-16T00:00:00.000Z,29478,2144550,23.06,26006,248638,2.67,0,0,0,0,0,0,0,0,100
2021-01-17T00:00:00.000Z,68430,2212980,23.8,84592,333230,3.58,0,0,0,0,0,0,0.31,0,99.69
2021-01-18T00:00:00.000Z,69811,2282791,24.55,120427,453657,4.88,0,0,0,0,0,0,0.58,0,99.42
2021-01-19T00:00:00.000Z,72888,2355679,25.33,137835,591492,6.36,0,0,0,0,0,0,1.09,0,98.91
2021-01-20T00:00:00.000Z,76909,2432588,26.16,143755,735247,7.91,0,0,0,0,0,0,1.9,0,98.1
2021-01-21T00:00:00.000Z,69997,2502585,26.91,164452,899699,9.67,0,0,0,0,0,0,2.88,0,97.12
2021-01-22T00:00:00.000Z,37922,2540507,27.32,71128,970827,10.44,0,0,0,0,0,0,3.39,0,96.61
2021-01-23T00:00:00.000Z,39964,2580471,27.75,53590,1024417,11.02,0,0,0,0,0,0,3.77,0,96.23
2021-01-24T00:00:00.000Z,69141,2649612,28.49,140697,1165114,12.53,0,0,0,0,0,0,4.96,0,95.04
2021-01-25T00:00:00.000Z,80942,2730554,29.36,139511,1304625,14.03,0,0,0,0,0,0,6.61,0,93.39
2021-01-26T00:00:00.000Z,78721,2809275,30.21,126431,1431056,15.39,0,0,0,0,0,0,8.45,0,91.55
2021-01-27T00:00:00.000Z,77969,2887244,31.05,125061,1556117,16.73,0,0,0,0,0,0,10.34,0,89.66
2021-01-28T00:00:00.000Z,79567,2966811,31.9,130614,1686731,18.14,0,0,0,0,0,0,12.43,0,87.57
2021-01-29T00:00:00.000Z,36699,3003510,32.3,64788,1751519,18.83,0,0,0,0,0,0,13.34,0,86.66
2021-01-30T00:00:00.000Z,34392,3037902,32.67,42761,1794280,19.29,0,0,0,0,0,0,14.02,0,85.98
2021-01-31T00:00:00.000Z,73328,3111230,33.46,59497,1853777,19.93,0,0,0,0,0,0,15.76,0,84.24
2021-02-01T00:00:00.000Z,82499,3193729,34.34,35353,1889130,20.31,0,0,0,0,0,0,17.48,0,82.52
2021-02-02T00:00:00.000Z,70091,3263820,35.1,31068,1920198,20.65,0,0,0,0,0,0,19.01,0,80.99
2021-02-03T00:00:00.000Z,60305,3324125,35.75,51436,1971634,21.2,0,0,0,0,0,0,20.47,0,79.53
2021-02-04T00:00:00.000Z,72624,3396749,36.53,58094,2029728,21.83,0,0,0,0,0,0,22,0,78
2021-02-05T00:00:00.000Z,33941,3430690,36.89,28802,2058530,22.14,0,0,0,0,0,0,22.75,0,77.25
2021-02-06T00:00:00.000Z,21620,3452310,37.12,22228,2080758,22.38,0,0,0,0,0,0,23.23,0,76.77
2021-02-07T00:00:00.000Z,54076,3506386,37.71,68729,2149487,23.11,0,0,0,0,0,0,23.99,0,76.01
2021-02-08T00:00:00.000Z,58633,3565019,38.34,65461,2214948,23.82,0,0,0,0,0,0,24.52,0,75.48
2021-02-09T00:00:00.000Z,66344,3631363,39.05,67569,2282517,24.55,0,0,0,0,0,0,25.04,0,74.96
2021-02-10T00:00:00.000Z,70560,3701923,39.81,72306,2354823,25.32,0,0,0,0,0,0,25.77,0,74.23
2021-02-11T00:00:00.000Z,81160,3783083,40.68,72101,2426924,26.1,0,0,0,0,0,0,26.61,0,73.39
2021-02-12T00:00:00.000Z,39098,3822181,41.1,37590,2464514,26.5,0,0,0,0,0,0,27.02,0,72.98
2021-02-13T00:00:00.000Z,27462,3849643,41.4,30440,2494954,26.83,0,0,0,0,0,0,27.33,0,72.67
2021-02-14T00:00:00.000Z,74910,3924553,42.2,69079,2564033,27.57,0,0,0,0,0,0,28.25,0,71.75
2021-02-15T00:00:00.000Z,81540,4006093,43.08,75716,2639749,28.39,0,0,0,0,0,0,29.17,0,70.83
2021-02-16T00:00:00.000Z,83413,4089506,43.98,78290,2718039,29.23,0,0,0,0,0,0,30.11,0,69.89
2021-02-17T00:00:00.000Z,61976,4151482,44.64,75636,2793675,30.04,0,0,0,0,0,0,31.01,0,68.99
2021-02-18T00:00:00.000Z,69150,4220632,45.39,79735,2873410,30.9,0,0,0,0,0,0,31.94,0,68.06
2021-02-19T00:00:00.000Z,39669,4260301,45.81,38157,2911567,31.31,0,0,0,0,0,0,32.45,0,67.55
2021-02-20T00:00:00.000Z,31650,4291951,46.15,28723,2940290,31.62,0,0,0,0,0,0,32.85,0,67.15
2021-02-21T00:00:00.000Z,79431,4371382,47.01,78443,3018733,32.46,0,0,0,0,0,0,33.8,0,66.2
2021-02-22T00:00:00.000Z,85055,4456437,47.92,80590,3099323,33.33,0,0,0,0,0,0,34.83,0,65.17
2021-02-23T00:00:00.000Z,77320,4533757,48.75,70478,3169801,34.09,0,0,0,0,0,0,35.84,0,64.16
2021-02-24T00:00:00.000Z,61064,4594821,49.41,63140,3232941,34.77,0,0,0,0,0,0,36.76,0,63.24
2021-02-25T00:00:00.000Z,51725,4646546,49.97,64800,3297741,35.46,0,0,0,0,0,0,37.66,0,62.34
2021-02-26T00:00:00.000Z,25909,4672455,50.25,32038,3329779,35.81,0,0,0,0,0,0,38.1,0,61.9
2021-02-27T00:00:00.000Z,18348,4690803,50.44,21195,3350974,36.03,0,0,0,0,0,0,38.42,0,61.58
2021-02-28T00:00:00.000Z,40358,4731161,50.88,55870,3406844,36.64,0,0,0,0,0,0,39.24,0,60.76
2021-03-01T00:00:00.000Z,45740,4776901,51.37,61434,3468278,37.3,0,0,0,0,0,0,40.1,0,59.9
2021-03-02T00:00:00.000Z,41195,4818096,51.81,64794,3533072,37.99,0,0,0,0,0,0,40.85,0,59.15
2021-03-03T00:00:00.000Z,42020,4860116,52.26,66785,3599857,38.71,0,0,0,0,0,0,41.55,0,58.45
2021-03-04T00:00:00.000Z,39711,4899827,52.69,79114,3678971,39.56,0,0,0,0,0,0,42.24,0,57.76
2021-03-05T00:00:00.000Z,17359,4917186,52.88,40463,3719434,40,0,0,0,0,0,0,42.57,0,57.43
2021-03-06T00:00:00.000Z,10718,4927904,52.99,25345,3744779,40.27,0,0,0,0,0,0,42.78,0,57.22
2021-03-07T00:00:00.000Z,31152,4959056,53.33,72841,3817620,41.05,0,0,0,0,0,0,43.36,0,56.64
2021-03-08T00:00:00.000Z,27382,4986438,53.62,73291,3890911,41.84,0,0,0,0,0,0,43.97,0,56.03
2021-03-09T00:00:00.000Z,26752,5013190,53.91,76595,3967506,42.66,0,0,0,0,0,0,44.62,0,55.38
2021-03-10T00:00:00.000Z,23365,5036555,54.16,58679,4026185,43.3,0,0,0,0,0,0,45.27,0,54.73
2021-03-11T00:00:00.000Z,23296,5059851,54.41,69088,4095273,44.04,0,0,0,0,0,0,45.99,0,54.01
2021-03-12T00:00:00.000Z,11292,5071143,54.53,41411,4136684,44.48,0,0,0,0,0,0,46.34,0,53.66
2021-03-13T00:00:00.000Z,7949,5079092,54.62,25239,4161923,44.76,0,0,0,0,0,0,46.57,0,53.43
2021-03-14T00:00:00.000Z,20984,5100076,54.84,73934,4235857,45.55,0,0,0,0,0,0,47.2,0,52.8
2021-03-15T00:00:00.000Z,20139,5120215,55.06,78278,4314135,46.39,0,0,0,0,0,0,47.81,0,52.19
2021-03-16T00:00:00.000Z,18751,5138966,55.26,71474,4385609,47.16,0,0,0,0,0,0,48.43,0,51.57
2021-03-17T00:00:00.000Z,17700,5156666,55.45,59000,4444609,47.8,0,0,0,0,0,0,48.92,0,51.08
2021-03-18T00:00:00.000Z,16044,5172710,55.62,58125,4502734,48.42,0,0,0,0,0,0,49.45,0,50.55
2021-03-19T00:00:00.000Z,6952,5179662,55.7,27977,4530711,48.72,0,0,0,0,0,0,49.75,0,50.25
2021-03-20T00:00:00.000Z,5225,5184887,55.76,15298,4546009,48.89,0,0,0,0,0,0,49.93,0,50.07
2021-03-21T00:00:00.000Z,13169,5198056,55.9,40504,4586513,49.32,0,0,0,0,0,0,50.46,0,49.54
2021-03-22T00:00:00.000Z,13571,5211627,56.04,40535,4627048,49.76,0,0,0,0,0,0,51,0,49
2021-03-23T00:00:00.000Z,2841,5214468,56.07,7297,4634345,49.84,0,0,0,0,0,0,51.43,0,48.57
2021-03-24T00:00:00.000Z,10993,5225461,56.19,46553,4680898,50.34,0,0,0,0,0,0,51.84,0,48.16
2021-03-25T00:00:00.000Z,10260,5235721,56.3,35432,4716330,50.72,0,0,0,0,0,0,52.22,0,47.78
2021-03-26T00:00:00.000Z,4181,5239902,56.35,13329,4729659,50.86,0,0,0,0,0,0,52.4,0,47.6
2021-03-27T00:00:00.000Z,1784,5241686,56.37,4267,4733926,50.91,0,0,0,0,0,0,52.5,0,47.5
2021-03-28T00:00:00.000Z,2110,5243796,56.39,4609,4738535,50.96,0,0,0,0,0,0,52.74,0,47.26
2021-03-29T00:00:00.000Z,6909,5250705,56.46,30014,4768549,51.28,0,0,0,0,0,0,53,0,47
2021-03-30T00:00:00.000Z,7885,5258590,56.55,22450,4790999,51.52,0,0,0,0,0,0,53.08,0,46.92
2021-03-31T00:00:00.000Z,8146,5266736,56.64,19490,4810489,51.73,0,0,0,0,0,0,53.38,0,46.62
2021-04-01T00:00:00.000Z,8201,5274937,56.72,18697,4829186,51.93,0,0,0,0,0,0,53.62,0,46.38
2021-04-02T00:00:00.000Z,2931,5277868,56.76,8127,4837313,52.02,0,0,0,0,0,0,53.71,0,46.29
2021-04-03T00:00:00.000Z,1432,5279300,56.77,2978,4840291,52.05,0,0,0,0,0,0,53.74,0,46.26
2021-04-04T00:00:00.000Z,9617,5288917,56.87,22830,4863121,52.3,0,0,0,0,0,0,53.82,0,46.18
2021-04-05T00:00:00.000Z,10357,5299274,56.99,21271,4884392,52.52,0,0,0,0,0,0,54.04,0,45.96
2021-04-06T00:00:00.000Z,9022,5308296,57.08,16786,4901178,52.7,0,0,0,0,0,0,54.21,0,45.79
2021-04-07T00:00:00.000Z,8921,5317217,57.18,15305,4916483,52.87,0,0,0,0,0,0,54.36,0,45.64
2021-04-08T00:00:00.000Z,9422,5326639,57.28,17003,4933486,53.05,0,0,0,0,0,0,54.52,0,45.48
2021-04-09T00:00:00.000Z,3606,5330245,57.32,6249,4939735,53.12,0,0,0,0,0,0,54.58,0,45.42
2021-04-10T00:00:00.000Z,1630,5331875,57.34,3519,4943254,53.16,0,0,0,0,0,0,54.61,0,45.39
2021-04-11T00:00:00.000Z,9037,5340912,57.43,14248,4957502,53.31,0,0,0,0,0,0,54.78,0,45.22
2021-04-12T00:00:00.000Z,8932,5349844,57.53,13229,4970731,53.45,0,0,0,0,0,0,54.95,0,45.05
2021-04-13T00:00:00.000Z,5837,5355681,57.59,4959,4975690,53.51,0,0,0,0,0,0,55.08,0,44.92
2021-04-14T00:00:00.000Z,3643,5359324,57.63,5303,4980993,53.56,0,0,0,0,0,0,55.18,0,44.82
2021-04-15T00:00:00.000Z,691,5360015,57.64,576,4981569,53.57,0,0,0,0,0,0,55.27,0,44.73
2021-04-16T00:00:00.000Z,3408,5363423,57.68,6643,4988212,53.64,0,0,0,0,0,0,55.33,0,44.67
2021-04-17T00:00:00.000Z,818,5364241,57.68,1971,4990183,53.66,0,0,0,0,0,0,55.35,0,44.65
2021-04-18T00:00:00.000Z,7092,5371333,57.76,7432,4997615,53.74,0,0,0,0,0,0,55.47,0,44.53
2021-04-19T00:00:00.000Z,6395,5377728,57.83,7124,5004739,53.82,0,0,0,0,0,0,55.58,0,44.42
2021-04-20T00:00:00.000Z,6275,5384003,57.9,6885,5011624,53.89,0,0,0,0,0,0,55.65,0,44.35
2021-04-21T00:00:00.000Z,6372,5390375,57.97,7105,5018729,53.97,0,0,0,0,0,0,55.71,0,44.29
2021-04-22T00:00:00.000Z,5940,5396315,58.03,7684,5026413,54.05,0,0,0,0,0,0,55.75,0,44.25
2021-04-23T00:00:00.000Z,2757,5399072,58.06,3385,5029798,54.09,0,0,0,0,0,0,55.8,0,44.2
2021-04-24T00:00:00.000Z,766,5399838,58.07,1288,5031086,54.1,0,0,0,0,0,0,55.82,0,44.18
2021-04-25T00:00:00.000Z,4827,5404665,58.12,6919,5038005,54.18,0,0,0,0,0,0,55.89,0,44.11
2021-04-26T00:00:00.000Z,5473,5410138,58.18,7887,5045892,54.26,0,0,0,0,0,0,55.96,0,44.04
2021-04-27T00:00:00.000Z,4502,5414640,58.23,6619,5052511,54.33,0,0,0,0,0,0,56.03,0,43.97
2021-04-28T00:00:00.000Z,4490,5419130,58.27,7323,5059834,54.41,0,0,0,0,0,0,56.09,0,43.91
2021-04-29T00:00:00.000Z,4370,5423500,58.32,7286,5067120,54.49,0,0,0,0,0,0,56.16,0,43.84
2021-04-30T00:00:00.000Z,1917,5425417,58.34,3198,5070318,54.52,0,0,0,0,0,0,56.19,0,43.81
2021-05-01T00:00:00.000Z,457,5425874,58.35,892,5071210,54.53,0,0,0,0,0,0,56.2,0,43.8
2021-05-02T00:00:00.000Z,3224,5429098,58.38,6088,5077298,54.6,0,0,0,0,0,0,56.26,0,43.74
2021-05-03T00:00:00.000Z,3533,5432631,58.42,5828,5083126,54.66,0,0,0,0,0,0,56.32,0,43.68
2021-05-04T00:00:00.000Z,3584,5436215,58.46,4729,5087855,54.71,0,0,0,0,0,0,56.38,0,43.62
2021-05-05T00:00:00.000Z,3288,5439503,58.49,4086,5091941,54.76,0,0,0,0,0,0,56.44,0,43.56
2021-05-06T00:00:00.000Z,3640,5443143,58.53,3141,5095082,54.79,0,0,0,0,0,0,56.5,0,43.5
2021-05-07T00:00:00.000Z,1837,5444980,58.55,2500,5097582,54.82,0,0,0,0,0,0,56.52,0,43.48
2021-05-08T00:00:00.000Z,236,5445216,58.56,504,5098086,54.82,0,0,0,0,0,0,56.53,0,43.47
2021-05-09T00:00:00.000Z,2848,5448064,58.59,4747,5102833,54.87,0,0,0,0,0,0,56.58,0,43.42
2021-05-10T00:00:00.000Z,2891,5450955,58.62,4702,5107535,54.92,0,0,0,0,0,0,56.63,0,43.37
2021-05-11T00:00:00.000Z,2619,5453574,58.65,3876,5111411,54.97,0,0,0,0,0,0,56.67,0,43.33
2021-05-12T00:00:00.000Z,2028,5455602,58.67,3334,5114745,55,0,0,0,0,0,0,56.7,0,43.3
2021-05-13T00:00:00.000Z,2039,5457641,58.69,3678,5118423,55.04,0,0,0,0,0,0,56.73,0,43.27
2021-05-14T00:00:00.000Z,972,5458613,58.7,1490,5119913,55.06,0,0,0,0,0,0,56.75,0,43.25
2021-05-15T00:00:00.000Z,251,5458864,58.7,255,5120168,55.06,0,0,0,0,0,0,56.75,0,43.25
2021-05-16T00:00:00.000Z,528,5459392,58.71,1203,5121371,55.07,0,0,0,0,0,0,56.78,0,43.22
2021-05-17T00:00:00.000Z,296,5459688,58.71,841,5122212,55.08,0,0,0,0,0,0,56.81,0,43.19
2021-05-18T00:00:00.000Z,1957,5461645,58.73,4934,5127146,55.13,0,0,0,0,0,0,56.84,0,43.16
2021-05-19T00:00:00.000Z,2226,5463871,58.76,5034,5132180,55.19,0,0,0,0,0,0,56.87,0,43.13
2021-05-20T00:00:00.000Z,2307,5466178,58.78,3876,5136056,55.23,0,0,0,0,0,0,56.9,0,43.1
2021-05-21T00:00:00.000Z,1182,5467360,58.79,1404,5137460,55.25,0,0,0,0,0,0,56.92,0,43.08
2021-05-22T00:00:00.000Z,205,5467565,58.8,395,5137855,55.25,0,0,0,0,0,0,56.92,0,43.08
2021-05-23T00:00:00.000Z,2270,5469835,58.82,3215,5141070,55.28,0,0,0,0,0,0,56.94,0,43.06
2021-05-24T00:00:00.000Z,2128,5471963,58.84,3595,5144665,55.32,0,0,0,0,0,0,56.96,0,43.04
2021-05-25T00:00:00.000Z,1815,5473778,58.86,2583,5147248,55.35,0,0,0,0,0,0,56.99,0,43.01
2021-05-26T00:00:00.000Z,1403,5475181,58.88,2500,5149748,55.38,0,0,0,0,0,0,57.03,0,42.97
2021-05-27T00:00:00.000Z,1852,5477033,58.9,3182,5152930,55.41,0,0,0,0,0,0,57.06,0,42.94
2021-05-28T00:00:00.000Z,781,5477814,58.91,1403,5154333,55.43,0,0,0,0,0,0,57.07,0,42.93
2021-05-29T00:00:00.000Z,188,5478002,58.91,223,5154556,55.43,0,0,0,0,0,0,57.07,0,42.93
2021-05-30T00:00:00.000Z,1642,5479644,58.93,1936,5156492,55.45,0,0,0,0,0,0,57.1,0,42.9
2021-05-31T00:00:00.000Z,1732,5481376,58.94,2089,5158581,55.47,0,0,0,0,0,0,57.13,0,42.87
2021-06-01T00:00:00.000Z,1373,5482749,58.96,1818,5160399,55.49,0,0,0,0,0,0,57.47,0,42.53
2021-06-02T00:00:00.000Z,1509,5484258,58.98,1604,5162003,55.51,0,0,0,0,0,0,57.25,0,42.75
2021-06-03T00:00:00.000Z,1681,5485939,58.99,1488,5163491,55.53,0,0,0,0,0,0,57.27,0,42.73
2021-06-04T00:00:00.000Z,1093,5487032,59,777,5164268,55.53,0,0,0,0,0,0,57.28,0,42.72
2021-06-05T00:00:00.000Z,180,5487212,59.01,158,5164426,55.54,0,0,0,0,0,0,57.29,0,42.71
2021-06-06T00:00:00.000Z,4288,5491500,59.05,1002,5165428,55.55,0,0,0,0,0,0,57.31,0,42.69
2021-06-07T00:00:00.000Z,4433,5495933,59.1,808,5166236,55.56,0,0,0,0,0,0,57.34,0,42.66
2021-06-08T00:00:00.000Z,3733,5499666,59.14,1167,5167403,55.57,0,0,0,0,0,0,57.36,0,42.64
2021-06-09T00:00:00.000Z,3610,5503276,59.18,1323,5168726,55.58,0,0,0,0,0,0,57.4,0,42.6
2021-06-10T00:00:00.000Z,3353,5506629,59.22,1293,5170019,55.6,0,0,0,0,0,0,57.42,0,42.58
2021-06-11T00:00:00.000Z,1393,5508022,59.23,580,5170599,55.6,0,0,0,0,0,0,57.43,0,42.57
2021-06-12T00:00:00.000Z,214,5508236,59.23,170,5170769,55.6,0,0,0,0,0,0,57.43,0,42.57
2021-06-13T00:00:00.000Z,3100,5511336,59.27,1257,5172026,55.62,0,0,0,0,0,0,57.45,0,42.55
2021-06-14T00:00:00.000Z,3053,5514389,59.3,1524,5173550,55.63,0,0,0,0,0,0,57.46,0,42.54
2021-06-15T00:00:00.000Z,3136,5517525,59.33,1370,5174920,55.65,0,0,0,0,0,0,57.48,0,42.52
2021-06-16T00:00:00.000Z,2726,5520251,59.36,996,5175916,55.66,0,0,0,0,0,0,57.49,0,42.51
2021-06-17T00:00:00.000Z,2723,5522974,59.39,1196,5177112,55.67,0,0,0,0,0,0,57.51,0,42.49
2021-06-18T00:00:00.000Z,1263,5524237,59.4,504,5177616,55.68,0,0,0,0,0,0,57.52,0,42.48
2021-06-19T00:00:00.000Z,240,5524477,59.41,138,5177754,55.68,0,0,0,0,0,0,57.52,0,42.48
2021-06-20T00:00:00.000Z,3313,5527790,59.44,1330,5179084,55.69,0,0,0,0,0,0,57.54,0,42.46
2021-06-21T00:00:00.000Z,5235,5533025,59.5,1212,5180296,55.71,0,0,0,0,0,0,57.56,0,42.44
2021-06-22T00:00:00.000Z,6921,5539946,59.57,1096,5181392,55.72,0,0,0,0,0,0,57.58,0,42.42
2021-06-23T00:00:00.000Z,10750,5550696,59.69,1293,5182685,55.73,0,0,0,0,0,0,57.6,0,42.4
2021-06-24T00:00:00.000Z,12038,5562734,59.82,1464,5184149,55.75,0,0,0,0,0,0,57.62,0,42.38
2021-06-25T00:00:00.000Z,7109,5569843,59.9,939,5185088,55.76,0,0,0,0,0,0,57.62,0,42.38
2021-06-26T00:00:00.000Z,2270,5572113,59.92,197,5185285,55.76,0,0,0,0,0,0,57.63,0,42.37
2021-06-27T00:00:00.000Z,13628,5585741,60.07,3434,5188719,55.8,0,0,0,0,0,0,57.65,0,42.35
2021-06-28T00:00:00.000Z,14514,5600255,60.22,3673,5192392,55.84,0,0,0,0,0,0,57.68,0,42.32
2021-06-29T00:00:00.000Z,16706,5616961,60.4,3741,5196133,55.88,0,0,0,0,0,0,57.69,0,42.31
2021-06-30T00:00:00.000Z,16480,5633441,60.58,3392,5199525,55.91,0,0,0,0,0,0,57.72,0,42.28
2021-07-01T00:00:00.000Z,16823,5650264,60.76,3369,5202894,55.95,118,118,0,0,0,0,57.78,0,42.22
2021-07-02T00:00:00.000Z,9826,5660090,60.87,1597,5204491,55.97,7,125,0,0,0,0,57.79,0,42.21
2021-07-03T00:00:00.000Z,2675,5662765,60.89,296,5204787,55.97,1,126,0,0,0,0,57.79,0,42.21
2021-07-04T00:00:00.000Z,17731,5680496,61.09,3158,5207945,56,2,128,0,0,0,0,57.85,0,42.15
2021-07-05T00:00:00.000Z,17844,5698340,61.28,3042,5210987,56.04,7,135,0,0,0,0,57.91,0,42.09
2021-07-06T00:00:00.000Z,17840,5716180,61.47,3405,5214392,56.07,11,146,0,0,0,0,57.99,0,42.01
2021-07-07T00:00:00.000Z,15522,5731702,61.64,2696,5217088,56.1,12,158,0,0,0,0,58.05,0,41.95
2021-07-08T00:00:00.000Z,16581,5748283,61.81,2873,5219961,56.13,17,175,0,0,0,0,58.12,0,41.88
2021-07-09T00:00:00.000Z,11123,5759406,61.93,1531,5221492,56.15,4,179,0,0,0,0,58.15,0,41.85
2021-07-10T00:00:00.000Z,4987,5764393,61.99,386,5221878,56.15,6,185,0,0,0,0,58.15,0,41.85
2021-07-11T00:00:00.000Z,1454,5765847,62,2847,5224725,56.18,8,193,0,0,0,0,58.22,0,41.78
2021-07-12T00:00:00.000Z,2420,5768267,62.03,3679,5228404,56.22,56,249,0,0,0,0,58.29,0,41.71
2021-07-13T00:00:00.000Z,2954,5771221,62.06,5456,5233860,56.28,124,373,0,0,0,0,58.36,0,41.64
2021-07-14T00:00:00.000Z,2739,5773960,62.09,7526,5241386,56.36,441,814,0.01,0,0,0,58.42,0,41.58
2021-07-15T00:00:00.000Z,2999,5776959,62.12,9286,5250672,56.46,374,1188,0.01,0,0,0,58.5,0,41.5
2021-07-16T00:00:00.000Z,1284,5778243,62.14,5894,5256566,56.53,66,1254,0.01,0,0,0,58.54,0,41.46
2021-07-17T00:00:00.000Z,369,5778612,62.14,1390,5257956,56.54,7,1261,0.01,0,0,0,58.55,0,41.44
2021-07-18T00:00:00.000Z,2070,5780682,62.16,9767,5267723,56.65,235,1496,0.02,0,0,0,58.6,0,41.4
2021-07-19T00:00:00.000Z,3208,5783890,62.2,11341,5279064,56.77,461,1957,0.02,0,0,0,58.65,0,41.35
2021-07-20T00:00:00.000Z,2681,5786571,62.23,11905,5290969,56.9,373,2330,0.03,0,0,0,58.72,0,41.28
2021-07-21T00:00:00.000Z,2400,5788971,62.25,11873,5302842,57.02,325,2655,0.03,0,0,0,58.81,0,41.19
2021-07-22T00:00:00.000Z,2871,5791842,62.28,13267,5316109,57.17,391,3046,0.03,0,0,0,58.93,0,41.07
2021-07-23T00:00:00.000Z,2033,5793875,62.3,8236,5324345,57.26,106,3152,0.03,0,0,0,58.99,0,41.01
2021-07-24T00:00:00.000Z,640,5794515,62.31,1478,5325823,57.27,7,3159,0.03,0,0,0,58.99,0,41
2021-07-25T00:00:00.000Z,4413,5798928,62.36,15490,5341313,57.44,223,3382,0.04,0,0,0,59.1,0,40.89
2021-07-26T00:00:00.000Z,5165,5804093,62.41,13525,5354838,57.58,324,3706,0.04,0,0,0,59.24,0,40.75
2021-07-27T00:00:00.000Z,5486,5809579,62.47,13571,5368409,57.73,413,4119,0.04,0,0,0,59.37,0.01,40.62
2021-07-28T00:00:00.000Z,3984,5813563,62.52,12339,5380748,57.86,472,4591,0.05,0,0,0,59.5,0.01,40.49
2021-07-29T00:00:00.000Z,4656,5818219,62.57,14193,5394941,58.01,530,5121,0.06,0,0,0,59.65,0.01,40.33
2021-07-30T00:00:00.000Z,2646,5820865,62.59,10851,5405792,58.13,4122,9243,0.1,0,0,0,59.74,0.02,40.25
2021-07-31T00:00:00.000Z,1403,5822268,62.61,3551,5409343,58.17,6159,15402,0.17,0,0,0,59.75,0.02,40.23
2021-08-01T00:00:00.000Z,3073,5825341,62.64,3361,5412704,58.21,31047,46449,0.5,0,0,0,59.91,0.02,40.06
2021-08-02T00:00:00.000Z,3126,5828467,62.68,3167,5415871,58.24,58513,104962,1.13,0,0,0,60.06,0.03,39.91
2021-08-03T00:00:00.000Z,3380,5831847,62.71,3321,5419192,58.28,78951,183913,1.98,0,0,0,60.21,0.03,39.76
2021-08-04T00:00:00.000Z,3521,5835368,62.75,3247,5422439,58.31,80762,264675,2.85,0,0,0,60.34,0.03,39.63
2021-08-05T00:00:00.000Z,4507,5839875,62.8,3566,5426005,58.35,88442,353117,3.8,0,0,0,60.49,0.04,39.47
2021-08-06T00:00:00.000Z,2431,5842306,62.83,1847,5427852,58.37,44741,397858,4.28,0,0,0,60.6,0.04,39.36
2021-08-07T00:00:00.000Z,1029,5843335,62.84,697,5428549,58.38,27353,425211,4.57,0,0,0,60.63,0.04,39.32
2021-08-08T00:00:00.000Z,4988,5848323,62.89,3076,5431625,58.41,80085,505296,5.43,0,0,0,60.68,0.04,39.28
2021-08-09T00:00:00.000Z,5338,5853661,62.95,3054,5434679,58.44,76487,581783,6.26,0,0,0,60.72,0.04,39.24
2021-08-10T00:00:00.000Z,5548,5859209,63.01,3199,5437878,58.48,75426,657209,7.07,0,0,0,60.75,0.04,39.2
2021-08-11T00:00:00.000Z,5691,5864900,63.07,2937,5440815,58.51,62635,719844,7.74,0,0,0,60.79,0.04,39.17
2021-08-12T00:00:00.000Z,7027,5871927,63.14,3284,5444099,58.54,59460,779304,8.38,0,0,0,60.83,0.04,39.12
2021-08-13T00:00:00.000Z,3812,5875739,63.18,2063,5446162,58.57,43869,823173,8.85,0,0,0,60.84,0.05,39.11
2021-08-14T00:00:00.000Z,2250,5877989,63.21,849,5447011,58.57,44486,867659,9.33,0,0,0,60.85,0.05,39.1
2021-08-15T00:00:00.000Z,7139,5885128,63.29,4529,5451540,58.62,97979,965638,10.38,0,0,0,60.89,0.05,39.06
2021-08-16T00:00:00.000Z,6984,5892112,63.36,4741,5456281,58.67,89515,1055153,11.35,0,0,0,60.92,0.04,39.03
2021-08-17T00:00:00.000Z,7569,5899681,63.44,5131,5461412,58.73,83316,1138469,12.24,0,0,0,60.96,0.04,39
2021-08-18T00:00:00.000Z,8636,5908317,63.54,4601,5466013,58.78,69264,1207733,12.99,0,0,0,60.99,0.04,38.96
2021-08-19T00:00:00.000Z,10076,5918393,63.64,5212,5471225,58.83,65973,1273706,13.7,0,0,0,61.03,0.04,38.92
2021-08-20T00:00:00.000Z,4765,5923158,63.69,2822,5474047,58.87,60448,1334154,14.35,0,0,0,61.05,0.05,38.9
2021-08-21T00:00:00.000Z,3494,5926652,63.73,1577,5475624,58.88,50724,1384878,14.89,0,0,0,61.06,0.05,38.89
2021-08-22T00:00:00.000Z,9821,5936473,63.84,4802,5480426,58.93,105101,1489979,16.02,0,0,0,61.12,0.04,38.84
2021-08-23T00:00:00.000Z,10928,5947401,63.96,4445,5484871,58.98,94016,1583995,17.03,0,0,0,61.17,0.04,38.79
2021-08-24T00:00:00.000Z,11719,5959120,64.08,4696,5489567,59.03,98543,1682538,18.09,0,0,0,61.23,0.04,38.73
2021-08-25T00:00:00.000Z,9617,5968737,64.18,4477,5494044,59.08,99528,1782066,19.16,0,0,0,61.29,0.04,38.67
2021-08-26T00:00:00.000Z,10108,5978845,64.29,5054,5499098,59.13,101215,1883281,20.25,0,0,0,61.36,0.03,38.61
2021-08-27T00:00:00.000Z,4325,5983170,64.34,2779,5501877,59.16,56691,1939972,20.86,0,0,0,61.35,0.04,38.61
2021-08-28T00:00:00.000Z,3697,5986867,64.38,1495,5503372,59.18,33538,1973510,21.22,0,0,0,61.4,0.04,38.57
2021-08-29T00:00:00.000Z,10324,5997191,64.49,5931,5509303,59.24,79533,2053043,22.08,0,0,0,61.46,0.03,38.5
2021-08-30T00:00:00.000Z,12334,6009525,64.62,7013,5516316,59.32,115992,2169035,23.32,0,0,0,61.53,0.03,38.44
2021-08-31T00:00:00.000Z,12076,6021601,64.75,6521,5522837,59.39,114866,2283901,24.56,0,0,0,61.6,0.03,38.37
2021-09-01T00:00:00.000Z,9034,6030635,64.85,6031,5528868,59.45,112478,2396379,25.77,0,0,0,61.43,0.03,38.54
2021-09-02T00:00:00.000Z,8785,6039420,64.94,7175,5536043,59.53,111527,2507906,26.97,0,0,0,61.49,0.03,38.48
2021-09-03T00:00:00.000Z,3747,6043167,64.99,4110,5540153,59.58,58881,2566787,27.6,0,0,0,61.56,0.03,38.42
2021-09-04T00:00:00.000Z,2691,6045858,65.01,2018,5542171,59.6,29945,2596732,27.92,0,0,0,61.59,0.03,38.38
2021-09-05T00:00:00.000Z,6994,6052852,65.09,6458,5548629,59.67,73319,2670051,28.71,0,0,0,61.68,0.03,38.29
2021-09-06T00:00:00.000Z,2831,6055683,65.12,2707,5551336,59.7,22794,2692845,28.96,0,0,0,61.77,0.03,38.2
2021-09-07T00:00:00.000Z,1198,6056881,65.13,877,5552213,59.71,5396,2698241,29.02,0,0,0,61.85,0.03,38.12
2021-09-08T00:00:00.000Z,1379,6058260,65.15,1191,5553404,59.72,6620,2704861,29.09,0,0,0,61.93,0.03,38.05
2021-09-09T00:00:00.000Z,7087,6065347,65.22,12567,5565971,59.85,73839,2778700,29.88,0,0,0,62.02,0.03,37.95
2021-09-10T00:00:00.000Z,3256,6068603,65.26,5013,5570984,59.91,37932,2816632,30.29,0,0,0,62.06,0.03,37.91
2021-09-11T00:00:00.000Z,2107,6070710,65.28,2503,5573487,59.93,14815,2831447,30.45,0,0,0,62.08,0.03,37.89
2021-09-12T00:00:00.000Z,6109,6076819,65.35,8584,5582071,60.03,54127,2885574,31.03,0,0,0,62.16,0.03,37.81
2021-09-13T00:00:00.000Z,5610,6082429,65.41,8255,5590326,60.12,47977,2933551,31.55,0,0,0,62.15,0.03,37.82
2021-09-14T00:00:00.000Z,4957,6087386,65.46,7416,5597742,60.2,48849,2982400,32.07,0,0,0,62.2,0.03,37.77
2021-09-15T00:00:00.000Z,1747,6089133,65.48,2713,5600455,60.22,16685,2999085,32.25,0,0,0,62.25,0.03,37.72
2021-09-16T00:00:00.000Z,340,6089473,65.48,547,5601002,60.23,1740,3000825,32.27,0,0,0,62.37,0.03,37.6
2021-09-17T00:00:00.000Z,3680,6093153,65.52,7014,5608016,60.31,42901,3043726,32.73,0,0,0,62.42,0.03,37.54
2021-09-18T00:00:00.000Z,2255,6095408,65.55,2941,5610957,60.34,12782,3056508,32.87,0,0,0,62.45,0.03,37.52
2021-09-19T00:00:00.000Z,5941,6101349,65.61,10709,5621666,60.45,44327,3100835,33.34,0,0,0,62.55,0.03,37.42
2021-09-20T00:00:00.000Z,3244,6104593,65.65,4641,5626307,60.5,16705,3117540,33.52,0,0,0,62.63,0.03,37.34
2021-09-21T00:00:00.000Z,1337,6105930,65.66,2055,5628362,60.52,3474,3121014,33.56,0,0,0,62.69,0.03,37.28
2021-09-22T00:00:00.000Z,4255,6110185,65.71,7247,5635609,60.6,25069,3146083,33.83,0,0,0,62.72,0.03,37.25
2021-09-23T00:00:00.000Z,4386,6114571,65.75,5908,5641517,60.67,27832,3173915,34.13,0,0,0,62.75,0.03,37.22
2021-09-24T00:00:00.000Z,3199,6117770,65.79,4183,5645700,60.71,27719,3201634,34.43,0,0,0,62.82,0.03,37.15
2021-09-25T00:00:00.000Z,2074,6119844,65.81,2258,5647958,60.74,10440,3212074,34.54,0,0,0,62.85,0.03,37.12
2021-09-26T00:00:00.000Z,5604,6125448,65.87,5970,5653928,60.8,36263,3248337,34.93,0,0,0,62.96,0.03,37
2021-09-27T00:00:00.000Z,4691,6130139,65.92,4466,5658394,60.85,30451,3278788,35.26,0,0,0,63.02,0.03,36.94
2021-09-28T00:00:00.000Z,1469,6131608,65.94,1179,5659573,60.86,6249,3285037,35.33,0,0,0,63.06,0.04,36.91
2021-09-29T00:00:00.000Z,9620,6141228,66.04,8343,5667916,60.95,60322,3345359,35.97,0,0,0,63.13,0.03,36.84
2021-09-30T00:00:00.000Z,10971,6152199,66.16,8571,5676487,61.04,79687,3425046,36.83,0,0,0,63.18,0.03,36.79
2021-10-01T00:00:00.000Z,5119,6157318,66.21,3872,5680359,61.08,46539,3471585,37.33,0,0,0,63.23,0.03,36.73
2021-10-02T00:00:00.000Z,2861,6160179,66.24,2123,5682482,61.11,22429,3494014,37.57,0,0,0,63.26,0.03,36.71
2021-10-03T00:00:00.000Z,11667,6171846,66.37,7272,5689754,61.18,70723,3564737,38.33,0,0,0,63.35,0.03,36.62
2021-10-04T00:00:00.000Z,10316,6182162,66.48,6756,5696510,61.26,51905,3616642,38.89,0,0,0,63.4,0.03,36.57
2021-10-05T00:00:00.000Z,8459,6190621,66.57,5308,5701818,61.31,40475,3657117,39.33,0,0,0,63.41,0.03,36.55
2021-10-06T00:00:00.000Z,7539,6198160,66.65,4177,5705995,61.36,34137,3691254,39.69,0,0,0,63.52,0.03,36.45
2021-10-07T00:00:00.000Z,6891,6205051,66.73,4006,5710001,61.4,34059,3725313,40.06,0,0,0,63.63,0.03,36.34
2021-10-08T00:00:00.000Z,3085,6208136,66.76,2639,5712640,61.43,19245,3744558,40.27,0,0,0,63.68,0.03,36.29
2021-10-09T00:00:00.000Z,1336,6209472,66.77,1441,5714081,61.45,7440,3751998,40.35,0,0,0,63.71,0.03,36.26
2021-10-10T00:00:00.000Z,4674,6214146,66.82,3743,5717824,61.49,21516,3773514,40.58,0,0,0,63.82,0.04,36.14
2021-10-11T00:00:00.000Z,4296,6218442,66.87,2942,5720766,61.52,17261,3790775,40.76,0,0,0,63.91,0.04,36.05
2021-10-12T00:00:00.000Z,3972,6222414,66.91,3003,5723769,61.55,15355,3806130,40.93,0,0,0,63.99,0.05,35.96
2021-10-13T00:00:00.000Z,3482,6225896,66.95,2447,5726216,61.58,13583,3819713,41.08,0,0,0,64.09,0.05,35.86
2021-10-14T00:00:00.000Z,3867,6229763,66.99,2682,5728898,61.61,16565,3836278,41.25,0,0,0,64.19,0.06,35.75
2021-10-15T00:00:00.000Z,1700,6231463,67.01,1680,5730578,61.62,9006,3845284,41.35,0,0,0,64.23,0.07,35.7
2021-10-16T00:00:00.000Z,725,6232188,67.02,953,5731531,61.63,4034,3849318,41.39,0,0,0,64.25,0.08,35.67
2021-10-17T00:00:00.000Z,3088,6235276,67.05,2522,5734053,61.66,12793,3862111,41.53,0,0,0,64.36,0.09,35.56
2021-10-18T00:00:00.000Z,2455,6237731,67.08,1684,5735737,61.68,10066,3872177,41.64,0,0,0,64.43,0.1,35.47
2021-10-19T00:00:00.000Z,2395,6240126,67.1,1278,5737015,61.69,9296,3881473,41.74,0,0,0,64.49,0.1,35.4
2021-10-20T00:00:00.000Z,2432,6242558,67.13,2302,5739317,61.72,10092,3891565,41.85,0,0,0,64.14,0.52,35.34
2021-10-21T00:00:00.000Z,3031,6245589,67.16,3090,5742407,61.75,12161,3903726,41.98,0,0,0,54.23,10.41,35.36
2021-10-22T00:00:00.000Z,1273,6246862,67.18,1429,5743836,61.77,5829,3909555,42.04,0,0,0,54.36,10.26,35.38
2021-10-23T00:00:00.000Z,571,6247433,67.18,1262,5745098,61.78,2560,3912115,42.07,0,0,0,54.42,10.19,35.39
2021-10-24T00:00:00.000Z,2514,6249947,67.21,2652,5747750,61.81,9852,3921967,42.17,0,0,0,54.22,10.43,35.35
2021-10-25T00:00:00.000Z,2634,6252581,67.24,2743,5750493,61.84,8504,3930471,42.27,0,0,0,54.59,10.22,35.19
2021-10-26T00:00:00.000Z,2376,6254957,67.26,2050,5752543,61.86,8517,3938988,42.36,0,0,0,54.64,10.26,35.1
2021-10-27T00:00:00.000Z,2286,6257243,67.29,2561,5755104,61.89,7950,3946938,42.44,0,0,0,54.58,10.37,35.06
2021-10-28T00:00:00.000Z,2498,6259741,67.31,2773,5757877,61.92,8662,3955600,42.54,0,0,0,54.69,10.76,34.55
2021-10-29T00:00:00.000Z,898,6260639,67.32,1148,5759025,61.93,4131,3959731,42.58,0,0,0,54.73,10.75,34.52
2021-10-30T00:00:00.000Z,364,6261003,67.33,529,5759554,61.94,1709,3961440,42.6,0,0,0,54.68,10.81,34.52
2021-10-31T00:00:00.000Z,2260,6263263,67.35,2492,5762046,61.96,8251,3969691,42.69,0,0,0,54.83,10.7,34.47
2021-11-01T00:00:00.000Z,1734,6264997,67.37,2090,5764136,61.98,6477,3976168,42.76,0,0,0,54.95,10.63,34.42
2021-11-02T00:00:00.000Z,2024,6267021,67.39,2042,5766178,62.01,6288,3982456,42.83,0,0,0,54.89,10.69,34.42
2021-11-03T00:00:00.000Z,1759,6268780,67.41,1891,5768069,62.03,5552,3988008,42.89,0,0,0,54.86,10.75,34.39
2021-11-04T00:00:00.000Z,2106,6270886,67.43,2800,5770869,62.06,7125,3995133,42.96,0,0,0,54.85,10.81,34.33
2021-11-05T00:00:00.000Z,783,6271669,67.44,902,5771771,62.07,3477,3998610,43,0,0,0,54.85,10.83,34.32
2021-11-06T00:00:00.000Z,345,6272014,67.45,384,5772155,62.07,1371,3999981,43.01,0,0,0,54.82,10.86,34.32
2021-11-07T00:00:00.000Z,1578,6273592,67.46,1768,5773923,62.09,6132,4006113,43.08,0,0,0,54.92,10.8,34.28
2021-11-08T00:00:00.000Z,1518,6275110,67.48,1601,5775524,62.11,5405,4011518,43.14,0,0,0,55.01,10.75,34.24
2021-11-09T00:00:00.000Z,1428,6276538,67.49,1604,5777128,62.12,5328,4016846,43.2,0,0,0,55.05,10.74,34.21
2021-11-10T00:00:00.000Z,1421,6277959,67.51,1655,5778783,62.14,4776,4021622,43.25,0,0,0,55.08,10.73,34.19
2021-11-11T00:00:00.000Z,1625,6279584,67.53,1942,5780725,62.16,5709,4027331,43.31,0,0,0,55.15,10.69,34.15
2021-11-12T00:00:00.000Z,632,6280216,67.53,821,5781546,62.17,2920,4030251,43.34,0,0,0,55.17,10.69,34.14
2021-11-13T00:00:00.000Z,254,6280470,67.54,285,5781831,62.18,1127,4031378,43.35,0,0,0,55.14,10.72,34.14
2021-11-14T00:00:00.000Z,1537,6282007,67.55,1636,5783467,62.19,5108,4036486,43.41,0,0,0,55.21,10.68,34.11
2021-11-15T00:00:00.000Z,1273,6283280,67.57,1619,5785086,62.21,4766,4041252,43.46,0,0,0,55.28,10.63,34.09
2021-11-16T00:00:00.000Z,1270,6284550,67.58,1412,5786498,62.23,4342,4045594,43.5,0,0,0,55.32,10.62,34.07
2021-11-17T00:00:00.000Z,1203,6285753,67.59,1559,5788057,62.24,3910,4049504,43.55,0,0,0,55.35,10.6,34.05
2021-11-18T00:00:00.000Z,1360,6287113,67.61,1687,5789744,62.26,5005,4054509,43.6,0,0,0,55.41,10.58,34.02
2021-11-19T00:00:00.000Z,588,6287701,67.61,760,5790504,62.27,2451,4056960,43.63,0,0,0,55.42,10.57,34.01
2021-11-20T00:00:00.000Z,236,6287937,67.62,254,5790758,62.27,927,4057887,43.64,0,0,0,55.41,10.58,34
2021-11-21T00:00:00.000Z,1410,6289347,67.63,1538,5792296,62.29,4875,4062762,43.69,0,0,0,55.47,10.54,33.98
2021-11-22T00:00:00.000Z,1680,6291027,67.65,1517,5793813,62.3,4234,4066996,43.73,0,0,0,55.54,10.5,33.96
2021-11-23T00:00:00.000Z,8620,6299647,67.74,1680,5795493,62.32,4000,4070996,43.78,0,0,0,55.57,10.48,33.95
2021-11-24T00:00:00.000Z,9348,6308995,67.84,1315,5796808,62.34,3919,4074915,43.82,0,0,0,55.6,10.44,33.95
2021-11-25T00:00:00.000Z,9811,6318806,67.95,1600,5798408,62.35,4833,4079748,43.87,0,0,0,55.64,10.43,33.93
2021-11-26T00:00:00.000Z,5611,6324417,68.01,746,5799154,62.36,2797,4082545,43.9,0,0,0,55.63,10.45,33.92
2021-11-27T00:00:00.000Z,4778,6329195,68.06,323,5799477,62.36,1161,4083706,43.91,0,0,0,55.62,10.46,33.92
2021-11-28T00:00:00.000Z,10149,6339344,68.17,1475,5800952,62.38,4898,4088604,43.97,0,0,0,55.67,10.43,33.9
2021-11-29T00:00:00.000Z,9041,6348385,68.27,1130,5802082,62.39,4367,4092971,44.01,0,0,0,55.73,10.39,33.88
2021-11-30T00:00:00.000Z,10043,6358428,68.38,1033,5803115,62.4,4083,4097054,44.06,0,0,0,55.77,10.37,33.86
2021-12-01T00:00:00.000Z,8624,6367052,68.47,1093,5804208,62.42,4436,4101490,44.11,5,5,0,55.79,10.36,33.84
2021-12-02T00:00:00.000Z,9173,6376225,68.57,1451,5805659,62.43,5118,4106608,44.16,6,11,0,55.84,10.34,33.82
2021-12-03T00:00:00.000Z,6331,6382556,68.63,670,5806329,62.44,2864,4109472,44.19,1,12,0,55.86,10.33,33.81
2021-12-04T00:00:00.000Z,2508,6385064,68.66,233,5806562,62.44,917,4110389,44.2,3,15,0,55.85,10.34,33.81
2021-12-05T00:00:00.000Z,8333,6393397,68.75,1253,5807815,62.45,4679,4115068,44.25,1,16,0,55.9,10.31,33.79
2021-12-06T00:00:00.000Z,6723,6400120,68.82,1196,5809011,62.47,4346,4119414,44.3,4,20,0,55.95,10.27,33.78
2021-12-07T00:00:00.000Z,5553,6405673,68.88,1499,5810510,62.48,3959,4123373,44.34,9,29,0,55.99,10.25,33.76
2021-12-08T00:00:00.000Z,4931,6410604,68.94,1198,5811708,62.5,3874,4127247,44.38,10,39,0,56.03,10.22,33.75
2021-12-09T00:00:00.000Z,6236,6416840,69,1236,5812944,62.51,4501,4131748,44.43,8,47,0,56.08,10.19,33.73
2021-12-10T00:00:00.000Z,3005,6419845,69.04,700,5813644,62.52,2679,4134427,44.46,4,51,0,56.1,10.18,33.72
2021-12-11T00:00:00.000Z,1491,6421336,69.05,251,5813895,62.52,1013,4135440,44.47,0,51,0,56.1,10.18,33.71
2021-12-12T00:00:00.000Z,7272,6428608,69.13,1443,5815338,62.54,5246,4140686,44.53,3,54,0,56.16,10.15,33.69
2021-12-13T00:00:00.000Z,6177,6434785,69.2,1373,5816711,62.55,4347,4145033,44.57,5,59,0,56.21,10.11,33.67
2021-12-14T00:00:00.000Z,7316,6442101,69.28,6100,5822811,62.62,4930,4149963,44.63,12,71,0,56.27,10.09,33.65
2021-12-15T00:00:00.000Z,7203,6449304,69.35,7403,5830214,62.7,5439,4155402,44.69,7,78,0,56.34,10.06,33.6
2021-12-16T00:00:00.000Z,8079,6457383,69.44,8609,5838823,62.79,6556,4161958,44.76,8,86,0,56.53,10.05,33.42
2021-12-17T00:00:00.000Z,4404,6461787,69.49,5138,5843961,62.84,3948,4165906,44.8,3,89,0,56.64,10.05,33.3
2021-12-18T00:00:00.000Z,3940,6465727,69.53,2913,5846874,62.87,1353,4167259,44.81,2,91,0,56.73,10.07,33.2
2021-12-19T00:00:00.000Z,6980,6472707,69.6,9331,5856205,62.97,6270,4173529,44.88,5,96,0,56.92,10.04,33.04
2021-12-20T00:00:00.000Z,7968,6480675,69.69,7517,5863722,63.06,5438,4178967,44.94,9,105,0,57.07,10.02,32.91
2021-12-21T00:00:00.000Z,9545,6490220,69.79,8647,5872369,63.15,6481,4185448,45.01,8,113,0,57.27,10.01,32.71
2021-12-22T00:00:00.000Z,9664,6499884,69.9,8151,5880520,63.24,6244,4191692,45.08,12,125,0,57.49,10,32.52
2021-12-23T00:00:00.000Z,11538,6511422,70.02,10262,5890782,63.35,8141,4199833,45.16,16,141,0,57.7,9.97,32.33
2021-12-24T00:00:00.000Z,5870,6517292,70.08,6240,5897022,63.41,5275,4205108,45.22,12,153,0,57.83,9.96,32.21
2021-12-25T00:00:00.000Z,3338,6520630,70.12,2565,5899587,63.44,2021,4207129,45.24,6,159,0,57.9,9.96,32.15
2021-12-26T00:00:00.000Z,10653,6531283,70.23,8907,5908494,63.54,8196,4215325,45.33,8,167,0,58.1,9.92,31.98
2021-12-27T00:00:00.000Z,10368,6541651,70.35,7145,5915639,63.61,8182,4223507,45.42,21,188,0,58.27,9.9,31.83
2021-12-28T00:00:00.000Z,11374,6553025,70.47,7451,5923090,63.69,9630,4233137,45.52,24,212,0,58.46,9.88,31.66
2021-12-29T00:00:00.000Z,9934,6562959,70.57,5960,5929050,63.76,8364,4241501,45.61,17,229,0,58.64,9.85,31.51
2021-12-30T00:00:00.000Z,11011,6573970,70.69,7735,5936785,63.84,12237,4253738,45.74,10,239,0,58.84,9.82,31.34
2021-12-31T00:00:00.000Z,4829,6578799,70.75,3671,5940456,63.88,7293,4261031,45.82,135,374,0,58.9,9.79,31.3
2022-01-01T00:00:00.000Z,1992,6580791,70.77,1591,5942047,63.9,2741,4263772,45.85,65,439,0,58.93,9.79,31.28
2022-01-02T00:00:00.000Z,10215,6591006,70.88,6486,5948533,63.97,13000,4276772,45.99,590,1029,0.01,59.14,9.76,31.1
2022-01-03T00:00:00.000Z,9382,6600388,70.98,5257,5953790,64.02,11329,4288101,46.11,25055,26084,0.28,59.29,9.71,31
2022-01-04T00:00:00.000Z,8967,6609355,71.07,5945,5959735,64.09,10519,4298620,46.23,50655,76739,0.83,59.46,9.68,30.86
2022-01-05T00:00:00.000Z,8552,6617907,71.17,5737,5965472,64.15,10488,4309108,46.34,59583,136322,1.47,59.56,9.65,30.79
2022-01-06T00:00:00.000Z,10339,6628246,71.28,7959,5973431,64.24,13526,4322634,46.48,63994,200316,2.15,59.81,9.63,30.56
2022-01-07T00:00:00.000Z,4759,6633005,71.33,4556,5977987,64.28,8152,4330786,46.57,31135,231451,2.49,59.89,9.61,30.49
2022-01-08T00:00:00.000Z,2750,6635755,71.36,2450,5980437,64.31,5499,4336285,46.63,27629,259080,2.79,59.9,9.64,30.46
2022-01-09T00:00:00.000Z,9306,6645061,71.46,7721,5988158,64.39,11864,4348149,46.76,66763,325843,3.5,60.06,9.59,30.35
2022-01-10T00:00:00.000Z,8352,6653413,71.55,7644,5995802,64.48,11872,4360021,46.89,64765,390608,4.2,60.21,9.54,30.25
2022-01-11T00:00:00.000Z,8102,6661515,71.63,8620,6004422,64.57,11966,4371987,47.01,56656,447264,4.81,60.38,9.49,30.13
2022-01-12T00:00:00.000Z,7276,6668791,71.71,8303,6012725,64.66,11110,4383097,47.13,44628,491892,5.29,60.51,9.45,30.04
2022-01-13T00:00:00.000Z,7510,6676301,71.79,9614,6022339,64.76,11537,4394634,47.26,34760,526652,5.66,60.7,9.35,29.94
2022-01-14T00:00:00.000Z,2555,6678856,71.82,4931,6027270,64.81,6140,4400774,47.32,11140,537792,5.78,60.79,9.31,29.9
2022-01-15T00:00:00.000Z,1466,6680322,71.84,3166,6030436,64.85,3881,4404655,47.37,5715,543507,5.84,60.83,9.29,29.87
2022-01-16T00:00:00.000Z,3818,6684140,71.88,8523,6038959,64.94,7680,4412335,47.45,19990,563497,6.06,60.97,9.2,29.82
2022-01-17T00:00:00.000Z,2808,6686948,71.91,7045,6046004,65.02,6168,4418503,47.51,17831,581328,6.25,61.09,9.13,29.78
2022-01-18T00:00:00.000Z,2476,6689424,71.93,7383,6053387,65.1,5525,4424028,47.57,14814,596142,6.41,61.23,9.07,29.7
2022-01-19T00:00:00.000Z,1914,6691338,71.96,6363,6059750,65.16,4517,4428545,47.62,8459,604601,6.5,61.37,8.98,29.65
2022-01-20T00:00:00.000Z,1778,6693116,71.97,6966,6066716,65.24,4787,4433332,47.67,8040,612641,6.59,61.44,8.85,29.71
2022-01-21T00:00:00.000Z,904,6694020,71.98,3725,6070441,65.28,2637,4435969,47.7,3358,615999,6.62,61.51,8.81,29.68
2022-01-22T00:00:00.000Z,328,6694348,71.99,1461,6071902,65.29,1062,4437031,47.71,1113,617112,6.64,61.51,8.75,29.74
2022-01-23T00:00:00.000Z,1066,6695414,72,5630,6077532,65.35,2873,4439904,47.74,6082,623194,6.7,61.61,8.7,29.69
2022-01-24T00:00:00.000Z,757,6696171,72.01,4481,6082013,65.4,2260,4442164,47.77,5054,628248,6.76,61.73,8.62,29.65
2022-01-25T00:00:00.000Z,741,6696912,72.02,4399,6086412,65.45,2173,4444337,47.79,7102,635350,6.83,61.9,8.51,29.59
2022-01-26T00:00:00.000Z,614,6697526,72.02,3284,6089696,65.49,1604,4445941,47.81,4261,639611,6.88,62.02,8.42,29.57
2022-01-27T00:00:00.000Z,797,6698323,72.03,4405,6094101,65.53,2001,4447942,47.83,5440,645051,6.94,62.12,8.35,29.52
2022-01-28T00:00:00.000Z,395,6698718,72.03,2375,6096476,65.56,1174,4449116,47.84,3449,648500,6.97,62.16,8.33,29.5
2022-01-29T00:00:00.000Z,124,6698842,72.04,1045,6097521,65.57,424,4449540,47.85,1162,649662,6.99,62.23,8.29,29.48
2022-01-30T00:00:00.000Z,769,6699611,72.04,4719,6102240,65.62,2016,4451556,47.87,8098,657760,7.07,62.3,8.24,29.46
2022-01-31T00:00:00.000Z,528,6700139,72.05,3184,6105424,65.65,1608,4453164,47.89,6472,664232,7.14,62.39,8.17,29.43
2022-02-01T00:00:00.000Z,478,6700617,72.06,2805,6108229,65.68,1519,4454683,47.9,5721,669953,7.2,62.45,8.15,29.4
2022-02-02T00:00:00.000Z,373,6700990,72.06,2392,6110621,65.71,1381,4456064,47.92,5074,675027,7.26,62.28,8.13,29.59
2022-02-03T00:00:00.000Z,445,6701435,72.06,2775,6113396,65.74,1457,4457521,47.93,5606,680633,7.32,62.34,8.08,29.57
2022-02-04T00:00:00.000Z,174,6701609,72.07,989,6114385,65.75,753,4458274,47.94,2455,683088,7.35,62.37,8.06,29.57
2022-02-05T00:00:00.000Z,62,6701671,72.07,340,6114725,65.75,216,4458490,47.94,420,683508,7.35,62.34,8.09,29.56
2022-02-06T00:00:00.000Z,407,6702078,72.07,2320,6117045,65.78,1343,4459833,47.96,5685,689193,7.41,62.41,8.05,29.55
2022-02-07T00:00:00.000Z,282,6702360,72.07,1306,6118351,65.79,981,4460814,47.97,5960,695153,7.48,62.47,8.01,29.52
2022-02-08T00:00:00.000Z,317,6702677,72.08,1498,6119849,65.81,1065,4461879,47.98,6137,701290,7.54,62.54,7.97,29.49
2022-02-09T00:00:00.000Z,253,6702930,72.08,1102,6120951,65.82,941,4462820,47.99,4570,705860,7.59,62.6,7.95,29.45
2022-02-10T00:00:00.000Z,270,6703200,72.08,1293,6122244,65.84,932,4463752,48,4815,710675,7.64,62.63,7.93,29.44
2022-02-11T00:00:00.000Z,211,6703411,72.09,557,6122801,65.84,514,4464266,48.01,2538,713213,7.67,62.67,7.91,29.42
2022-02-12T00:00:00.000Z,31,6703442,72.09,90,6122891,65.84,128,4464394,48.01,269,713482,7.67,62.67,7.91,29.41
2022-02-13T00:00:00.000Z,286,6703728,72.09,945,6123836,65.85,964,4465358,48.02,4996,718478,7.73,62.73,7.87,29.39
2022-02-14T00:00:00.000Z,179,6703907,72.09,626,6124462,65.86,749,4466107,48.03,3143,721621,7.76,62.89,7.74,29.36
2022-02-15T00:00:00.000Z,265,6704172,72.09,764,6125226,65.87,931,4467038,48.04,3816,725437,7.8,62.92,7.73,29.35
2022-02-16T00:00:00.000Z,179,6704351,72.1,577,6125803,65.87,801,4467839,48.04,2487,727924,7.83,62.95,7.72,29.34
2022-02-17T00:00:00.000Z,246,6704597,72.1,738,6126541,65.88,771,4468610,48.05,3060,730984,7.86,62.96,7.7,29.34
2022-02-18T00:00:00.000Z,131,6704728,72.1,337,6126878,65.89,433,4469043,48.06,1118,732102,7.87,62.98,7.69,29.33
2022-02-19T00:00:00.000Z,33,6704761,72.1,83,6126961,65.89,80,4469123,48.06,79,732181,7.87,62.99,7.69,29.32
2022-02-20T00:00:00.000Z,202,6704963,72.1,604,6127565,65.89,717,4469840,48.07,2574,734755,7.9,63.01,7.67,29.32
2022-02-21T00:00:00.000Z,173,6705136,72.1,412,6127977,65.9,488,4470328,48.07,1542,736297,7.92,63.04,7.65,29.31
2022-02-22T00:00:00.000Z,158,6705294,72.11,454,6128431,65.9,562,4470890,48.08,1870,738167,7.94,63.05,7.65,29.3
2022-02-23T00:00:00.000Z,108,6705402,72.11,352,6128783,65.91,451,4471341,48.08,1153,739320,7.95,63.06,7.65,29.29
2022-02-24T00:00:00.000Z,138,6705540,72.11,457,6129240,65.91,563,4471904,48.09,1492,740812,7.97,63.05,7.66,29.29
2022-02-25T00:00:00.000Z,59,6705599,72.11,141,6129381,65.91,188,4472092,48.09,455,741267,7.97,63.06,7.66,29.28
2022-02-26T00:00:00.000Z,15,6705614,72.11,28,6129409,65.91,156,4472248,48.09,35,741302,7.97,63.05,7.67,29.28
2022-02-27T00:00:00.000Z,111,6705725,72.11,341,6129750,65.92,448,4472696,48.1,1118,742420,7.98,63.05,7.67,29.28
2022-02-28T00:00:00.000Z,109,6705834,72.11,271,6130021,65.92,420,4473116,48.1,906,743326,7.99,63.07,7.65,29.28
2022-03-01T00:00:00.000Z,95,6705929,72.11,280,6130301,65.92,372,4473488,48.11,796,744122,8,63.1,7.63,29.27
2022-03-02T00:00:00.000Z,77,6706006,72.11,198,6130499,65.92,323,4473811,48.11,696,744818,8.01,63.11,7.62,29.27
2022-03-03T00:00:00.000Z,156,6706162,72.11,369,6130868,65.93,496,4474307,48.11,986,745804,8.02,63.05,7.67,29.27
2022-03-04T00:00:00.000Z,53,6706215,72.12,169,6131037,65.93,166,4474473,48.12,227,746031,8.02,63.05,7.68,29.27
2022-03-05T00:00:00.000Z,4,6706219,72.12,25,6131062,65.93,43,4474516,48.12,32,746063,8.02,63.04,7.69,29.27
2022-03-06T00:00:00.000Z,98,6706317,72.12,258,6131320,65.93,416,4474932,48.12,759,746822,8.03,63.04,7.69,29.27
2022-03-07T00:00:00.000Z,87,6706404,72.12,259,6131579,65.94,346,4475278,48.12,604,747426,8.04,63.05,7.69,29.26
2022-03-08T00:00:00.000Z,98,6706502,72.12,263,6131842,65.94,333,4475611,48.13,550,747976,8.04,63.04,7.7,29.26
2022-03-09T00:00:00.000Z,89,6706591,72.12,212,6132054,65.94,332,4475943,48.13,492,748468,8.05,63.02,7.72,29.25
2022-03-10T00:00:00.000Z,114,6706705,72.12,373,6132427,65.95,426,4476369,48.14,616,749084,8.06,63.01,7.74,29.25
2022-03-11T00:00:00.000Z,24,6706729,72.12,86,6132513,65.95,122,4476491,48.14,144,749228,8.06,63,7.75,29.25
2022-03-12T00:00:00.000Z,10,6706739,72.12,10,6132523,65.95,31,4476522,48.14,28,749256,8.06,62.98,7.77,29.24
2022-03-13T00:00:00.000Z,100,6706839,72.12,271,6132794,65.95,358,4476880,48.14,595,749851,8.06,62.98,7.78,29.24
2022-03-14T00:00:00.000Z,65,6706904,72.12,252,6133046,65.95,316,4477196,48.15,559,750410,8.07,62.98,7.78,29.24
2022-03-15T00:00:00.000Z,79,6706983,72.12,183,6133229,65.95,291,4477487,48.15,591,751001,8.08,62.95,7.81,29.24
2022-03-16T00:00:00.000Z,76,6707059,72.12,205,6133434,65.96,301,4477788,48.15,667,751668,8.08,62.94,7.82,29.24
2022-03-17T00:00:00.000Z,65,6707124,72.13,121,6133555,65.96,286,4478074,48.16,613,752281,8.09,62.94,7.82,29.24
2022-03-18T00:00:00.000Z,19,6707143,72.13,54,6133609,65.96,99,4478173,48.16,234,752515,8.09,62.94,7.82,29.24
2022-03-19T00:00:00.000Z,5,6707148,72.13,10,6133619,65.96,27,4478200,48.16,39,752554,8.09,62.89,7.88,29.23
2022-03-20T00:00:00.000Z,119,6707267,72.13,258,6133877,65.96,486,4478686,48.16,1428,753982,8.11,62.87,7.89,29.23
2022-03-21T00:00:00.000Z,97,6707364,72.13,246,6134123,65.96,376,4479062,48.17,1132,755114,8.12,62.87,7.9,29.23
2022-03-22T00:00:00.000Z,140,6707504,72.13,340,6134463,65.97,505,4479567,48.17,1770,756884,8.14,62.84,7.94,29.23
2022-03-23T00:00:00.000Z,108,6707612,72.13,211,6134674,65.97,461,4480028,48.18,1675,758559,8.16,62.81,7.97,29.22
2022-03-24T00:00:00.000Z,174,6707786,72.13,345,6135019,65.97,767,4480795,48.18,2361,760920,8.18,62.78,8,29.22
2022-03-25T00:00:00.000Z,38,6707824,72.13,80,6135099,65.97,156,4480951,48.19,628,761548,8.19,62.78,8,29.23
2022-03-26T00:00:00.000Z,12,6707836,72.13,12,6135111,65.97,33,4480984,48.19,91,761639,8.19,62.77,8,29.22
2022-03-27T00:00:00.000Z,165,6708001,72.13,343,6135454,65.98,757,4481741,48.19,3192,764831,8.22,62.75,8.02,29.22
2022-03-28T00:00:00.000Z,113,6708114,72.14,270,6135724,65.98,621,4482362,48.2,2415,767246,8.25,62.75,8.03,29.22
2022-03-29T00:00:00.000Z,125,6708239,72.14,257,6135981,65.98,640,4483002,48.21,2770,770016,8.28,62.7,8.07,29.22
2022-03-30T00:00:00.000Z,132,6708371,72.14,207,6136188,65.99,538,4483540,48.21,2370,772386,8.31,62.81,8.11,29.07
2022-03-31T00:00:00.000Z,166,6708537,72.14,302,6136490,65.99,729,4484269,48.22,2851,775237,8.34,62.79,8.11,29.1
2022-04-01T00:00:00.000Z,122,6708659,72.14,160,6136650,65.99,275,4484544,48.22,584,775821,8.34,62.72,8.13,29.15
2022-04-02T00:00:00.000Z,6,6708665,72.14,6,6136656,65.99,36,4484580,48.23,52,775873,8.34,62.69,8.15,29.16
2022-04-03T00:00:00.000Z,159,6708824,72.14,269,6136925,65.99,569,4485149,48.23,2477,778350,8.37,62.65,8.16,29.19
2022-04-04T00:00:00.000Z,103,6708927,72.14,206,6137131,66,482,4485631,48.24,2221,780571,8.39,62.62,8.16,29.22
2022-04-05T00:00:00.000Z,122,6709049,72.15,219,6137350,66,513,4486144,48.24,2242,782813,8.42,62.57,8.19,29.25
2022-04-06T00:00:00.000Z,92,6709141,72.15,155,6137505,66,380,4486524,48.25,2018,784831,8.44,62.55,8.2,29.25
2022-04-07T00:00:00.000Z,190,6709331,72.15,215,6137720,66,641,4487165,48.25,2553,787384,8.47,62.56,8.2,29.24
2022-04-08T00:00:00.000Z,30,6709361,72.15,59,6137779,66,152,4487317,48.25,478,787862,8.47,62.54,8.22,29.23
2022-04-09T00:00:00.000Z,6,6709367,72.15,17,6137796,66,26,4487343,48.25,46,787908,8.47,62.52,8.25,29.23
2022-04-10T00:00:00.000Z,102,6709469,72.15,264,6138060,66.01,429,4487772,48.26,1845,789753,8.49,62.51,8.26,29.23
2022-04-11T00:00:00.000Z,78,6709547,72.15,201,6138261,66.01,370,4488142,48.26,1425,791178,8.51,62.54,8.26,29.2
2022-04-12T00:00:00.000Z,204,6709751,72.15,168,6138429,66.01,372,4488514,48.27,1359,792537,8.52,62.58,8.29,29.12
2022-04-13T00:00:00.000Z,119,6709870,72.15,150,6138579,66.01,296,4488810,48.27,1216,793753,8.54,62.58,8.31,29.1
2022-04-14T00:00:00.000Z,84,6709954,72.16,221,6138800,66.01,320,4489130,48.27,1068,794821,8.55,62.57,8.33,29.1
2022-04-15T00:00:00.000Z,9,6709963,72.16,51,6138851,66.01,47,4489177,48.27,81,794902,8.55,62.55,8.35,29.1
2022-04-16T00:00:00.000Z,3,6709966,72.16,8,6138859,66.01,21,4489198,48.27,29,794931,8.55,62.53,8.37,29.1
2022-04-17T00:00:00.000Z,62,6710028,72.16,131,6138990,66.02,228,4489426,48.28,807,795738,8.56,62.52,8.38,29.1
2022-04-18T00:00:00.000Z,69,6710097,72.16,107,6139097,66.02,251,4489677,48.28,749,796487,8.57,62.51,8.38,29.1
2022-04-19T00:00:00.000Z,60,6710157,72.16,143,6139240,66.02,273,4489950,48.28,841,797328,8.57,62.5,8.4,29.1
2022-04-20T00:00:00.000Z,60,6710217,72.16,117,6139357,66.02,235,4490185,48.29,653,797981,8.58,62.48,8.42,29.1
2022-04-21T00:00:00.000Z,52,6710269,72.16,107,6139464,66.02,193,4490378,48.29,479,798460,8.59,62.47,8.43,29.1
2022-04-22T00:00:00.000Z,2,6710271,72.16,16,6139480,66.02,19,4490397,48.29,16,798476,8.59,62.45,8.44,29.11
2022-04-23T00:00:00.000Z,6,6710277,72.16,9,6139489,66.02,14,4490411,48.29,13,798489,8.59,62.43,8.46,29.11
2022-04-24T00:00:00.000Z,92,6710369,72.16,250,6139739,66.02,329,4490740,48.29,870,799359,8.6,62.43,8.47,29.1
2022-04-25T00:00:00.000Z,105,6710474,72.16,191,6139930,66.03,315,4491055,48.29,738,800097,8.6,62.43,8.47,29.1
2022-04-26T00:00:00.000Z,75,6710549,72.16,175,6140105,66.03,302,4491357,48.3,787,800884,8.61,62.42,8.48,29.1
2022-04-27T00:00:00.000Z,55,6710604,72.16,160,6140265,66.03,227,4491584,48.3,638,801522,8.62,62.41,8.49,29.1
2022-04-28T00:00:00.000Z,96,6710700,72.16,232,6140497,66.03,327,4491911,48.3,869,802391,8.63,62.41,8.5,29.1
2022-04-29T00:00:00.000Z,110,6710810,72.16,159,6140656,66.03,182,4492093,48.31,195,802586,8.63,62.39,8.51,29.1
2022-04-30T00:00:00.000Z,1,6710811,72.16,3,6140659,66.03,24,4492117,48.31,21,802607,8.63,62.38,8.52,29.1
2022-05-01T00:00:00.000Z,135,6710946,72.17,185,6140844,66.04,316,4492433,48.31,630,803237,8.64,62.38,8.53,29.09
2022-05-02T00:00:00.000Z,62,6711008,72.17,153,6140997,66.04,235,4492668,48.31,489,803726,8.64,62.37,8.54,29.09
2022-05-03T00:00:00.000Z,72,6711080,72.17,151,6141148,66.04,287,4492955,48.32,505,804231,8.65,62.36,8.55,29.09
2022-05-04T00:00:00.000Z,23,6711103,72.17,55,6141203,66.04,63,4493018,48.32,126,804357,8.65,62.35,8.57,29.08
2022-05-05T00:00:00.000Z,4,6711107,72.17,1,6141204,66.04,6,4493024,48.32,11,804368,8.65,62.34,8.58,29.08
2022-05-06T00:00:00.000Z,19,6711126,72.17,59,6141263,66.04,64,4493088,48.32,151,804519,8.65,62.33,8.59,29.08
2022-05-07T00:00:00.000Z,1,6711127,72.17,6,6141269,66.04,25,4493113,48.32,24,804543,8.65,62.32,8.6,29.08
2022-05-08T00:00:00.000Z,118,6711245,72.17,207,6141476,66.04,270,4493383,48.32,457,805000,8.66,62.31,8.61,29.08
2022-05-09T00:00:00.000Z,59,6711304,72.17,162,6141638,66.04,251,4493634,48.32,503,805503,8.66,62.31,8.61,29.08
2022-05-10T00:00:00.000Z,131,6711435,72.17,168,6141806,66.05,260,4493894,48.33,508,806011,8.67,62.3,8.62,29.08
2022-05-11T00:00:00.000Z,58,6711493,72.17,116,6141922,66.05,180,4494074,48.33,463,806474,8.67,62.3,8.63,29.08
2022-05-12T00:00:00.000Z,119,6711612,72.17,200,6142122,66.05,276,4494350,48.33,663,807137,8.68,62.29,8.64,29.07
2022-05-13T00:00:00.000Z,11,6711623,72.17,42,6142164,66.05,70,4494420,48.33,110,807247,8.68,62.28,8.65,29.07
2022-05-14T00:00:00.000Z,6,6711629,72.17,12,6142176,66.05,10,4494430,48.33,22,807269,8.68,62.26,8.66,29.07
2022-05-15T00:00:00.000Z,89,6711718,72.17,174,6142350,66.05,245,4494675,48.33,664,807933,8.69,62.26,8.67,29.07
2022-05-16T00:00:00.000Z,68,6711786,72.18,141,6142491,66.05,230,4494905,48.34,508,808441,8.69,62.19,8.65,29.16
2022-05-17T00:00:00.000Z,73,6711859,72.18,153,6142644,66.05,268,4495173,48.34,616,809057,8.7,62.18,8.66,29.16
2022-05-18T00:00:00.000Z,43,6711902,72.18,98,6142742,66.06,169,4495342,48.34,445,809502,8.71,62.17,8.67,29.16
2022-05-19T00:00:00.000Z,64,6711966,72.18,170,6142912,66.06,211,4495553,48.34,499,810001,8.71,62.16,8.68,29.16
2022-05-20T00:00:00.000Z,74,6712040,72.18,113,6143025,66.06,127,4495680,48.34,138,810139,8.71,62.15,8.69,29.16
2022-05-21T00:00:00.000Z,4,6712044,72.18,7,6143032,66.06,13,4495693,48.34,18,810157,8.71,62.14,8.7,29.16
2022-05-22T00:00:00.000Z,87,6712131,72.18,188,6143220,66.06,216,4495909,48.35,425,810582,8.72,62.14,8.71,29.16
2022-05-23T00:00:00.000Z,64,6712195,72.18,120,6143340,66.06,155,4496064,48.35,343,810925,8.72,62.14,8.71,29.16
2022-05-24T00:00:00.000Z,43,6712238,72.18,119,6143459,66.06,155,4496219,48.35,394,811319,8.72,62.13,8.71,29.15
2022-05-25T00:00:00.000Z,61,6712299,72.18,103,6143562,66.06,165,4496384,48.35,337,811656,8.73,62.12,8.72,29.15
2022-05-26T00:00:00.000Z,72,6712371,72.18,136,6143698,66.07,184,4496568,48.35,348,812004,8.73,62.11,8.73,29.16
2022-05-27T00:00:00.000Z,11,6712382,72.18,28,6143726,66.07,43,4496611,48.35,59,812063,8.73,62.1,8.74,29.16
2022-05-28T00:00:00.000Z,1,6712383,72.18,4,6143730,66.07,7,4496618,48.35,12,812075,8.73,62.09,8.75,29.16
2022-05-29T00:00:00.000Z,89,6712472,72.18,152,6143882,66.07,163,4496781,48.36,314,812389,8.74,62.09,8.75,29.16
2022-05-30T00:00:00.000Z,56,6712528,72.18,133,6144015,66.07,125,4496906,48.36,291,812680,8.74,62.09,8.76,29.16
2022-05-31T00:00:00.000Z,45,6712573,72.18,104,6144119,66.07,153,4497059,48.36,351,813031,8.74,62.07,8.78,29.15
2022-06-01T00:00:00.000Z,63,6712636,72.18,90,6144209,66.07,117,4497176,48.36,276,813307,8.75,61.95,8.9,29.16
2022-06-02T00:00:00.000Z,77,6712713,72.19,156,6144365,66.07,176,4497352,48.36,255,813562,8.75,45.96,24.88,29.15
2022-06-03T00:00:00.000Z,10,6712723,72.19,23,6144388,66.07,21,4497373,48.36,32,813594,8.75,45.9,24.95,29.16
2022-06-04T00:00:00.000Z,0,6712723,72.19,7,6144395,66.07,8,4497381,48.36,5,813599,8.75,45.84,25,29.16
2022-06-05T00:00:00.000Z,11,6712734,72.19,14,6144409,66.07,7,4497388,48.36,2,813601,8.75,45.8,25.05,29.16
2022-06-06T00:00:00.000Z,58,6712792,72.19,144,6144553,66.08,162,4497550,48.36,261,813862,8.75,39.96,30.89,29.16
2022-06-07T00:00:00.000Z,54,6712846,72.19,133,6144686,66.08,141,4497691,48.37,375,814237,8.76,39.92,30.93,29.15
2022-06-08T00:00:00.000Z,57,6712903,72.19,105,6144791,66.08,130,4497821,48.37,496,814733,8.76,39.89,30.96,29.15
2022-06-09T00:00:00.000Z,84,6712987,72.19,206,6144997,66.08,234,4498055,48.37,641,815374,8.77,39.86,30.99,29.15
2022-06-10T00:00:00.000Z,14,6713001,72.19,51,6145048,66.08,59,4498114,48.37,138,815512,8.77,39.83,31.02,29.15
2022-06-11T00:00:00.000Z,0,6713001,72.19,3,6145051,66.08,7,4498121,48.37,19,815531,8.77,39.8,31.05,29.15
2022-06-12T00:00:00.000Z,109,6713110,72.19,199,6145250,66.08,191,4498312,48.37,767,816298,8.78,39.8,31.05,29.15
2022-06-13T00:00:00.000Z,81,6713191,72.19,142,6145392,66.08,166,4498478,48.37,625,816923,8.78,39.81,31.04,29.15
2022-06-14T00:00:00.000Z,116,6713307,72.19,173,6145565,66.09,208,4498686,48.38,759,817682,8.79,39.79,31.06,29.15
2022-06-15T00:00:00.000Z,72,6713379,72.19,141,6145706,66.09,207,4498893,48.38,698,818380,8.8,39.78,31.08,29.15
2022-06-16T00:00:00.000Z,93,6713472,72.19,136,6145842,66.09,217,4499110,48.38,742,819122,8.81,39.74,31.11,29.14
2022-06-17T00:00:00.000Z,16,6713488,72.19,63,6145905,66.09,52,4499162,48.38,123,819245,8.81,39.72,31.14,29.15
2022-06-18T00:00:00.000Z,3,6713491,72.19,4,6145909,66.09,11,4499173,48.38,15,819260,8.81,39.68,31.17,29.14
2022-06-19T00:00:00.000Z,115,6713606,72.19,207,6146116,66.09,317,4499490,48.39,877,820137,8.82,39.53,31.33,29.15
2022-06-20T00:00:00.000Z,99,6713705,72.2,152,6146268,66.09,306,4499796,48.39,922,821059,8.83,33.92,36.85,29.23
2022-06-21T00:00:00.000Z,94,6713799,72.2,154,6146422,66.1,375,4500171,48.39,1229,822288,8.84,33.58,37.19,29.23
2022-06-22T00:00:00.000Z,110,6713909,72.2,134,6146556,66.1,339,4500510,48.4,894,823182,8.85,33.28,37.49,29.23
2022-06-23T00:00:00.000Z,133,6714042,72.2,217,6146773,66.1,524,4501034,48.4,1146,824328,8.86,32.84,37.92,29.23
2022-06-24T00:00:00.000Z,19,6714061,72.2,35,6146808,66.1,109,4501143,48.4,207,824535,8.87,32.43,38.34,29.24
2022-06-25T00:00:00.000Z,1,6714062,72.2,1,6146809,66.1,12,4501155,48.4,16,824551,8.87,32.04,38.72,29.24
2022-06-26T00:00:00.000Z,107,6714169,72.2,158,6146967,66.1,379,4501534,48.41,933,825484,8.88,31.63,39.13,29.24
2022-06-27T00:00:00.000Z,86,6714255,72.2,172,6147139,66.1,391,4501925,48.41,1028,826512,8.89,31.29,39.47,29.24
2022-06-28T00:00:00.000Z,84,6714339,72.2,151,6147290,66.1,362,4502287,48.42,931,827443,8.9,30.86,39.91,29.24
2022-06-29T00:00:00.000Z,76,6714415,72.2,106,6147396,66.11,264,4502551,48.42,814,828257,8.91,30.48,40.28,29.24
2022-06-30T00:00:00.000Z,84,6714499,72.2,164,6147560,66.11,356,4502907,48.42,1057,829314,8.92,30.05,40.71,29.24
2022-07-01T00:00:00.000Z,21,6714520,72.2,28,6147588,66.11,55,4502962,48.42,77,829391,8.92,29.62,41.14,29.24
2022-07-02T00:00:00.000Z,0,6714520,72.2,2,6147590,66.11,7,4502969,48.42,18,829409,8.92,29.2,41.56,29.24
2022-07-03T00:00:00.000Z,98,6714618,72.21,177,6147767,66.11,320,4503289,48.43,637,830046,8.93,28.81,41.95,29.24
2022-07-04T00:00:00.000Z,76,6714694,72.21,140,6147907,66.11,277,4503566,48.43,747,830793,8.93,28.5,42.26,29.24
2022-07-05T00:00:00.000Z,58,6714752,72.21,142,6148049,66.11,301,4503867,48.43,688,831481,8.94,28.06,42.7,29.24
2022-07-06T00:00:00.000Z,78,6714830,72.21,124,6148173,66.11,211,4504078,48.43,644,832125,8.95,27.39,43.37,29.24
2022-07-07T00:00:00.000Z,82,6714912,72.21,163,6148336,66.12,267,4504345,48.44,721,832846,8.96,26.48,44.28,29.24
2022-07-08T00:00:00.000Z,17,6714929,72.21,33,6148369,66.12,68,4504413,48.44,131,832977,8.96,25.47,45.29,29.24
2022-07-09T00:00:00.000Z,0,6714929,72.21,1,6148370,66.12,2,4504415,48.44,1,832978,8.96,24.42,46.34,29.24
2022-07-10T00:00:00.000Z,88,6715017,72.21,164,6148534,66.12,229,4504644,48.44,470,833448,8.96,23.77,46.99,29.24
2022-07-11T00:00:00.000Z,64,6715081,72.21,140,6148674,66.12,247,4504891,48.44,571,834019,8.97,23.22,47.54,29.24
2022-07-12T00:00:00.000Z,69,6715150,72.21,128,6148802,66.12,207,4505098,48.45,556,834575,8.97,22.13,48.63,29.24
2022-07-13T00:00:00.000Z,43,6715193,72.21,101,6148903,66.12,164,4505262,48.45,488,835063,8.98,21.1,49.66,29.24
2022-07-14T00:00:00.000Z,69,6715262,72.21,147,6149050,66.12,208,4505470,48.45,512,835575,8.99,20.12,50.63,29.24
2022-07-15T00:00:00.000Z,61,6715323,72.21,84,6149134,66.12,127,4505597,48.45,166,835741,8.99,19.27,51.48,29.25
2022-07-16T00:00:00.000Z,0,6715323,72.21,6,6149140,66.12,7,4505604,48.45,7,835748,8.99,18.29,52.46,29.25
2022-07-17T00:00:00.000Z,76,6715399,72.21,183,6149323,66.13,241,4505845,48.45,468,836216,8.99,17.83,52.92,29.25
2022-07-18T00:00:00.000Z,62,6715461,72.21,157,6149480,66.13,206,4506051,48.46,510,836726,9,17.48,53.26,29.26
2022-07-19T00:00:00.000Z,61,6715522,72.22,147,6149627,66.13,174,4506225,48.46,368,837094,9,16.77,53.97,29.26
2022-07-20T00:00:00.000Z,52,6715574,72.22,133,6149760,66.13,136,4506361,48.46,421,837515,9.01,16.09,54.64,29.26
2022-07-21T00:00:00.000Z,62,6715636,72.22,157,6149917,66.13,176,4506537,48.46,341,837856,9.01,15.43,55.3,29.27
2022-07-22T00:00:00.000Z,10,6715646,72.22,36,6149953,66.13,43,4506580,48.46,56,837912,9.01,14.64,56.08,29.28
2022-07-23T00:00:00.000Z,0,6715646,72.22,3,6149956,66.13,4,4506584,48.46,9,837921,9.01,14.17,56.55,29.28
2022-07-24T00:00:00.000Z,58,6715704,72.22,126,6150082,66.13,196,4506780,48.46,363,838284,9.01,13.55,57.16,29.29
2022-07-25T00:00:00.000Z,48,6715752,72.22,107,6150189,66.14,171,4506951,48.47,336,838620,9.02,13.09,57.61,29.3
2022-07-26T00:00:00.000Z,47,6715799,72.22,99,6150288,66.14,110,4507061,48.47,270,838890,9.02,12.46,58.23,29.3
2022-07-27T00:00:00.000Z,44,6715843,72.22,124,6150412,66.14,131,4507192,48.47,242,839132,9.02,11.89,58.8,29.31
2022-07-28T00:00:00.000Z,62,6715905,72.22,140,6150552,66.14,147,4507339,48.47,220,839352,9.03,11.35,59.34,29.31
2022-07-29T00:00:00.000Z,10,6715915,72.22,25,6150577,66.14,27,4507366,48.47,30,839382,9.03,10.85,59.83,29.32
2022-07-30T00:00:00.000Z,0,6715915,72.22,0,6150577,66.14,1,4507367,48.47,1,839383,9.03,10.34,60.33,29.33
2022-07-31T00:00:00.000Z,56,6715971,72.22,134,6150711,66.14,131,4507498,48.47,252,839635,9.03,9.97,60.7,29.33
2022-08-01T00:00:00.000Z,54,6716025,72.22,75,6150786,66.14,88,4507586,48.47,152,839787,9.03,9.47,61.19,29.34
2022-08-02T00:00:00.000Z,111,6716136,72.22,119,6150905,66.14,155,4507741,48.47,264,840051,9.03,8.92,61.73,29.35
2022-08-03T00:00:00.000Z,76,6716212,72.22,70,6150975,66.14,92,4507833,48.48,178,840229,9.04,8.46,62.19,29.35
2022-08-04T00:00:00.000Z,133,6716345,72.22,133,6151108,66.15,111,4507944,48.48,246,840475,9.04,8.04,62.61,29.36
2022-08-05T00:00:00.000Z,30,6716375,72.22,23,6151131,66.15,13,4507957,48.48,23,840498,9.04,7.71,62.93,29.36
2022-08-06T00:00:00.000Z,1,6716376,72.22,2,6151133,66.15,1,4507958,48.48,5,840503,9.04,7.32,63.32,29.36
2022-08-07T00:00:00.000Z,89,6716465,72.23,97,6151230,66.15,68,4508026,48.48,168,840671,9.04,6.92,63.71,29.37
2022-08-08T00:00:00.000Z,76,6716541,72.23,94,6151324,66.15,122,4508148,48.48,172,840843,9.04,6.74,63.89,29.37
2022-08-09T00:00:00.000Z,96,6716637,72.23,88,6151412,66.15,99,4508247,48.48,213,841056,9.04,6.25,64.37,29.38
2022-08-10T00:00:00.000Z,77,6716714,72.23,58,6151470,66.15,75,4508322,48.48,115,841171,9.05,5.91,64.71,29.38
2022-08-11T00:00:00.000Z,54,6716768,72.23,101,6151571,66.15,91,4508413,48.48,155,841326,9.05,5.59,65.03,29.38
2022-08-12T00:00:00.000Z,8,6716776,72.23,12,6151583,66.15,17,4508430,48.48,27,841353,9.05,5.35,65.27,29.38
2022-08-13T00:00:00.000Z,0,6716776,72.23,2,6151585,66.15,2,4508432,48.48,3,841356,9.05,5.1,65.52,29.38
2022-08-14T00:00:00.000Z,73,6716849,72.23,75,6151660,66.15,82,4508514,48.48,150,841506,9.05,4.87,65.75,29.39
2022-08-15T00:00:00.000Z,68,6716917,72.23,81,6151741,66.15,93,4508607,48.48,142,841648,9.05,4.74,65.87,29.39
2022-08-16T00:00:00.000Z,81,6716998,72.23,84,6151825,66.15,84,4508691,48.48,187,841835,9.05,4.46,66.15,29.39
2022-08-17T00:00:00.000Z,48,6717046,72.23,55,6151880,66.15,36,4508727,48.48,114,841949,9.05,4.16,66.44,29.39
2022-08-18T00:00:00.000Z,65,6717111,72.23,93,6151973,66.16,120,4508847,48.49,173,842122,9.06,3.98,66.63,29.39
2022-08-19T00:00:00.000Z,78,6717189,72.23,60,6152033,66.16,54,4508901,48.49,41,842163,9.06,3.83,66.78,29.39
2022-08-20T00:00:00.000Z,1,6717190,72.23,1,6152034,66.16,3,4508904,48.49,3,842166,9.06,3.67,66.94,29.39
2022-08-21T00:00:00.000Z,50,6717240,72.23,85,6152119,66.16,84,4508988,48.49,194,842360,9.06,3.52,67.08,29.4
2022-08-22T00:00:00.000Z,89,6717329,72.23,74,6152193,66.16,103,4509091,48.49,143,842503,9.06,3.44,67.16,29.4
2022-08-23T00:00:00.000Z,71,6717400,72.24,106,6152299,66.16,84,4509175,48.49,180,842683,9.06,3.27,67.33,29.4
2022-08-24T00:00:00.000Z,38,6717438,72.24,80,6152379,66.16,48,4509223,48.49,133,842816,9.06,3.15,67.46,29.4
2022-08-25T00:00:00.000Z,53,6717491,72.24,75,6152454,66.16,97,4509320,48.49,193,843009,9.07,3.03,67.57,29.4
2022-08-26T00:00:00.000Z,4,6717495,72.24,15,6152469,66.16,9,4509329,48.49,14,843023,9.07,2.94,67.66,29.4
2022-08-27T00:00:00.000Z,0,6717495,72.24,0,6152469,66.16,0,4509329,48.49,0,843023,9.07,2.84,67.76,29.4
2022-08-28T00:00:00.000Z,55,6717550,72.24,80,6152549,66.16,85,4509414,48.49,102,843125,9.07,2.75,67.85,29.4
2022-08-29T00:00:00.000Z,48,6717598,72.24,68,6152617,66.16,89,4509503,48.49,107,843232,9.07,2.69,67.91,29.4
2022-08-30T00:00:00.000Z,85,6717683,72.24,112,6152729,66.16,85,4509588,48.49,130,843362,9.07,2.6,68,29.4
2022-08-31T00:00:00.000Z,42,6717725,72.24,88,6152817,66.16,70,4509658,48.49,95,843457,9.07,2.53,68.07,29.4
2022-09-01T00:00:00.000Z,27,6717752,72.24,84,6152901,66.17,58,4509716,48.5,113,843570,9.07,2.46,68.14,29.4
2022-09-02T00:00:00.000Z,6,6717758,72.24,20,6152921,66.17,13,4509729,48.5,10,843580,9.07,2.4,68.2,29.4
2022-09-03T00:00:00.000Z,2,6717760,72.24,0,6152921,66.17,3,4509732,48.5,1,843581,9.07,2.33,68.27,29.4
2022-09-04T00:00:00.000Z,51,6717811,72.24,131,6153052,66.17,80,4509812,48.5,121,843702,9.07,2.27,68.32,29.4
2022-09-05T00:00:00.000Z,44,6717855,72.24,77,6153129,66.17,58,4509870,48.5,89,843791,9.07,2.23,68.37,29.4
2022-09-06T00:00:00.000Z,60,6717915,72.24,104,6153233,66.17,78,4509948,48.5,130,843921,9.08,2.17,68.42,29.4
2022-09-07T00:00:00.000Z,27,6717942,72.24,63,6153296,66.17,52,4510000,48.5,94,844015,9.08,2.12,68.47,29.4
2022-09-08T00:00:00.000Z,49,6717991,72.24,101,6153397,66.17,70,4510070,48.5,77,844092,9.08,2.07,68.53,29.4
2022-09-09T00:00:00.000Z,10,6718001,72.24,21,6153418,66.17,16,4510086,48.5,16,844108,9.08,2.03,68.57,29.4
2022-09-10T00:00:00.000Z,0,6718001,72.24,0,6153418,66.17,5,4510091,48.5,2,844110,9.08,1.97,68.62,29.4
2022-09-11T00:00:00.000Z,36,6718037,72.24,116,6153534,66.17,78,4510169,48.5,115,844225,9.08,1.92,68.67,29.41
2022-09-12T00:00:00.000Z,24,6718061,72.24,72,6153606,66.17,52,4510221,48.5,68,844293,9.08,1.88,68.71,29.41
2022-09-13T00:00:00.000Z,44,6718105,72.24,112,6153718,66.17,54,4510275,48.5,103,844396,9.08,1.82,68.77,29.41
2022-09-14T00:00:00.000Z,21,6718126,72.24,64,6153782,66.17,53,4510328,48.5,62,844458,9.08,1.78,68.82,29.41
2022-09-15T00:00:00.000Z,31,6718157,72.24,75,6153857,66.18,63,4510391,48.5,107,844565,9.08,1.73,68.86,29.41
2022-09-16T00:00:00.000Z,48,6718205,72.24,52,6153909,66.18,27,4510418,48.5,29,844594,9.08,1.7,68.89,29.41
2022-09-17T00:00:00.000Z,2,6718207,72.24,0,6153909,66.18,1,4510419,48.5,0,844594,9.08,1.66,68.93,29.41
2022-09-18T00:00:00.000Z,25,6718232,72.24,66,6153975,66.18,52,4510471,48.5,114,844708,9.08,1.63,68.96,29.41
2022-09-19T00:00:00.000Z,27,6718259,72.24,74,6154049,66.18,44,4510515,48.5,57,844765,9.08,1.61,68.98,29.41
2022-09-20T00:00:00.000Z,41,6718300,72.25,93,6154142,66.18,75,4510590,48.5,102,844867,9.09,1.56,69.03,29.41
2022-09-21T00:00:00.000Z,20,6718320,72.25,55,6154197,66.18,31,4510621,48.5,67,844934,9.09,1.55,69.05,29.41
2022-09-22T00:00:00.000Z,39,6718359,72.25,62,6154259,66.18,49,4510670,48.51,306,845240,9.09,1.52,69.07,29.4
2022-09-23T00:00:00.000Z,21,6718380,72.25,29,6154288,66.18,34,4510704,48.51,248,845488,9.09,1.5,69.1,29.41
2022-09-24T00:00:00.000Z,0,6718380,72.25,0,6154288,66.18,0,4510704,48.51,0,845488,9.09,1.47,69.13,29.41
2022-09-25T00:00:00.000Z,9,6718389,72.25,24,6154312,66.18,28,4510732,48.51,222,845710,9.09,1.46,69.13,29.41
2022-09-26T00:00:00.000Z,3,6718392,72.25,16,6154328,66.18,30,4510762,48.51,64,845774,9.1,1.46,69.13,29.41
2022-09-27T00:00:00.000Z,2,6718394,72.25,1,6154329,66.18,4,4510766,48.51,8,845782,9.1,1.42,69.17,29.41
2022-09-28T00:00:00.000Z,38,6718432,72.25,51,6154380,66.18,94,4510860,48.51,708,846490,9.1,1.39,69.21,29.41
2022-09-29T00:00:00.000Z,77,6718509,72.25,92,6154472,66.18,111,4510971,48.51,904,847394,9.11,1.37,69.22,29.41
2022-09-30T00:00:00.000Z,8,6718517,72.25,18,6154490,66.18,16,4510987,48.51,289,847683,9.12,1.35,69.24,29.41
2022-10-01T00:00:00.000Z,0,6718517,72.25,1,6154491,66.18,0,4510987,48.51,7,847690,9.12,1.31,69.29,29.41
2022-10-02T00:00:00.000Z,40,6718557,72.25,71,6154562,66.18,112,4511099,48.51,857,848547,9.12,1.31,69.29,29.41
2022-10-03T00:00:00.000Z,45,6718602,72.25,46,6154608,66.18,89,4511188,48.51,879,849426,9.13,1.31,69.28,29.4
2022-10-04T00:00:00.000Z,9,6718611,72.25,14,6154622,66.18,21,4511209,48.51,244,849670,9.14,1.27,69.32,29.4
2022-10-05T00:00:00.000Z,0,6718611,72.25,0,6154622,66.18,0,4511209,48.51,0,849670,9.14,1.28,69.31,29.4
2022-10-06T00:00:00.000Z,38,6718649,72.25,71,6154693,66.18,128,4511337,48.51,1270,850940,9.15,1.31,69.28,29.4
2022-10-07T00:00:00.000Z,8,6718657,72.25,10,6154703,66.18,16,4511353,48.51,247,851187,9.15,1.3,69.29,29.41
2022-10-08T00:00:00.000Z,0,6718657,72.25,0,6154703,66.18,0,4511353,48.51,0,851187,9.15,1.26,69.33,29.41
2022-10-09T00:00:00.000Z,10,6718667,72.25,18,6154721,66.18,45,4511398,48.51,431,851618,9.16,1.31,69.28,29.41
2022-10-10T00:00:00.000Z,5,6718672,72.25,5,6154726,66.18,2,4511400,48.51,13,851631,9.16,1.38,69.22,29.4
2022-10-11T00:00:00.000Z,33,6718705,72.25,70,6154796,66.19,102,4511502,48.51,856,852487,9.17,1.36,69.24,29.4
2022-10-12T00:00:00.000Z,39,6718744,72.25,44,6154840,66.19,90,4511592,48.52,924,853411,9.18,1.34,69.26,29.4
2022-10-13T00:00:00.000Z,29,6718773,72.25,27,6154867,66.19,48,4511640,48.52,717,854128,9.18,1.4,69.2,29.4
2022-10-14T00:00:00.000Z,7,6718780,72.25,9,6154876,66.19,27,4511667,48.52,257,854385,9.19,1.4,69.2,29.4
2022-10-15T00:00:00.000Z,0,6718780,72.25,0,6154876,66.19,0,4511667,48.52,1,854386,9.19,1.38,69.22,29.4
2022-10-16T00:00:00.000Z,8,6718788,72.25,11,6154887,66.19,37,4511704,48.52,384,854770,9.19,1.39,69.2,29.4
2022-10-17T00:00:00.000Z,1,6718789,72.25,2,6154889,66.19,2,4511706,48.52,8,854778,9.19,1.39,69.2,29.4
2022-10-18T00:00:00.000Z,38,6718827,72.25,66,6154955,66.19,105,4511811,48.52,932,855710,9.2,1.43,69.17,29.4
2022-10-19T00:00:00.000Z,42,6718869,72.25,57,6155012,66.19,108,4511919,48.52,1185,856895,9.21,1.47,69.12,29.4
2022-10-20T00:00:00.000Z,70,6718939,72.25,73,6155085,66.19,145,4512064,48.52,1050,857945,9.23,1.5,69.1,29.4
2022-10-21T00:00:00.000Z,7,6718946,72.25,16,6155101,66.19,24,4512088,48.52,272,858217,9.23,1.5,69.09,29.4
2022-10-22T00:00:00.000Z,0,6718946,72.25,0,6155101,66.19,1,4512089,48.52,1,858218,9.23,1.49,69.1,29.4
2022-10-23T00:00:00.000Z,51,6718997,72.25,61,6155162,66.19,93,4512182,48.52,840,859058,9.24,1.51,69.08,29.4
2022-10-24T00:00:00.000Z,65,6719062,72.25,46,6155208,66.19,101,4512283,48.52,747,859805,9.25,1.51,69.08,29.41
2022-10-25T00:00:00.000Z,33,6719095,72.25,44,6155252,66.19,85,4512368,48.52,754,860559,9.25,1.55,69.04,29.4
2022-10-26T00:00:00.000Z,0,6719095,72.25,0,6155252,66.19,0,4512368,48.52,0,860559,9.25,1.61,68.99,29.4
