Day_Date,vaccinated,vaccinated_cum,vaccinated_population_perc,vaccinated_seconde_dose,vaccinated_seconde_dose_cum,vaccinated_seconde_dose_population_perc,vaccinated_third_dose,vaccinated_third_dose_cum,vaccinated_third_dose_population_perc,vaccinated_fourth_dose,vaccinated_fourth_dose_cum,vaccinated_fourth_dose_population_perc,vaccinated_validity_perc,vaccinated_expired_perc,not_vaccinated_perc
2020-12-19T00:00:00.000Z,46,70,0,0,4,0,0,0,0,0,0,0,0,0,100
2020-12-20T00:00:00.000Z,7394,7464,0.08,0,4,0,0,0,0,0,0,0,0,0,100
2020-12-21T00:00:00.000Z,24923,32387,0.35,0,4,0,0,0,0,0,0,0,0,0,100
2020-12-22T00:00:00.000Z,44662,77049,0.83,0,4,0,0,0,0,0,0,0,0,0,100
2020-12-23T00:00:00.000Z,62915,139964,1.51,0,4,0,0,0,0,0,0,0,0,0,100
2020-12-24T00:00:00.000Z,73425,213389,2.29,0,4,0,0,0,0,0,0,0,0,0,100
2020-12-25T00:00:00.000Z,38514,251903,2.71,0,4,0,0,0,0,0,0,0,0,0,100
2020-12-26T00:00:00.000Z,32617,284520,3.06,0,4,0,0,0,0,0,0,0,0,0,100
2020-12-27T00:00:00.000Z,104565,389085,4.18,0,4,0,0,0,0,0,0,0,0,0,100
2020-12-28T00:00:00.000Z,135024,524109,5.64,0,4,0,0,0,0,0,0,0,0,0,100
2020-12-29T00:00:00.000Z,156318,680427,7.32,2,6,0,0,0,0,0,0,0,0,0,100
2020-12-30T00:00:00.000Z,153168,833595,8.96,0,6,0,0,0,0,0,0,0,0,0,100
2020-12-31T00:00:00.000Z,158570,992165,10.67,0,6,0,0,0,0,0,0,0,0,0,100
2021-01-01T00:00:00.000Z,71426,1063591,11.44,0,6,0,0,0,0,0,0,0,0,0,100
2021-01-02T00:00:00.000Z,71737,1135328,12.21,0,6,0,0,0,0,0,0,0,0,0,100
2021-01-03T00:00:00.000Z,149755,1285083,13.82,0,6,0,0,0,0,0,0,0,0,0,100
2021-01-04T00:00:00.000Z,152188,1437271,15.46,1,7,0,0,0,0,0,0,0,0,0,100
2021-01-05T00:00:00.000Z,125201,1562472,16.8,4,11,0,0,0,0,0,0,0,0,0,100
2021-01-06T00:00:00.000Z,103360,1665832,17.91,2,13,0,0,0,0,0,0,0,0,0,100
2021-01-07T00:00:00.000Z,116045,1781877,19.16,9,22,0,0,0,0,0,0,0,0,0,100
2021-01-08T00:00:00.000Z,66453,1848330,19.88,4,26,0,0,0,0,0,0,0,0,0,100
2021-01-09T00:00:00.000Z,44544,1892874,20.36,24,50,0,0,0,0,0,0,0,0,0,100
2021-01-10T00:00:00.000Z,37646,1930520,20.76,6000,6050,0.07,0,0,0,0,0,0,0,0,100
2021-01-11T00:00:00.000Z,21170,1951690,20.99,19264,25314,0.27,0,0,0,0,0,0,0,0,100
2021-01-12T00:00:00.000Z,24070,1975760,21.25,35671,60985,0.66,0,0,0,0,0,0,0,0,100
2021-01-13T00:00:00.000Z,52066,2027826,21.81,56874,117859,1.27,0,0,0,0,0,0,0,0,100
2021-01-14T00:00:00.000Z,56470,2084296,22.41,68834,186693,2.01,0,0,0,0,0,0,0,0,100
2021-01-15T00:00:00.000Z,30772,2115068,22.74,35939,222632,2.39,0,0,0,0,0,0,0,0,100
2021-01-16T00:00:00.000Z,29478,2144546,23.06,26006,248638,2.67,0,0,0,0,0,0,0,0,100
2021-01-17T00:00:00.000Z,68430,2212976,23.8,84592,333230,3.58,0,0,0,0,0,0,0.31,0,99.69
2021-01-18T00:00:00.000Z,69811,2282787,24.55,120427,453657,4.88,0,0,0,0,0,0,0.58,0,99.42
2021-01-19T00:00:00.000Z,72888,2355675,25.33,137834,591491,6.36,0,0,0,0,0,0,1.09,0,98.91
2021-01-20T00:00:00.000Z,76907,2432582,26.16,143755,735246,7.91,0,0,0,0,0,0,1.9,0,98.1
2021-01-21T00:00:00.000Z,69996,2502578,26.91,164452,899698,9.67,0,0,0,0,0,0,2.88,0,97.12
2021-01-22T00:00:00.000Z,37922,2540500,27.32,71128,970826,10.44,0,0,0,0,0,0,3.39,0,96.61
2021-01-23T00:00:00.000Z,39964,2580464,27.75,53590,1024416,11.02,0,0,0,0,0,0,3.77,0,96.23
2021-01-24T00:00:00.000Z,69141,2649605,28.49,140697,1165113,12.53,0,0,0,0,0,0,4.96,0,95.04
2021-01-25T00:00:00.000Z,80941,2730546,29.36,139510,1304623,14.03,0,0,0,0,0,0,6.61,0,93.39
2021-01-26T00:00:00.000Z,78721,2809267,30.21,126431,1431054,15.39,0,0,0,0,0,0,8.45,0,91.55
2021-01-27T00:00:00.000Z,77968,2887235,31.05,125061,1556115,16.73,0,0,0,0,0,0,10.34,0,89.66
2021-01-28T00:00:00.000Z,79567,2966802,31.9,130614,1686729,18.14,0,0,0,0,0,0,12.43,0,87.57
2021-01-29T00:00:00.000Z,36699,3003501,32.3,64788,1751517,18.83,0,0,0,0,0,0,13.34,0,86.66
2021-01-30T00:00:00.000Z,34392,3037893,32.67,42761,1794278,19.29,0,0,0,0,0,0,14.02,0,85.98
2021-01-31T00:00:00.000Z,73328,3111221,33.46,59497,1853775,19.93,0,0,0,0,0,0,15.76,0,84.24
2021-02-01T00:00:00.000Z,82499,3193720,34.34,35353,1889128,20.31,0,0,0,0,0,0,17.48,0,82.52
2021-02-02T00:00:00.000Z,70091,3263811,35.1,31067,1920195,20.65,0,0,0,0,0,0,19.01,0,80.99
2021-02-03T00:00:00.000Z,60305,3324116,35.75,51436,1971631,21.2,0,0,0,0,0,0,20.47,0,79.53
2021-02-04T00:00:00.000Z,72624,3396740,36.53,58094,2029725,21.83,0,0,0,0,0,0,22,0,78
2021-02-05T00:00:00.000Z,33941,3430681,36.89,28802,2058527,22.14,0,0,0,0,0,0,22.75,0,77.25
2021-02-06T00:00:00.000Z,21620,3452301,37.12,22228,2080755,22.38,0,0,0,0,0,0,23.23,0,76.77
2021-02-07T00:00:00.000Z,54076,3506377,37.71,68729,2149484,23.11,0,0,0,0,0,0,23.99,0,76.01
2021-02-08T00:00:00.000Z,58633,3565010,38.34,65461,2214945,23.82,0,0,0,0,0,0,24.52,0,75.48
2021-02-09T00:00:00.000Z,66344,3631354,39.05,67569,2282514,24.55,0,0,0,0,0,0,25.04,0,74.96
2021-02-10T00:00:00.000Z,70560,3701914,39.81,72305,2354819,25.32,0,0,0,0,0,0,25.77,0,74.23
2021-02-11T00:00:00.000Z,81160,3783074,40.68,72100,2426919,26.1,0,0,0,0,0,0,26.61,0,73.39
2021-02-12T00:00:00.000Z,39098,3822172,41.1,37590,2464509,26.5,0,0,0,0,0,0,27.02,0,72.98
2021-02-13T00:00:00.000Z,27462,3849634,41.4,30440,2494949,26.83,0,0,0,0,0,0,27.33,0,72.67
2021-02-14T00:00:00.000Z,74910,3924544,42.2,69078,2564027,27.57,0,0,0,0,0,0,28.25,0,71.75
2021-02-15T00:00:00.000Z,81540,4006084,43.08,75716,2639743,28.39,0,0,0,0,0,0,29.17,0,70.83
2021-02-16T00:00:00.000Z,83413,4089497,43.98,78290,2718033,29.23,0,0,0,0,0,0,30.11,0,69.89
2021-02-17T00:00:00.000Z,61976,4151473,44.64,75634,2793667,30.04,0,0,0,0,0,0,31.01,0,68.99
2021-02-18T00:00:00.000Z,69150,4220623,45.39,79735,2873402,30.9,0,0,0,0,0,0,31.94,0,68.06
2021-02-19T00:00:00.000Z,39669,4260292,45.81,38157,2911559,31.31,0,0,0,0,0,0,32.45,0,67.55
2021-02-20T00:00:00.000Z,31650,4291942,46.15,28723,2940282,31.62,0,0,0,0,0,0,32.85,0,67.15
2021-02-21T00:00:00.000Z,79431,4371373,47.01,78443,3018725,32.46,0,0,0,0,0,0,33.8,0,66.2
2021-02-22T00:00:00.000Z,85055,4456428,47.92,80590,3099315,33.33,0,0,0,0,0,0,34.83,0,65.17
2021-02-23T00:00:00.000Z,77320,4533748,48.75,70478,3169793,34.09,0,0,0,0,0,0,35.84,0,64.16
2021-02-24T00:00:00.000Z,61064,4594812,49.41,63140,3232933,34.77,0,0,0,0,0,0,36.76,0,63.24
2021-02-25T00:00:00.000Z,51725,4646537,49.97,64800,3297733,35.46,0,0,0,0,0,0,37.66,0,62.34
2021-02-26T00:00:00.000Z,25908,4672445,50.25,32038,3329771,35.81,0,0,0,0,0,0,38.1,0,61.9
2021-02-27T00:00:00.000Z,18348,4690793,50.44,21195,3350966,36.03,0,0,0,0,0,0,38.42,0,61.58
2021-02-28T00:00:00.000Z,40358,4731151,50.88,55870,3406836,36.64,0,0,0,0,0,0,39.24,0,60.76
2021-03-01T00:00:00.000Z,45740,4776891,51.37,61434,3468270,37.3,0,0,0,0,0,0,40.1,0,59.9
2021-03-02T00:00:00.000Z,41195,4818086,51.81,64794,3533064,37.99,0,0,0,0,0,0,40.85,0,59.15
2021-03-03T00:00:00.000Z,42020,4860106,52.26,66785,3599849,38.71,0,0,0,0,0,0,41.55,0,58.45
2021-03-04T00:00:00.000Z,39711,4899817,52.69,79114,3678963,39.56,0,0,0,0,0,0,42.24,0,57.76
2021-03-05T00:00:00.000Z,17359,4917176,52.88,40463,3719426,40,0,0,0,0,0,0,42.57,0,57.43
2021-03-06T00:00:00.000Z,10718,4927894,52.99,25345,3744771,40.27,0,0,0,0,0,0,42.78,0,57.22
2021-03-07T00:00:00.000Z,31152,4959046,53.33,72841,3817612,41.05,0,0,0,0,0,0,43.36,0,56.64
2021-03-08T00:00:00.000Z,27382,4986428,53.62,73291,3890903,41.84,0,0,0,0,0,0,43.97,0,56.03
2021-03-09T00:00:00.000Z,26752,5013180,53.91,76595,3967498,42.66,0,0,0,0,0,0,44.62,0,55.38
2021-03-10T00:00:00.000Z,23365,5036545,54.16,58679,4026177,43.3,0,0,0,0,0,0,45.27,0,54.73
2021-03-11T00:00:00.000Z,23296,5059841,54.41,69088,4095265,44.04,0,0,0,0,0,0,45.99,0,54.01
2021-03-12T00:00:00.000Z,11292,5071133,54.53,41411,4136676,44.48,0,0,0,0,0,0,46.34,0,53.66
2021-03-13T00:00:00.000Z,7949,5079082,54.62,25239,4161915,44.76,0,0,0,0,0,0,46.57,0,53.43
2021-03-14T00:00:00.000Z,20984,5100066,54.84,73934,4235849,45.55,0,0,0,0,0,0,47.2,0,52.8
2021-03-15T00:00:00.000Z,20139,5120205,55.06,78278,4314127,46.39,0,0,0,0,0,0,47.81,0,52.19
2021-03-16T00:00:00.000Z,18751,5138956,55.26,71474,4385601,47.16,0,0,0,0,0,0,48.43,0,51.57
2021-03-17T00:00:00.000Z,17700,5156656,55.45,59000,4444601,47.8,0,0,0,0,0,0,48.92,0,51.08
2021-03-18T00:00:00.000Z,16044,5172700,55.62,58125,4502726,48.42,0,0,0,0,0,0,49.45,0,50.55
2021-03-19T00:00:00.000Z,6952,5179652,55.7,27977,4530703,48.72,0,0,0,0,0,0,49.75,0,50.25
2021-03-20T00:00:00.000Z,5225,5184877,55.76,15298,4546001,48.89,0,0,0,0,0,0,49.93,0,50.07
2021-03-21T00:00:00.000Z,13169,5198046,55.9,40504,4586505,49.32,0,0,0,0,0,0,50.46,0,49.54
2021-03-22T00:00:00.000Z,13571,5211617,56.04,40535,4627040,49.76,0,0,0,0,0,0,51,0,49
2021-03-23T00:00:00.000Z,2841,5214458,56.07,7297,4634337,49.84,0,0,0,0,0,0,51.43,0,48.57
2021-03-24T00:00:00.000Z,10993,5225451,56.19,46553,4680890,50.34,0,0,0,0,0,0,51.84,0,48.16
2021-03-25T00:00:00.000Z,10260,5235711,56.3,35432,4716322,50.72,0,0,0,0,0,0,52.22,0,47.78
2021-03-26T00:00:00.000Z,4181,5239892,56.35,13329,4729651,50.86,0,0,0,0,0,0,52.4,0,47.6
2021-03-27T00:00:00.000Z,1784,5241676,56.37,4267,4733918,50.91,0,0,0,0,0,0,52.5,0,47.5
2021-03-28T00:00:00.000Z,2110,5243786,56.39,4609,4738527,50.96,0,0,0,0,0,0,52.74,0,47.26
2021-03-29T00:00:00.000Z,6909,5250695,56.46,30014,4768541,51.28,0,0,0,0,0,0,53,0,47
2021-03-30T00:00:00.000Z,7885,5258580,56.55,22450,4790991,51.52,0,0,0,0,0,0,53.08,0,46.92
2021-03-31T00:00:00.000Z,8146,5266726,56.64,19490,4810481,51.73,0,0,0,0,0,0,53.38,0,46.62
2021-04-01T00:00:00.000Z,8201,5274927,56.72,18697,4829178,51.93,0,0,0,0,0,0,53.62,0,46.38
2021-04-02T00:00:00.000Z,2931,5277858,56.76,8127,4837305,52.02,0,0,0,0,0,0,53.71,0,46.29
2021-04-03T00:00:00.000Z,1432,5279290,56.77,2978,4840283,52.05,0,0,0,0,0,0,53.74,0,46.26
2021-04-04T00:00:00.000Z,9617,5288907,56.87,22830,4863113,52.3,0,0,0,0,0,0,53.82,0,46.18
2021-04-05T00:00:00.000Z,10357,5299264,56.99,21271,4884384,52.52,0,0,0,0,0,0,54.04,0,45.96
2021-04-06T00:00:00.000Z,9022,5308286,57.08,16786,4901170,52.7,0,0,0,0,0,0,54.21,0,45.79
2021-04-07T00:00:00.000Z,8921,5317207,57.18,15305,4916475,52.87,0,0,0,0,0,0,54.36,0,45.64
2021-04-08T00:00:00.000Z,9422,5326629,57.28,17003,4933478,53.05,0,0,0,0,0,0,54.52,0,45.48
2021-04-09T00:00:00.000Z,3606,5330235,57.32,6249,4939727,53.12,0,0,0,0,0,0,54.58,0,45.42
2021-04-10T00:00:00.000Z,1630,5331865,57.34,3519,4943246,53.16,0,0,0,0,0,0,54.61,0,45.39
2021-04-11T00:00:00.000Z,9037,5340902,57.43,14248,4957494,53.31,0,0,0,0,0,0,54.78,0,45.22
2021-04-12T00:00:00.000Z,8932,5349834,57.53,13229,4970723,53.45,0,0,0,0,0,0,54.95,0,45.05
2021-04-13T00:00:00.000Z,5837,5355671,57.59,4959,4975682,53.51,0,0,0,0,0,0,55.08,0,44.92
2021-04-14T00:00:00.000Z,3643,5359314,57.63,5303,4980985,53.56,0,0,0,0,0,0,55.18,0,44.82
2021-04-15T00:00:00.000Z,691,5360005,57.64,576,4981561,53.57,0,0,0,0,0,0,55.27,0,44.73
2021-04-16T00:00:00.000Z,3408,5363413,57.68,6643,4988204,53.64,0,0,0,0,0,0,55.33,0,44.67
2021-04-17T00:00:00.000Z,818,5364231,57.68,1971,4990175,53.66,0,0,0,0,0,0,55.35,0,44.65
2021-04-18T00:00:00.000Z,7092,5371323,57.76,7432,4997607,53.74,0,0,0,0,0,0,55.47,0,44.53
2021-04-19T00:00:00.000Z,6395,5377718,57.83,7124,5004731,53.82,0,0,0,0,0,0,55.58,0,44.42
2021-04-20T00:00:00.000Z,6275,5383993,57.9,6885,5011616,53.89,0,0,0,0,0,0,55.65,0,44.35
2021-04-21T00:00:00.000Z,6372,5390365,57.97,7105,5018721,53.97,0,0,0,0,0,0,55.71,0,44.29
2021-04-22T00:00:00.000Z,5940,5396305,58.03,7684,5026405,54.05,0,0,0,0,0,0,55.75,0,44.25
2021-04-23T00:00:00.000Z,2757,5399062,58.06,3385,5029790,54.09,0,0,0,0,0,0,55.8,0,44.2
2021-04-24T00:00:00.000Z,766,5399828,58.07,1288,5031078,54.1,0,0,0,0,0,0,55.82,0,44.18
2021-04-25T00:00:00.000Z,4827,5404655,58.12,6919,5037997,54.18,0,0,0,0,0,0,55.89,0,44.11
2021-04-26T00:00:00.000Z,5473,5410128,58.18,7887,5045884,54.26,0,0,0,0,0,0,55.96,0,44.04
2021-04-27T00:00:00.000Z,4502,5414630,58.23,6619,5052503,54.33,0,0,0,0,0,0,56.03,0,43.97
2021-04-28T00:00:00.000Z,4490,5419120,58.27,7323,5059826,54.41,0,0,0,0,0,0,56.09,0,43.91
2021-04-29T00:00:00.000Z,4370,5423490,58.32,7286,5067112,54.49,0,0,0,0,0,0,56.16,0,43.84
2021-04-30T00:00:00.000Z,1917,5425407,58.34,3198,5070310,54.52,0,0,0,0,0,0,56.19,0,43.81
2021-05-01T00:00:00.000Z,457,5425864,58.35,892,5071202,54.53,0,0,0,0,0,0,56.2,0,43.8
2021-05-02T00:00:00.000Z,3224,5429088,58.38,6088,5077290,54.6,0,0,0,0,0,0,56.26,0,43.74
2021-05-03T00:00:00.000Z,3533,5432621,58.42,5828,5083118,54.66,0,0,0,0,0,0,56.32,0,43.68
2021-05-04T00:00:00.000Z,3584,5436205,58.46,4729,5087847,54.71,0,0,0,0,0,0,56.38,0,43.62
2021-05-05T00:00:00.000Z,3288,5439493,58.49,4086,5091933,54.76,0,0,0,0,0,0,56.44,0,43.56
2021-05-06T00:00:00.000Z,3640,5443133,58.53,3141,5095074,54.79,0,0,0,0,0,0,56.5,0,43.5
2021-05-07T00:00:00.000Z,1837,5444970,58.55,2500,5097574,54.82,0,0,0,0,0,0,56.52,0,43.48
2021-05-08T00:00:00.000Z,236,5445206,58.56,504,5098078,54.82,0,0,0,0,0,0,56.53,0,43.47
2021-05-09T00:00:00.000Z,2848,5448054,58.59,4747,5102825,54.87,0,0,0,0,0,0,56.58,0,43.42
2021-05-10T00:00:00.000Z,2891,5450945,58.62,4702,5107527,54.92,0,0,0,0,0,0,56.63,0,43.37
2021-05-11T00:00:00.000Z,2619,5453564,58.64,3876,5111403,54.97,0,0,0,0,0,0,56.67,0,43.33
2021-05-12T00:00:00.000Z,2028,5455592,58.67,3334,5114737,55,0,0,0,0,0,0,56.7,0,43.3
2021-05-13T00:00:00.000Z,2039,5457631,58.69,3678,5118415,55.04,0,0,0,0,0,0,56.73,0,43.27
2021-05-14T00:00:00.000Z,972,5458603,58.7,1490,5119905,55.06,0,0,0,0,0,0,56.75,0,43.25
2021-05-15T00:00:00.000Z,251,5458854,58.7,255,5120160,55.06,0,0,0,0,0,0,56.75,0,43.25
2021-05-16T00:00:00.000Z,528,5459382,58.71,1203,5121363,55.07,0,0,0,0,0,0,56.78,0,43.22
2021-05-17T00:00:00.000Z,296,5459678,58.71,841,5122204,55.08,0,0,0,0,0,0,56.81,0,43.19
2021-05-18T00:00:00.000Z,1957,5461635,58.73,4934,5127138,55.13,0,0,0,0,0,0,56.84,0,43.16
2021-05-19T00:00:00.000Z,2226,5463861,58.76,5034,5132172,55.19,0,0,0,0,0,0,56.87,0,43.13
2021-05-20T00:00:00.000Z,2307,5466168,58.78,3876,5136048,55.23,0,0,0,0,0,0,56.9,0,43.1
2021-05-21T00:00:00.000Z,1182,5467350,58.79,1403,5137451,55.25,0,0,0,0,0,0,56.92,0,43.08
2021-05-22T00:00:00.000Z,205,5467555,58.8,395,5137846,55.25,0,0,0,0,0,0,56.92,0,43.08
2021-05-23T00:00:00.000Z,2270,5469825,58.82,3215,5141061,55.28,0,0,0,0,0,0,56.94,0,43.06
2021-05-24T00:00:00.000Z,2128,5471953,58.84,3595,5144656,55.32,0,0,0,0,0,0,56.96,0,43.04
2021-05-25T00:00:00.000Z,1815,5473768,58.86,2583,5147239,55.35,0,0,0,0,0,0,56.99,0,43.01
2021-05-26T00:00:00.000Z,1403,5475171,58.88,2500,5149739,55.38,0,0,0,0,0,0,57.03,0,42.97
2021-05-27T00:00:00.000Z,1852,5477023,58.9,3182,5152921,55.41,0,0,0,0,0,0,57.06,0,42.94
2021-05-28T00:00:00.000Z,781,5477804,58.91,1403,5154324,55.43,0,0,0,0,0,0,57.07,0,42.93
2021-05-29T00:00:00.000Z,188,5477992,58.91,223,5154547,55.43,0,0,0,0,0,0,57.07,0,42.93
2021-05-30T00:00:00.000Z,1642,5479634,58.93,1936,5156483,55.45,0,0,0,0,0,0,57.1,0,42.9
2021-05-31T00:00:00.000Z,1732,5481366,58.94,2089,5158572,55.47,0,0,0,0,0,0,57.13,0,42.87
2021-06-01T00:00:00.000Z,1373,5482739,58.96,1818,5160390,55.49,0,0,0,0,0,0,57.47,0,42.53
2021-06-02T00:00:00.000Z,1509,5484248,58.97,1604,5161994,55.51,0,0,0,0,0,0,57.25,0,42.75
2021-06-03T00:00:00.000Z,1681,5485929,58.99,1488,5163482,55.53,0,0,0,0,0,0,57.27,0,42.73
2021-06-04T00:00:00.000Z,1093,5487022,59,777,5164259,55.53,0,0,0,0,0,0,57.28,0,42.72
2021-06-05T00:00:00.000Z,180,5487202,59.01,158,5164417,55.54,0,0,0,0,0,0,57.29,0,42.71
2021-06-06T00:00:00.000Z,4288,5491490,59.05,1002,5165419,55.55,0,0,0,0,0,0,57.31,0,42.69
2021-06-07T00:00:00.000Z,4433,5495923,59.1,808,5166227,55.56,0,0,0,0,0,0,57.34,0,42.66
2021-06-08T00:00:00.000Z,3733,5499656,59.14,1167,5167394,55.57,0,0,0,0,0,0,57.36,0,42.64
2021-06-09T00:00:00.000Z,3610,5503266,59.18,1323,5168717,55.58,0,0,0,0,0,0,57.4,0,42.6
2021-06-10T00:00:00.000Z,3353,5506619,59.22,1293,5170010,55.6,0,0,0,0,0,0,57.42,0,42.58
2021-06-11T00:00:00.000Z,1393,5508012,59.23,580,5170590,55.6,0,0,0,0,0,0,57.43,0,42.57
2021-06-12T00:00:00.000Z,214,5508226,59.23,170,5170760,55.6,0,0,0,0,0,0,57.43,0,42.57
2021-06-13T00:00:00.000Z,3100,5511326,59.27,1257,5172017,55.62,0,0,0,0,0,0,57.45,0,42.55
2021-06-14T00:00:00.000Z,3053,5514379,59.3,1524,5173541,55.63,0,0,0,0,0,0,57.46,0,42.54
2021-06-15T00:00:00.000Z,3136,5517515,59.33,1370,5174911,55.65,0,0,0,0,0,0,57.48,0,42.52
2021-06-16T00:00:00.000Z,2726,5520241,59.36,996,5175907,55.66,0,0,0,0,0,0,57.49,0,42.51
2021-06-17T00:00:00.000Z,2723,5522964,59.39,1196,5177103,55.67,0,0,0,0,0,0,57.51,0,42.49
2021-06-18T00:00:00.000Z,1263,5524227,59.4,504,5177607,55.68,0,0,0,0,0,0,57.52,0,42.48
2021-06-19T00:00:00.000Z,240,5524467,59.41,138,5177745,55.68,0,0,0,0,0,0,57.52,0,42.48
2021-06-20T00:00:00.000Z,3313,5527780,59.44,1330,5179075,55.69,0,0,0,0,0,0,57.54,0,42.46
2021-06-21T00:00:00.000Z,5235,5533015,59.5,1212,5180287,55.71,0,0,0,0,0,0,57.56,0,42.44
2021-06-22T00:00:00.000Z,6921,5539936,59.57,1096,5181383,55.72,0,0,0,0,0,0,57.58,0,42.42
2021-06-23T00:00:00.000Z,10750,5550686,59.69,1293,5182676,55.73,0,0,0,0,0,0,57.6,0,42.4
2021-06-24T00:00:00.000Z,12038,5562724,59.82,1464,5184140,55.75,0,0,0,0,0,0,57.62,0,42.38
2021-06-25T00:00:00.000Z,7109,5569833,59.9,939,5185079,55.76,0,0,0,0,0,0,57.62,0,42.38
2021-06-26T00:00:00.000Z,2270,5572103,59.92,197,5185276,55.76,0,0,0,0,0,0,57.63,0,42.37
2021-06-27T00:00:00.000Z,13628,5585731,60.07,3434,5188710,55.8,0,0,0,0,0,0,57.65,0,42.35
2021-06-28T00:00:00.000Z,14514,5600245,60.22,3673,5192383,55.84,0,0,0,0,0,0,57.68,0,42.32
2021-06-29T00:00:00.000Z,16706,5616951,60.4,3741,5196124,55.88,0,0,0,0,0,0,57.69,0,42.31
2021-06-30T00:00:00.000Z,16480,5633431,60.58,3392,5199516,55.91,0,0,0,0,0,0,57.72,0,42.28
2021-07-01T00:00:00.000Z,16823,5650254,60.76,3369,5202885,55.95,118,118,0,0,0,0,57.78,0,42.22
2021-07-02T00:00:00.000Z,9826,5660080,60.87,1597,5204482,55.97,7,125,0,0,0,0,57.79,0,42.21
2021-07-03T00:00:00.000Z,2675,5662755,60.89,296,5204778,55.97,1,126,0,0,0,0,57.79,0,42.21
2021-07-04T00:00:00.000Z,17731,5680486,61.09,3158,5207936,56,2,128,0,0,0,0,57.85,0,42.15
2021-07-05T00:00:00.000Z,17844,5698330,61.28,3042,5210978,56.04,7,135,0,0,0,0,57.91,0,42.09
2021-07-06T00:00:00.000Z,17840,5716170,61.47,3405,5214383,56.07,11,146,0,0,0,0,57.99,0,42.01
2021-07-07T00:00:00.000Z,15522,5731692,61.64,2696,5217079,56.1,12,158,0,0,0,0,58.05,0,41.95
2021-07-08T00:00:00.000Z,16581,5748273,61.81,2873,5219952,56.13,17,175,0,0,0,0,58.12,0,41.88
2021-07-09T00:00:00.000Z,11123,5759396,61.93,1531,5221483,56.15,4,179,0,0,0,0,58.15,0,41.85
2021-07-10T00:00:00.000Z,4987,5764383,61.99,386,5221869,56.15,6,185,0,0,0,0,58.15,0,41.85
2021-07-11T00:00:00.000Z,1454,5765837,62,2847,5224716,56.18,8,193,0,0,0,0,58.22,0,41.78
2021-07-12T00:00:00.000Z,2420,5768257,62.03,3679,5228395,56.22,56,249,0,0,0,0,58.29,0,41.71
2021-07-13T00:00:00.000Z,2954,5771211,62.06,5456,5233851,56.28,124,373,0,0,0,0,58.36,0,41.64
2021-07-14T00:00:00.000Z,2739,5773950,62.09,7526,5241377,56.36,441,814,0.01,0,0,0,58.42,0,41.58
2021-07-15T00:00:00.000Z,2999,5776949,62.12,9286,5250663,56.46,374,1188,0.01,0,0,0,58.5,0,41.5
2021-07-16T00:00:00.000Z,1284,5778233,62.14,5894,5256557,56.53,66,1254,0.01,0,0,0,58.54,0,41.46
2021-07-17T00:00:00.000Z,369,5778602,62.14,1390,5257947,56.54,7,1261,0.01,0,0,0,58.55,0,41.44
2021-07-18T00:00:00.000Z,2070,5780672,62.16,9767,5267714,56.65,235,1496,0.02,0,0,0,58.6,0,41.4
2021-07-19T00:00:00.000Z,3208,5783880,62.2,11341,5279055,56.77,461,1957,0.02,0,0,0,58.65,0,41.35
2021-07-20T00:00:00.000Z,2681,5786561,62.23,11905,5290960,56.9,373,2330,0.03,0,0,0,58.72,0,41.28
2021-07-21T00:00:00.000Z,2400,5788961,62.25,11873,5302833,57.02,325,2655,0.03,0,0,0,58.81,0,41.19
2021-07-22T00:00:00.000Z,2871,5791832,62.28,13267,5316100,57.17,391,3046,0.03,0,0,0,58.93,0,41.07
2021-07-23T00:00:00.000Z,2033,5793865,62.3,8236,5324336,57.26,106,3152,0.03,0,0,0,58.99,0,41.01
2021-07-24T00:00:00.000Z,640,5794505,62.31,1478,5325814,57.27,7,3159,0.03,0,0,0,58.99,0,41
2021-07-25T00:00:00.000Z,4413,5798918,62.36,15490,5341304,57.44,223,3382,0.04,0,0,0,59.1,0,40.89
2021-07-26T00:00:00.000Z,5165,5804083,62.41,13525,5354829,57.58,324,3706,0.04,0,0,0,59.24,0,40.75
2021-07-27T00:00:00.000Z,5486,5809569,62.47,13571,5368400,57.73,413,4119,0.04,0,0,0,59.37,0.01,40.62
2021-07-28T00:00:00.000Z,3984,5813553,62.52,12339,5380739,57.86,472,4591,0.05,0,0,0,59.5,0.01,40.49
2021-07-29T00:00:00.000Z,4656,5818209,62.57,14193,5394932,58.01,530,5121,0.06,0,0,0,59.65,0.01,40.33
2021-07-30T00:00:00.000Z,2646,5820855,62.59,10851,5405783,58.13,4122,9243,0.1,0,0,0,59.74,0.02,40.25
2021-07-31T00:00:00.000Z,1403,5822258,62.61,3551,5409334,58.17,6159,15402,0.17,0,0,0,59.75,0.02,40.23
2021-08-01T00:00:00.000Z,3073,5825331,62.64,3361,5412695,58.21,31047,46449,0.5,0,0,0,59.91,0.02,40.06
2021-08-02T00:00:00.000Z,3126,5828457,62.68,3167,5415862,58.24,58513,104962,1.13,0,0,0,60.06,0.03,39.91
2021-08-03T00:00:00.000Z,3380,5831837,62.71,3321,5419183,58.28,78951,183913,1.98,0,0,0,60.21,0.03,39.76
2021-08-04T00:00:00.000Z,3521,5835358,62.75,3247,5422430,58.31,80762,264675,2.85,0,0,0,60.34,0.03,39.63
2021-08-05T00:00:00.000Z,4507,5839865,62.8,3566,5425996,58.35,88442,353117,3.8,0,0,0,60.49,0.04,39.47
2021-08-06T00:00:00.000Z,2431,5842296,62.83,1847,5427843,58.37,44741,397858,4.28,0,0,0,60.6,0.04,39.36
2021-08-07T00:00:00.000Z,1029,5843325,62.84,697,5428540,58.38,27353,425211,4.57,0,0,0,60.63,0.04,39.32
2021-08-08T00:00:00.000Z,4988,5848313,62.89,3076,5431616,58.41,80085,505296,5.43,0,0,0,60.68,0.04,39.28
2021-08-09T00:00:00.000Z,5338,5853651,62.95,3054,5434670,58.44,76487,581783,6.26,0,0,0,60.72,0.04,39.24
2021-08-10T00:00:00.000Z,5548,5859199,63.01,3199,5437869,58.48,75426,657209,7.07,0,0,0,60.75,0.04,39.2
2021-08-11T00:00:00.000Z,5691,5864890,63.07,2937,5440806,58.51,62635,719844,7.74,0,0,0,60.79,0.04,39.17
2021-08-12T00:00:00.000Z,7027,5871917,63.14,3284,5444090,58.54,59460,779304,8.38,0,0,0,60.83,0.04,39.12
2021-08-13T00:00:00.000Z,3812,5875729,63.18,2063,5446153,58.57,43869,823173,8.85,0,0,0,60.84,0.05,39.11
2021-08-14T00:00:00.000Z,2250,5877979,63.21,849,5447002,58.57,44486,867659,9.33,0,0,0,60.85,0.05,39.1
2021-08-15T00:00:00.000Z,7139,5885118,63.29,4529,5451531,58.62,97979,965638,10.38,0,0,0,60.89,0.05,39.06
2021-08-16T00:00:00.000Z,6984,5892102,63.36,4741,5456272,58.67,89515,1055153,11.35,0,0,0,60.92,0.04,39.03
2021-08-17T00:00:00.000Z,7570,5899672,63.44,5131,5461403,58.73,83315,1138468,12.24,0,0,0,60.96,0.04,39
2021-08-18T00:00:00.000Z,8636,5908308,63.53,4601,5466004,58.78,69264,1207732,12.99,0,0,0,60.99,0.04,38.96
2021-08-19T00:00:00.000Z,10076,5918384,63.64,5212,5471216,58.83,65973,1273705,13.7,0,0,0,61.03,0.04,38.92
2021-08-20T00:00:00.000Z,4765,5923149,63.69,2822,5474038,58.87,60448,1334153,14.35,0,0,0,61.05,0.05,38.9
2021-08-21T00:00:00.000Z,3494,5926643,63.73,1577,5475615,58.88,50723,1384876,14.89,0,0,0,61.06,0.05,38.89
2021-08-22T00:00:00.000Z,9821,5936464,63.84,4802,5480417,58.93,105101,1489977,16.02,0,0,0,61.12,0.04,38.84
2021-08-23T00:00:00.000Z,10928,5947392,63.96,4445,5484862,58.98,94016,1583993,17.03,0,0,0,61.17,0.04,38.79
2021-08-24T00:00:00.000Z,11719,5959111,64.08,4696,5489558,59.03,98543,1682536,18.09,0,0,0,61.23,0.04,38.73
2021-08-25T00:00:00.000Z,9617,5968728,64.18,4477,5494035,59.08,99528,1782064,19.16,0,0,0,61.29,0.04,38.67
2021-08-26T00:00:00.000Z,10108,5978836,64.29,5054,5499089,59.13,101215,1883279,20.25,0,0,0,61.36,0.03,38.61
2021-08-27T00:00:00.000Z,4325,5983161,64.34,2779,5501868,59.16,56691,1939970,20.86,0,0,0,61.35,0.04,38.61
2021-08-28T00:00:00.000Z,3697,5986858,64.38,1495,5503363,59.18,33538,1973508,21.22,0,0,0,61.4,0.04,38.57
2021-08-29T00:00:00.000Z,10324,5997182,64.49,5931,5509294,59.24,79532,2053040,22.08,0,0,0,61.46,0.03,38.5
2021-08-30T00:00:00.000Z,12334,6009516,64.62,7013,5516307,59.32,115991,2169031,23.32,0,0,0,61.53,0.03,38.44
2021-08-31T00:00:00.000Z,12076,6021592,64.75,6521,5522828,59.39,114866,2283897,24.56,0,0,0,61.6,0.03,38.37
2021-09-01T00:00:00.000Z,9034,6030626,64.85,6031,5528859,59.45,112478,2396375,25.77,0,0,0,61.43,0.03,38.54
2021-09-02T00:00:00.000Z,8785,6039411,64.94,7175,5536034,59.53,111527,2507902,26.97,0,0,0,61.49,0.03,38.48
2021-09-03T00:00:00.000Z,3747,6043158,64.99,4110,5540144,59.58,58881,2566783,27.6,0,0,0,61.56,0.03,38.42
2021-09-04T00:00:00.000Z,2691,6045849,65.01,2018,5542162,59.6,29945,2596728,27.92,0,0,0,61.59,0.03,38.38
2021-09-05T00:00:00.000Z,6995,6052844,65.09,6458,5548620,59.67,73318,2670046,28.71,0,0,0,61.68,0.03,38.29
2021-09-06T00:00:00.000Z,2831,6055675,65.12,2707,5551327,59.7,22794,2692840,28.96,0,0,0,61.77,0.03,38.2
2021-09-07T00:00:00.000Z,1198,6056873,65.13,877,5552204,59.71,5396,2698236,29.02,0,0,0,61.85,0.03,38.12
2021-09-08T00:00:00.000Z,1379,6058252,65.15,1191,5553395,59.72,6620,2704856,29.09,0,0,0,61.93,0.03,38.05
2021-09-09T00:00:00.000Z,7087,6065339,65.22,12567,5565962,59.85,73839,2778695,29.88,0,0,0,62.02,0.03,37.95
2021-09-10T00:00:00.000Z,3256,6068595,65.26,5013,5570975,59.91,37932,2816627,30.29,0,0,0,62.06,0.03,37.91
2021-09-11T00:00:00.000Z,2107,6070702,65.28,2502,5573477,59.93,14815,2831442,30.45,0,0,0,62.08,0.03,37.89
2021-09-12T00:00:00.000Z,6109,6076811,65.35,8584,5582061,60.03,54127,2885569,31.03,0,0,0,62.16,0.03,37.81
2021-09-13T00:00:00.000Z,5610,6082421,65.41,8255,5590316,60.12,47977,2933546,31.55,0,0,0,62.15,0.03,37.82
2021-09-14T00:00:00.000Z,4957,6087378,65.46,7416,5597732,60.2,48849,2982395,32.07,0,0,0,62.2,0.03,37.77
2021-09-15T00:00:00.000Z,1747,6089125,65.48,2713,5600445,60.22,16685,2999080,32.25,0,0,0,62.25,0.03,37.72
2021-09-16T00:00:00.000Z,340,6089465,65.48,547,5600992,60.23,1740,3000820,32.27,0,0,0,62.37,0.03,37.6
2021-09-17T00:00:00.000Z,3680,6093145,65.52,7014,5608006,60.31,42901,3043721,32.73,0,0,0,62.42,0.03,37.54
2021-09-18T00:00:00.000Z,2255,6095400,65.55,2941,5610947,60.34,12782,3056503,32.87,0,0,0,62.45,0.03,37.52
2021-09-19T00:00:00.000Z,5941,6101341,65.61,10709,5621656,60.45,44327,3100830,33.34,0,0,0,62.55,0.03,37.42
2021-09-20T00:00:00.000Z,3244,6104585,65.65,4641,5626297,60.5,16704,3117534,33.52,0,0,0,62.63,0.03,37.34
2021-09-21T00:00:00.000Z,1337,6105922,65.66,2055,5628352,60.52,3474,3121008,33.56,0,0,0,62.69,0.03,37.28
2021-09-22T00:00:00.000Z,4255,6110177,65.71,7247,5635599,60.6,25069,3146077,33.83,0,0,0,62.72,0.03,37.25
2021-09-23T00:00:00.000Z,4386,6114563,65.75,5908,5641507,60.67,27832,3173909,34.13,0,0,0,62.75,0.03,37.22
2021-09-24T00:00:00.000Z,3199,6117762,65.79,4183,5645690,60.71,27719,3201628,34.43,0,0,0,62.82,0.03,37.15
2021-09-25T00:00:00.000Z,2074,6119836,65.81,2258,5647948,60.74,10440,3212068,34.54,0,0,0,62.85,0.03,37.12
2021-09-26T00:00:00.000Z,5604,6125440,65.87,5970,5653918,60.8,36263,3248331,34.93,0,0,0,62.96,0.03,37
2021-09-27T00:00:00.000Z,4691,6130131,65.92,4466,5658384,60.85,30450,3278781,35.26,0,0,0,63.02,0.03,36.94
2021-09-28T00:00:00.000Z,1469,6131600,65.94,1179,5659563,60.86,6249,3285030,35.33,0,0,0,63.06,0.04,36.91
2021-09-29T00:00:00.000Z,9620,6141220,66.04,8343,5667906,60.95,60322,3345352,35.97,0,0,0,63.13,0.03,36.84
2021-09-30T00:00:00.000Z,10971,6152191,66.16,8571,5676477,61.04,79687,3425039,36.83,0,0,0,63.18,0.03,36.79
2021-10-01T00:00:00.000Z,5119,6157310,66.21,3872,5680349,61.08,46539,3471578,37.33,0,0,0,63.23,0.03,36.73
2021-10-02T00:00:00.000Z,2861,6160171,66.24,2123,5682472,61.11,22429,3494007,37.57,0,0,0,63.26,0.03,36.71
2021-10-03T00:00:00.000Z,11667,6171838,66.37,7272,5689744,61.18,70723,3564730,38.33,0,0,0,63.35,0.03,36.62
2021-10-04T00:00:00.000Z,10316,6182154,66.48,6756,5696500,61.26,51905,3616635,38.89,0,0,0,63.4,0.03,36.57
2021-10-05T00:00:00.000Z,8459,6190613,66.57,5308,5701808,61.31,40474,3657109,39.33,0,0,0,63.41,0.03,36.55
2021-10-06T00:00:00.000Z,7539,6198152,66.65,4177,5705985,61.36,34136,3691245,39.69,0,0,0,63.52,0.03,36.45
2021-10-07T00:00:00.000Z,6891,6205043,66.73,4006,5709991,61.4,34058,3725303,40.06,0,0,0,63.63,0.03,36.34
2021-10-08T00:00:00.000Z,3085,6208128,66.76,2639,5712630,61.43,19245,3744548,40.27,0,0,0,63.68,0.03,36.29
2021-10-09T00:00:00.000Z,1336,6209464,66.77,1441,5714071,61.45,7440,3751988,40.35,0,0,0,63.71,0.03,36.26
2021-10-10T00:00:00.000Z,4674,6214138,66.82,3743,5717814,61.49,21516,3773504,40.58,0,0,0,63.82,0.04,36.14
2021-10-11T00:00:00.000Z,4296,6218434,66.87,2942,5720756,61.52,17261,3790765,40.76,0,0,0,63.91,0.04,36.05
2021-10-12T00:00:00.000Z,3972,6222406,66.91,3003,5723759,61.55,15355,3806120,40.93,0,0,0,63.99,0.05,35.96
2021-10-13T00:00:00.000Z,3482,6225888,66.95,2447,5726206,61.58,13583,3819703,41.08,0,0,0,64.09,0.05,35.86
2021-10-14T00:00:00.000Z,3867,6229755,66.99,2682,5728888,61.61,16565,3836268,41.25,0,0,0,64.19,0.06,35.75
2021-10-15T00:00:00.000Z,1700,6231455,67.01,1680,5730568,61.62,9006,3845274,41.35,0,0,0,64.23,0.07,35.7
2021-10-16T00:00:00.000Z,725,6232180,67.02,953,5731521,61.63,4034,3849308,41.39,0,0,0,64.25,0.08,35.67
2021-10-17T00:00:00.000Z,3088,6235268,67.05,2522,5734043,61.66,12793,3862101,41.53,0,0,0,64.36,0.09,35.56
2021-10-18T00:00:00.000Z,2455,6237723,67.08,1684,5735727,61.68,10066,3872167,41.64,0,0,0,64.43,0.1,35.47
2021-10-19T00:00:00.000Z,2395,6240118,67.1,1278,5737005,61.69,9296,3881463,41.74,0,0,0,64.49,0.1,35.4
2021-10-20T00:00:00.000Z,2432,6242550,67.13,2302,5739307,61.72,10092,3891555,41.85,0,0,0,64.14,0.52,35.34
2021-10-21T00:00:00.000Z,3031,6245581,67.16,3090,5742397,61.75,12161,3903716,41.98,0,0,0,54.23,10.41,35.36
2021-10-22T00:00:00.000Z,1273,6246854,67.18,1429,5743826,61.77,5828,3909544,42.04,0,0,0,54.36,10.26,35.38
2021-10-23T00:00:00.000Z,571,6247425,67.18,1262,5745088,61.78,2560,3912104,42.07,0,0,0,54.42,10.19,35.39
2021-10-24T00:00:00.000Z,2514,6249939,67.21,2652,5747740,61.81,9852,3921956,42.17,0,0,0,54.22,10.43,35.35
2021-10-25T00:00:00.000Z,2634,6252573,67.24,2743,5750483,61.84,8504,3930460,42.27,0,0,0,54.59,10.22,35.19
2021-10-26T00:00:00.000Z,2376,6254949,67.26,2050,5752533,61.86,8517,3938977,42.36,0,0,0,54.64,10.26,35.1
2021-10-27T00:00:00.000Z,2286,6257235,67.29,2561,5755094,61.89,7950,3946927,42.44,0,0,0,54.58,10.37,35.06
2021-10-28T00:00:00.000Z,2498,6259733,67.31,2773,5757867,61.92,8662,3955589,42.54,0,0,0,54.69,10.76,34.55
2021-10-29T00:00:00.000Z,898,6260631,67.32,1148,5759015,61.93,4131,3959720,42.58,0,0,0,54.73,10.75,34.52
2021-10-30T00:00:00.000Z,364,6260995,67.33,529,5759544,61.94,1709,3961429,42.6,0,0,0,54.68,10.81,34.52
2021-10-31T00:00:00.000Z,2260,6263255,67.35,2492,5762036,61.96,8251,3969680,42.69,0,0,0,54.83,10.7,34.47
2021-11-01T00:00:00.000Z,1734,6264989,67.37,2090,5764126,61.98,6477,3976157,42.76,0,0,0,54.95,10.63,34.42
2021-11-02T00:00:00.000Z,2024,6267013,67.39,2042,5766168,62.01,6288,3982445,42.83,0,0,0,54.89,10.69,34.42
2021-11-03T00:00:00.000Z,1759,6268772,67.41,1891,5768059,62.03,5552,3987997,42.88,0,0,0,54.86,10.75,34.39
2021-11-04T00:00:00.000Z,2106,6270878,67.43,2800,5770859,62.06,7125,3995122,42.96,0,0,0,54.85,10.81,34.33
2021-11-05T00:00:00.000Z,783,6271661,67.44,902,5771761,62.07,3477,3998599,43,0,0,0,54.85,10.83,34.32
2021-11-06T00:00:00.000Z,345,6272006,67.45,384,5772145,62.07,1371,3999970,43.01,0,0,0,54.82,10.86,34.32
2021-11-07T00:00:00.000Z,1578,6273584,67.46,1768,5773913,62.09,6132,4006102,43.08,0,0,0,54.92,10.8,34.28
2021-11-08T00:00:00.000Z,1518,6275102,67.48,1601,5775514,62.11,5405,4011507,43.14,0,0,0,55.01,10.75,34.24
2021-11-09T00:00:00.000Z,1428,6276530,67.49,1604,5777118,62.12,5328,4016835,43.2,0,0,0,55.05,10.74,34.21
2021-11-10T00:00:00.000Z,1421,6277951,67.51,1655,5778773,62.14,4776,4021611,43.25,0,0,0,55.08,10.73,34.19
2021-11-11T00:00:00.000Z,1625,6279576,67.53,1942,5780715,62.16,5709,4027320,43.31,0,0,0,55.15,10.69,34.15
2021-11-12T00:00:00.000Z,632,6280208,67.53,821,5781536,62.17,2920,4030240,43.34,0,0,0,55.17,10.69,34.14
2021-11-13T00:00:00.000Z,254,6280462,67.54,285,5781821,62.17,1127,4031367,43.35,0,0,0,55.14,10.72,34.14
2021-11-14T00:00:00.000Z,1537,6281999,67.55,1636,5783457,62.19,5108,4036475,43.41,0,0,0,55.21,10.68,34.11
2021-11-15T00:00:00.000Z,1273,6283272,67.57,1619,5785076,62.21,4766,4041241,43.46,0,0,0,55.28,10.63,34.09
2021-11-16T00:00:00.000Z,1270,6284542,67.58,1412,5786488,62.22,4342,4045583,43.5,0,0,0,55.32,10.62,34.07
2021-11-17T00:00:00.000Z,1203,6285745,67.59,1559,5788047,62.24,3910,4049493,43.55,0,0,0,55.35,10.6,34.05
2021-11-18T00:00:00.000Z,1360,6287105,67.61,1687,5789734,62.26,5005,4054498,43.6,0,0,0,55.41,10.58,34.02
2021-11-19T00:00:00.000Z,588,6287693,67.61,760,5790494,62.27,2451,4056949,43.63,0,0,0,55.42,10.57,34.01
2021-11-20T00:00:00.000Z,236,6287929,67.62,254,5790748,62.27,927,4057876,43.64,0,0,0,55.41,10.58,34
2021-11-21T00:00:00.000Z,1410,6289339,67.63,1538,5792286,62.29,4875,4062751,43.69,0,0,0,55.47,10.54,33.98
2021-11-22T00:00:00.000Z,1680,6291019,67.65,1517,5793803,62.3,4234,4066985,43.73,0,0,0,55.54,10.5,33.96
2021-11-23T00:00:00.000Z,8620,6299639,67.74,1680,5795483,62.32,4000,4070985,43.78,0,0,0,55.57,10.48,33.95
2021-11-24T00:00:00.000Z,9348,6308987,67.84,1315,5796798,62.34,3919,4074904,43.82,0,0,0,55.6,10.44,33.95
2021-11-25T00:00:00.000Z,9811,6318798,67.95,1600,5798398,62.35,4833,4079737,43.87,0,0,0,55.64,10.43,33.93
2021-11-26T00:00:00.000Z,5611,6324409,68.01,746,5799144,62.36,2797,4082534,43.9,0,0,0,55.63,10.45,33.92
2021-11-27T00:00:00.000Z,4778,6329187,68.06,323,5799467,62.36,1161,4083695,43.91,0,0,0,55.62,10.46,33.92
2021-11-28T00:00:00.000Z,10149,6339336,68.17,1475,5800942,62.38,4898,4088593,43.97,0,0,0,55.67,10.43,33.9
2021-11-29T00:00:00.000Z,9041,6348377,68.27,1130,5802072,62.39,4367,4092960,44.01,0,0,0,55.73,10.39,33.88
2021-11-30T00:00:00.000Z,10043,6358420,68.38,1033,5803105,62.4,4083,4097043,44.06,0,0,0,55.77,10.37,33.86
2021-12-01T00:00:00.000Z,8624,6367044,68.47,1093,5804198,62.42,4436,4101479,44.11,5,5,0,55.79,10.36,33.84
2021-12-02T00:00:00.000Z,9173,6376217,68.57,1451,5805649,62.43,5118,4106597,44.16,6,11,0,55.84,10.34,33.82
2021-12-03T00:00:00.000Z,6331,6382548,68.63,670,5806319,62.44,2864,4109461,44.19,1,12,0,55.86,10.33,33.81
2021-12-04T00:00:00.000Z,2508,6385056,68.66,233,5806552,62.44,917,4110378,44.2,3,15,0,55.85,10.34,33.81
2021-12-05T00:00:00.000Z,8333,6393389,68.75,1253,5807805,62.45,4679,4115057,44.25,1,16,0,55.9,10.31,33.79
2021-12-06T00:00:00.000Z,6723,6400112,68.82,1196,5809001,62.47,4346,4119403,44.3,4,20,0,55.95,10.27,33.78
2021-12-07T00:00:00.000Z,5553,6405665,68.88,1499,5810500,62.48,3959,4123362,44.34,9,29,0,55.99,10.25,33.76
2021-12-08T00:00:00.000Z,4931,6410596,68.94,1198,5811698,62.5,3874,4127236,44.38,10,39,0,56.03,10.22,33.75
2021-12-09T00:00:00.000Z,6236,6416832,69,1236,5812934,62.51,4501,4131737,44.43,8,47,0,56.08,10.19,33.73
2021-12-10T00:00:00.000Z,3005,6419837,69.04,700,5813634,62.52,2678,4134415,44.46,4,51,0,56.1,10.18,33.72
2021-12-11T00:00:00.000Z,1491,6421328,69.05,251,5813885,62.52,1013,4135428,44.47,0,51,0,56.1,10.18,33.71
2021-12-12T00:00:00.000Z,7272,6428600,69.13,1443,5815328,62.54,5246,4140674,44.53,3,54,0,56.16,10.15,33.69
2021-12-13T00:00:00.000Z,6177,6434777,69.2,1373,5816701,62.55,4347,4145021,44.57,5,59,0,56.21,10.11,33.67
2021-12-14T00:00:00.000Z,7316,6442093,69.28,6100,5822801,62.62,4930,4149951,44.63,12,71,0,56.27,10.09,33.65
2021-12-15T00:00:00.000Z,7203,6449296,69.35,7403,5830204,62.7,5439,4155390,44.69,7,78,0,56.34,10.06,33.6
2021-12-16T00:00:00.000Z,8079,6457375,69.44,8609,5838813,62.79,6556,4161946,44.76,8,86,0,56.53,10.05,33.42
2021-12-17T00:00:00.000Z,4404,6461779,69.49,5138,5843951,62.84,3948,4165894,44.8,3,89,0,56.64,10.05,33.3
2021-12-18T00:00:00.000Z,3940,6465719,69.53,2913,5846864,62.87,1353,4167247,44.81,2,91,0,56.73,10.07,33.2
2021-12-19T00:00:00.000Z,6980,6472699,69.6,9331,5856195,62.97,6270,4173517,44.88,5,96,0,56.92,10.04,33.04
2021-12-20T00:00:00.000Z,7968,6480667,69.69,7517,5863712,63.06,5438,4178955,44.94,9,105,0,57.07,10.02,32.91
2021-12-21T00:00:00.000Z,9545,6490212,69.79,8647,5872359,63.15,6481,4185436,45.01,8,113,0,57.27,10.01,32.71
2021-12-22T00:00:00.000Z,9664,6499876,69.9,8151,5880510,63.24,6244,4191680,45.08,12,125,0,57.49,10,32.52
2021-12-23T00:00:00.000Z,11538,6511414,70.02,10262,5890772,63.35,8141,4199821,45.16,16,141,0,57.7,9.97,32.33
2021-12-24T00:00:00.000Z,5870,6517284,70.08,6240,5897012,63.41,5275,4205096,45.22,12,153,0,57.83,9.96,32.21
2021-12-25T00:00:00.000Z,3338,6520622,70.12,2565,5899577,63.44,2021,4207117,45.24,6,159,0,57.9,9.96,32.15
2021-12-26T00:00:00.000Z,10653,6531275,70.23,8907,5908484,63.54,8196,4215313,45.33,8,167,0,58.1,9.92,31.98
2021-12-27T00:00:00.000Z,10368,6541643,70.35,7145,5915629,63.61,8182,4223495,45.42,21,188,0,58.27,9.9,31.83
2021-12-28T00:00:00.000Z,11374,6553017,70.47,7451,5923080,63.69,9630,4233125,45.52,24,212,0,58.46,9.88,31.66
2021-12-29T00:00:00.000Z,9934,6562951,70.57,5960,5929040,63.76,8364,4241489,45.61,17,229,0,58.64,9.85,31.51
2021-12-30T00:00:00.000Z,11011,6573962,70.69,7735,5936775,63.84,12237,4253726,45.74,10,239,0,58.84,9.82,31.34
2021-12-31T00:00:00.000Z,4829,6578791,70.75,3671,5940446,63.88,7293,4261019,45.82,135,374,0,58.9,9.79,31.3
2022-01-01T00:00:00.000Z,1992,6580783,70.77,1591,5942037,63.9,2741,4263760,45.85,65,439,0,58.93,9.79,31.28
2022-01-02T00:00:00.000Z,10215,6590998,70.88,6486,5948523,63.97,13000,4276760,45.99,590,1029,0.01,59.14,9.76,31.1
2022-01-03T00:00:00.000Z,9382,6600380,70.98,5257,5953780,64.02,11329,4288089,46.11,25055,26084,0.28,59.29,9.71,31
2022-01-04T00:00:00.000Z,8967,6609347,71.07,5945,5959725,64.09,10519,4298608,46.23,50655,76739,0.83,59.46,9.68,30.86
2022-01-05T00:00:00.000Z,8552,6617899,71.17,5737,5965462,64.15,10488,4309096,46.34,59582,136321,1.47,59.56,9.65,30.79
2022-01-06T00:00:00.000Z,10339,6628238,71.28,7959,5973421,64.24,13526,4322622,46.48,63994,200315,2.15,59.81,9.63,30.56
2022-01-07T00:00:00.000Z,4759,6632997,71.33,4556,5977977,64.28,8152,4330774,46.57,31135,231450,2.49,59.89,9.61,30.49
2022-01-08T00:00:00.000Z,2750,6635747,71.36,2451,5980428,64.31,5499,4336273,46.63,27628,259078,2.79,59.9,9.64,30.46
2022-01-09T00:00:00.000Z,9306,6645053,71.46,7721,5988149,64.39,11864,4348137,46.76,66763,325841,3.5,60.06,9.59,30.35
2022-01-10T00:00:00.000Z,8352,6653405,71.55,7644,5995793,64.48,11872,4360009,46.89,64765,390606,4.2,60.21,9.54,30.25
2022-01-11T00:00:00.000Z,8102,6661507,71.63,8620,6004413,64.57,11966,4371975,47.01,56656,447262,4.81,60.38,9.49,30.13
2022-01-12T00:00:00.000Z,7276,6668783,71.71,8303,6012716,64.66,11110,4383085,47.13,44628,491890,5.29,60.51,9.45,30.04
2022-01-13T00:00:00.000Z,7510,6676293,71.79,9614,6022330,64.76,11537,4394622,47.26,34760,526650,5.66,60.7,9.35,29.94
2022-01-14T00:00:00.000Z,2555,6678848,71.82,4931,6027261,64.81,6140,4400762,47.32,11140,537790,5.78,60.79,9.31,29.9
2022-01-15T00:00:00.000Z,1466,6680314,71.84,3166,6030427,64.85,3881,4404643,47.37,5715,543505,5.84,60.83,9.29,29.87
2022-01-16T00:00:00.000Z,3818,6684132,71.88,8523,6038950,64.94,7680,4412323,47.45,19990,563495,6.06,60.97,9.2,29.82
2022-01-17T00:00:00.000Z,2808,6686940,71.91,7045,6045995,65.02,6168,4418491,47.51,17831,581326,6.25,61.09,9.13,29.78
2022-01-18T00:00:00.000Z,2476,6689416,71.93,7383,6053378,65.09,5525,4424016,47.57,14814,596140,6.41,61.23,9.07,29.7
2022-01-19T00:00:00.000Z,1914,6691330,71.96,6363,6059741,65.16,4517,4428533,47.62,8459,604599,6.5,61.37,8.98,29.65
2022-01-20T00:00:00.000Z,1778,6693108,71.97,6966,6066707,65.24,4787,4433320,47.67,8040,612639,6.59,61.44,8.85,29.71
2022-01-21T00:00:00.000Z,904,6694012,71.98,3725,6070432,65.28,2637,4435957,47.7,3358,615997,6.62,61.51,8.81,29.68
2022-01-22T00:00:00.000Z,328,6694340,71.99,1461,6071893,65.29,1062,4437019,47.71,1113,617110,6.64,61.51,8.75,29.74
2022-01-23T00:00:00.000Z,1066,6695406,72,5630,6077523,65.35,2873,4439892,47.74,6082,623192,6.7,61.61,8.7,29.69
2022-01-24T00:00:00.000Z,757,6696163,72.01,4481,6082004,65.4,2260,4442152,47.77,5054,628246,6.76,61.73,8.62,29.65
2022-01-25T00:00:00.000Z,741,6696904,72.02,4399,6086403,65.45,2173,4444325,47.79,7102,635348,6.83,61.9,8.51,29.59
2022-01-26T00:00:00.000Z,614,6697518,72.02,3284,6089687,65.49,1604,4445929,47.81,4261,639609,6.88,62.02,8.42,29.57
2022-01-27T00:00:00.000Z,797,6698315,72.03,4405,6094092,65.53,2001,4447930,47.83,5440,645049,6.94,62.12,8.35,29.52
2022-01-28T00:00:00.000Z,395,6698710,72.03,2375,6096467,65.56,1174,4449104,47.84,3449,648498,6.97,62.16,8.33,29.5
2022-01-29T00:00:00.000Z,124,6698834,72.04,1045,6097512,65.57,424,4449528,47.85,1162,649660,6.99,62.23,8.29,29.48
2022-01-30T00:00:00.000Z,769,6699603,72.04,4719,6102231,65.62,2016,4451544,47.87,8098,657758,7.07,62.3,8.24,29.46
2022-01-31T00:00:00.000Z,528,6700131,72.05,3184,6105415,65.65,1608,4453152,47.89,6472,664230,7.14,62.39,8.17,29.43
2022-02-01T00:00:00.000Z,478,6700609,72.06,2805,6108220,65.68,1519,4454671,47.9,5721,669951,7.2,62.45,8.15,29.4
2022-02-02T00:00:00.000Z,373,6700982,72.06,2392,6110612,65.71,1381,4456052,47.92,5074,675025,7.26,62.28,8.13,29.59
2022-02-03T00:00:00.000Z,445,6701427,72.06,2775,6113387,65.74,1457,4457509,47.93,5606,680631,7.32,62.34,8.08,29.57
2022-02-04T00:00:00.000Z,174,6701601,72.07,989,6114376,65.75,753,4458262,47.94,2455,683086,7.35,62.37,8.06,29.57
2022-02-05T00:00:00.000Z,62,6701663,72.07,340,6114716,65.75,216,4458478,47.94,420,683506,7.35,62.34,8.09,29.56
2022-02-06T00:00:00.000Z,407,6702070,72.07,2320,6117036,65.78,1343,4459821,47.96,5685,689191,7.41,62.41,8.05,29.55
2022-02-07T00:00:00.000Z,282,6702352,72.07,1306,6118342,65.79,981,4460802,47.97,5960,695151,7.48,62.47,8.01,29.52
2022-02-08T00:00:00.000Z,317,6702669,72.08,1498,6119840,65.81,1065,4461867,47.98,6137,701288,7.54,62.54,7.97,29.49
2022-02-09T00:00:00.000Z,253,6702922,72.08,1102,6120942,65.82,941,4462808,47.99,4570,705858,7.59,62.6,7.95,29.45
2022-02-10T00:00:00.000Z,270,6703192,72.08,1293,6122235,65.84,932,4463740,48,4815,710673,7.64,62.63,7.93,29.44
2022-02-11T00:00:00.000Z,211,6703403,72.09,557,6122792,65.84,514,4464254,48.01,2538,713211,7.67,62.67,7.91,29.42
2022-02-12T00:00:00.000Z,31,6703434,72.09,90,6122882,65.84,128,4464382,48.01,269,713480,7.67,62.67,7.91,29.41
2022-02-13T00:00:00.000Z,286,6703720,72.09,945,6123827,65.85,964,4465346,48.02,4996,718476,7.73,62.73,7.87,29.39
2022-02-14T00:00:00.000Z,179,6703899,72.09,626,6124453,65.86,749,4466095,48.03,3143,721619,7.76,62.89,7.74,29.36
2022-02-15T00:00:00.000Z,265,6704164,72.09,764,6125217,65.87,931,4467026,48.04,3816,725435,7.8,62.92,7.73,29.35
2022-02-16T00:00:00.000Z,179,6704343,72.1,577,6125794,65.87,801,4467827,48.04,2487,727922,7.83,62.95,7.72,29.34
2022-02-17T00:00:00.000Z,246,6704589,72.1,738,6126532,65.88,771,4468598,48.05,3060,730982,7.86,62.96,7.7,29.34
2022-02-18T00:00:00.000Z,131,6704720,72.1,337,6126869,65.89,433,4469031,48.06,1118,732100,7.87,62.98,7.69,29.33
2022-02-19T00:00:00.000Z,33,6704753,72.1,83,6126952,65.89,80,4469111,48.06,79,732179,7.87,62.99,7.69,29.32
2022-02-20T00:00:00.000Z,202,6704955,72.1,604,6127556,65.89,717,4469828,48.07,2574,734753,7.9,63.01,7.67,29.32
2022-02-21T00:00:00.000Z,173,6705128,72.1,412,6127968,65.9,488,4470316,48.07,1542,736295,7.92,63.04,7.65,29.31
2022-02-22T00:00:00.000Z,158,6705286,72.11,454,6128422,65.9,562,4470878,48.08,1870,738165,7.94,63.05,7.65,29.3
2022-02-23T00:00:00.000Z,108,6705394,72.11,352,6128774,65.91,451,4471329,48.08,1153,739318,7.95,63.06,7.65,29.29
2022-02-24T00:00:00.000Z,138,6705532,72.11,457,6129231,65.91,563,4471892,48.09,1492,740810,7.97,63.05,7.66,29.29
2022-02-25T00:00:00.000Z,59,6705591,72.11,141,6129372,65.91,188,4472080,48.09,455,741265,7.97,63.06,7.66,29.28
2022-02-26T00:00:00.000Z,15,6705606,72.11,28,6129400,65.91,156,4472236,48.09,35,741300,7.97,63.05,7.67,29.28
2022-02-27T00:00:00.000Z,111,6705717,72.11,341,6129741,65.92,448,4472684,48.1,1118,742418,7.98,63.05,7.67,29.28
2022-02-28T00:00:00.000Z,109,6705826,72.11,271,6130012,65.92,420,4473104,48.1,906,743324,7.99,63.07,7.65,29.28
2022-03-01T00:00:00.000Z,95,6705921,72.11,280,6130292,65.92,372,4473476,48.11,796,744120,8,63.1,7.63,29.27
2022-03-02T00:00:00.000Z,77,6705998,72.11,198,6130490,65.92,323,4473799,48.11,696,744816,8.01,63.11,7.62,29.27
2022-03-03T00:00:00.000Z,156,6706154,72.11,369,6130859,65.93,496,4474295,48.11,986,745802,8.02,63.05,7.67,29.27
2022-03-04T00:00:00.000Z,53,6706207,72.12,169,6131028,65.93,166,4474461,48.12,227,746029,8.02,63.05,7.68,29.27
2022-03-05T00:00:00.000Z,4,6706211,72.12,25,6131053,65.93,43,4474504,48.12,32,746061,8.02,63.04,7.69,29.27
2022-03-06T00:00:00.000Z,98,6706309,72.12,258,6131311,65.93,416,4474920,48.12,759,746820,8.03,63.04,7.69,29.27
2022-03-07T00:00:00.000Z,87,6706396,72.12,259,6131570,65.94,346,4475266,48.12,604,747424,8.04,63.05,7.69,29.26
2022-03-08T00:00:00.000Z,98,6706494,72.12,263,6131833,65.94,333,4475599,48.13,550,747974,8.04,63.04,7.7,29.26
2022-03-09T00:00:00.000Z,89,6706583,72.12,212,6132045,65.94,332,4475931,48.13,492,748466,8.05,63.02,7.72,29.25
2022-03-10T00:00:00.000Z,114,6706697,72.12,373,6132418,65.94,426,4476357,48.14,616,749082,8.06,63.01,7.74,29.25
2022-03-11T00:00:00.000Z,24,6706721,72.12,86,6132504,65.95,122,4476479,48.14,144,749226,8.06,63,7.75,29.25
2022-03-12T00:00:00.000Z,10,6706731,72.12,10,6132514,65.95,31,4476510,48.14,28,749254,8.06,62.98,7.77,29.24
2022-03-13T00:00:00.000Z,100,6706831,72.12,271,6132785,65.95,358,4476868,48.14,595,749849,8.06,62.98,7.78,29.24
2022-03-14T00:00:00.000Z,65,6706896,72.12,252,6133037,65.95,316,4477184,48.15,559,750408,8.07,62.98,7.78,29.24
2022-03-15T00:00:00.000Z,79,6706975,72.12,183,6133220,65.95,291,4477475,48.15,589,750997,8.08,62.95,7.81,29.24
2022-03-16T00:00:00.000Z,76,6707051,72.12,205,6133425,65.96,301,4477776,48.15,667,751664,8.08,62.94,7.82,29.24
2022-03-17T00:00:00.000Z,65,6707116,72.13,121,6133546,65.96,286,4478062,48.15,613,752277,8.09,62.94,7.82,29.24
2022-03-18T00:00:00.000Z,19,6707135,72.13,54,6133600,65.96,99,4478161,48.16,234,752511,8.09,62.94,7.82,29.24
2022-03-19T00:00:00.000Z,5,6707140,72.13,10,6133610,65.96,27,4478188,48.16,39,752550,8.09,62.89,7.88,29.23
2022-03-20T00:00:00.000Z,119,6707259,72.13,258,6133868,65.96,486,4478674,48.16,1428,753978,8.11,62.87,7.89,29.23
2022-03-21T00:00:00.000Z,97,6707356,72.13,246,6134114,65.96,376,4479050,48.17,1132,755110,8.12,62.87,7.9,29.23
2022-03-22T00:00:00.000Z,140,6707496,72.13,340,6134454,65.97,505,4479555,48.17,1770,756880,8.14,62.84,7.94,29.23
2022-03-23T00:00:00.000Z,108,6707604,72.13,211,6134665,65.97,461,4480016,48.18,1675,758555,8.16,62.81,7.97,29.22
2022-03-24T00:00:00.000Z,174,6707778,72.13,345,6135010,65.97,767,4480783,48.18,2361,760916,8.18,62.78,8,29.22
2022-03-25T00:00:00.000Z,38,6707816,72.13,80,6135090,65.97,156,4480939,48.19,628,761544,8.19,62.78,8,29.23
2022-03-26T00:00:00.000Z,12,6707828,72.13,12,6135102,65.97,33,4480972,48.19,91,761635,8.19,62.77,8,29.22
2022-03-27T00:00:00.000Z,165,6707993,72.13,343,6135445,65.98,757,4481729,48.19,3192,764827,8.22,62.75,8.02,29.22
2022-03-28T00:00:00.000Z,113,6708106,72.14,270,6135715,65.98,621,4482350,48.2,2415,767242,8.25,62.75,8.03,29.22
2022-03-29T00:00:00.000Z,125,6708231,72.14,257,6135972,65.98,640,4482990,48.21,2770,770012,8.28,62.7,8.07,29.22
2022-03-30T00:00:00.000Z,132,6708363,72.14,207,6136179,65.99,538,4483528,48.21,2370,772382,8.31,62.81,8.11,29.07
2022-03-31T00:00:00.000Z,166,6708529,72.14,302,6136481,65.99,729,4484257,48.22,2851,775233,8.34,62.79,8.11,29.1
2022-04-01T00:00:00.000Z,122,6708651,72.14,160,6136641,65.99,275,4484532,48.22,584,775817,8.34,62.72,8.13,29.15
2022-04-02T00:00:00.000Z,6,6708657,72.14,6,6136647,65.99,36,4484568,48.22,52,775869,8.34,62.69,8.15,29.16
2022-04-03T00:00:00.000Z,159,6708816,72.14,269,6136916,65.99,569,4485137,48.23,2477,778346,8.37,62.65,8.16,29.19
2022-04-04T00:00:00.000Z,103,6708919,72.14,206,6137122,66,482,4485619,48.24,2220,780566,8.39,62.62,8.16,29.22
2022-04-05T00:00:00.000Z,122,6709041,72.15,219,6137341,66,513,4486132,48.24,2242,782808,8.42,62.57,8.19,29.25
2022-04-06T00:00:00.000Z,92,6709133,72.15,155,6137496,66,380,4486512,48.25,2018,784826,8.44,62.55,8.2,29.25
2022-04-07T00:00:00.000Z,190,6709323,72.15,215,6137711,66,641,4487153,48.25,2553,787379,8.47,62.56,8.2,29.24
2022-04-08T00:00:00.000Z,30,6709353,72.15,59,6137770,66,152,4487305,48.25,478,787857,8.47,62.54,8.22,29.23
2022-04-09T00:00:00.000Z,6,6709359,72.15,17,6137787,66,26,4487331,48.25,46,787903,8.47,62.52,8.25,29.23
2022-04-10T00:00:00.000Z,102,6709461,72.15,264,6138051,66.01,429,4487760,48.26,1845,789748,8.49,62.51,8.26,29.23
2022-04-11T00:00:00.000Z,78,6709539,72.15,201,6138252,66.01,370,4488130,48.26,1425,791173,8.51,62.54,8.26,29.2
2022-04-12T00:00:00.000Z,204,6709743,72.15,168,6138420,66.01,372,4488502,48.27,1359,792532,8.52,62.58,8.29,29.12
2022-04-13T00:00:00.000Z,119,6709862,72.15,150,6138570,66.01,296,4488798,48.27,1216,793748,8.54,62.58,8.31,29.1
2022-04-14T00:00:00.000Z,84,6709946,72.16,221,6138791,66.01,320,4489118,48.27,1068,794816,8.55,62.57,8.33,29.1
2022-04-15T00:00:00.000Z,9,6709955,72.16,51,6138842,66.01,47,4489165,48.27,81,794897,8.55,62.55,8.35,29.1
2022-04-16T00:00:00.000Z,3,6709958,72.16,8,6138850,66.01,21,4489186,48.27,29,794926,8.55,62.53,8.37,29.1
2022-04-17T00:00:00.000Z,62,6710020,72.16,131,6138981,66.02,228,4489414,48.28,807,795733,8.56,62.52,8.38,29.1
2022-04-18T00:00:00.000Z,69,6710089,72.16,107,6139088,66.02,251,4489665,48.28,749,796482,8.57,62.51,8.38,29.1
2022-04-19T00:00:00.000Z,60,6710149,72.16,143,6139231,66.02,273,4489938,48.28,841,797323,8.57,62.5,8.4,29.1
2022-04-20T00:00:00.000Z,60,6710209,72.16,117,6139348,66.02,235,4490173,48.29,653,797976,8.58,62.48,8.42,29.1
2022-04-21T00:00:00.000Z,52,6710261,72.16,107,6139455,66.02,193,4490366,48.29,479,798455,8.59,62.47,8.43,29.1
2022-04-22T00:00:00.000Z,2,6710263,72.16,16,6139471,66.02,19,4490385,48.29,16,798471,8.59,62.45,8.44,29.11
2022-04-23T00:00:00.000Z,6,6710269,72.16,9,6139480,66.02,14,4490399,48.29,13,798484,8.59,62.43,8.46,29.11
2022-04-24T00:00:00.000Z,92,6710361,72.16,250,6139730,66.02,329,4490728,48.29,870,799354,8.6,62.43,8.47,29.1
2022-04-25T00:00:00.000Z,105,6710466,72.16,191,6139921,66.03,315,4491043,48.29,738,800092,8.6,62.43,8.47,29.1
2022-04-26T00:00:00.000Z,75,6710541,72.16,175,6140096,66.03,302,4491345,48.3,787,800879,8.61,62.42,8.48,29.1
2022-04-27T00:00:00.000Z,55,6710596,72.16,160,6140256,66.03,227,4491572,48.3,638,801517,8.62,62.41,8.49,29.1
2022-04-28T00:00:00.000Z,96,6710692,72.16,232,6140488,66.03,327,4491899,48.3,869,802386,8.63,62.41,8.5,29.1
2022-04-29T00:00:00.000Z,110,6710802,72.16,159,6140647,66.03,182,4492081,48.31,195,802581,8.63,62.39,8.51,29.1
2022-04-30T00:00:00.000Z,1,6710803,72.16,3,6140650,66.03,24,4492105,48.31,21,802602,8.63,62.38,8.52,29.1
2022-05-01T00:00:00.000Z,135,6710938,72.17,185,6140835,66.04,316,4492421,48.31,630,803232,8.64,62.38,8.53,29.09
2022-05-02T00:00:00.000Z,62,6711000,72.17,153,6140988,66.04,235,4492656,48.31,489,803721,8.64,62.37,8.54,29.09
2022-05-03T00:00:00.000Z,72,6711072,72.17,151,6141139,66.04,287,4492943,48.31,505,804226,8.65,62.36,8.55,29.09
2022-05-04T00:00:00.000Z,23,6711095,72.17,55,6141194,66.04,63,4493006,48.32,126,804352,8.65,62.35,8.57,29.08
2022-05-05T00:00:00.000Z,4,6711099,72.17,1,6141195,66.04,6,4493012,48.32,11,804363,8.65,62.34,8.58,29.08
2022-05-06T00:00:00.000Z,19,6711118,72.17,59,6141254,66.04,64,4493076,48.32,151,804514,8.65,62.33,8.59,29.08
2022-05-07T00:00:00.000Z,1,6711119,72.17,6,6141260,66.04,25,4493101,48.32,24,804538,8.65,62.32,8.6,29.08
2022-05-08T00:00:00.000Z,118,6711237,72.17,207,6141467,66.04,270,4493371,48.32,457,804995,8.66,62.31,8.61,29.08
2022-05-09T00:00:00.000Z,59,6711296,72.17,162,6141629,66.04,251,4493622,48.32,503,805498,8.66,62.31,8.61,29.08
2022-05-10T00:00:00.000Z,131,6711427,72.17,168,6141797,66.05,260,4493882,48.33,508,806006,8.67,62.3,8.62,29.08
2022-05-11T00:00:00.000Z,58,6711485,72.17,116,6141913,66.05,180,4494062,48.33,463,806469,8.67,62.3,8.63,29.08
2022-05-12T00:00:00.000Z,119,6711604,72.17,200,6142113,66.05,276,4494338,48.33,663,807132,8.68,62.29,8.64,29.07
2022-05-13T00:00:00.000Z,11,6711615,72.17,42,6142155,66.05,70,4494408,48.33,110,807242,8.68,62.28,8.65,29.07
2022-05-14T00:00:00.000Z,6,6711621,72.17,12,6142167,66.05,10,4494418,48.33,22,807264,8.68,62.26,8.66,29.07
2022-05-15T00:00:00.000Z,89,6711710,72.17,174,6142341,66.05,245,4494663,48.33,664,807928,8.69,62.26,8.67,29.07
2022-05-16T00:00:00.000Z,68,6711778,72.18,141,6142482,66.05,230,4494893,48.34,508,808436,8.69,62.19,8.65,29.16
2022-05-17T00:00:00.000Z,73,6711851,72.18,153,6142635,66.05,268,4495161,48.34,616,809052,8.7,62.18,8.66,29.16
2022-05-18T00:00:00.000Z,43,6711894,72.18,98,6142733,66.06,169,4495330,48.34,445,809497,8.7,62.17,8.67,29.16
2022-05-19T00:00:00.000Z,64,6711958,72.18,170,6142903,66.06,211,4495541,48.34,499,809996,8.71,62.16,8.68,29.16
2022-05-20T00:00:00.000Z,74,6712032,72.18,113,6143016,66.06,127,4495668,48.34,138,810134,8.71,62.15,8.69,29.16
2022-05-21T00:00:00.000Z,4,6712036,72.18,7,6143023,66.06,13,4495681,48.34,18,810152,8.71,62.14,8.7,29.16
2022-05-22T00:00:00.000Z,87,6712123,72.18,188,6143211,66.06,216,4495897,48.35,425,810577,8.72,62.14,8.71,29.16
2022-05-23T00:00:00.000Z,64,6712187,72.18,120,6143331,66.06,155,4496052,48.35,343,810920,8.72,62.14,8.71,29.16
2022-05-24T00:00:00.000Z,43,6712230,72.18,119,6143450,66.06,155,4496207,48.35,394,811314,8.72,62.13,8.71,29.15
2022-05-25T00:00:00.000Z,61,6712291,72.18,103,6143553,66.06,165,4496372,48.35,337,811651,8.73,62.12,8.72,29.15
2022-05-26T00:00:00.000Z,72,6712363,72.18,136,6143689,66.07,184,4496556,48.35,348,811999,8.73,62.11,8.73,29.16
2022-05-27T00:00:00.000Z,11,6712374,72.18,28,6143717,66.07,43,4496599,48.35,59,812058,8.73,62.1,8.74,29.16
2022-05-28T00:00:00.000Z,1,6712375,72.18,4,6143721,66.07,7,4496606,48.35,12,812070,8.73,62.09,8.75,29.16
2022-05-29T00:00:00.000Z,89,6712464,72.18,152,6143873,66.07,163,4496769,48.36,314,812384,8.74,62.09,8.75,29.16
2022-05-30T00:00:00.000Z,56,6712520,72.18,133,6144006,66.07,125,4496894,48.36,291,812675,8.74,62.09,8.76,29.16
2022-05-31T00:00:00.000Z,45,6712565,72.18,104,6144110,66.07,153,4497047,48.36,351,813026,8.74,62.07,8.78,29.15
2022-06-01T00:00:00.000Z,63,6712628,72.18,90,6144200,66.07,117,4497164,48.36,276,813302,8.75,61.95,8.9,29.16
2022-06-02T00:00:00.000Z,77,6712705,72.19,156,6144356,66.07,176,4497340,48.36,255,813557,8.75,45.96,24.88,29.15
2022-06-03T00:00:00.000Z,10,6712715,72.19,23,6144379,66.07,21,4497361,48.36,32,813589,8.75,45.9,24.95,29.16
2022-06-04T00:00:00.000Z,0,6712715,72.19,7,6144386,66.07,8,4497369,48.36,5,813594,8.75,45.84,25,29.16
2022-06-05T00:00:00.000Z,11,6712726,72.19,14,6144400,66.07,7,4497376,48.36,2,813596,8.75,45.8,25.05,29.16
2022-06-06T00:00:00.000Z,58,6712784,72.19,144,6144544,66.08,162,4497538,48.36,261,813857,8.75,39.96,30.89,29.16
2022-06-07T00:00:00.000Z,54,6712838,72.19,133,6144677,66.08,141,4497679,48.37,375,814232,8.76,39.92,30.93,29.15
2022-06-08T00:00:00.000Z,57,6712895,72.19,105,6144782,66.08,130,4497809,48.37,496,814728,8.76,39.89,30.96,29.15
2022-06-09T00:00:00.000Z,84,6712979,72.19,206,6144988,66.08,234,4498043,48.37,641,815369,8.77,39.86,30.99,29.15
2022-06-10T00:00:00.000Z,14,6712993,72.19,51,6145039,66.08,59,4498102,48.37,138,815507,8.77,39.83,31.02,29.15
2022-06-11T00:00:00.000Z,0,6712993,72.19,3,6145042,66.08,7,4498109,48.37,19,815526,8.77,39.8,31.05,29.15
2022-06-12T00:00:00.000Z,109,6713102,72.19,199,6145241,66.08,191,4498300,48.37,767,816293,8.78,39.8,31.05,29.15
2022-06-13T00:00:00.000Z,81,6713183,72.19,142,6145383,66.08,166,4498466,48.37,625,816918,8.78,39.81,31.04,29.15
2022-06-14T00:00:00.000Z,116,6713299,72.19,173,6145556,66.09,208,4498674,48.38,759,817677,8.79,39.79,31.06,29.15
2022-06-15T00:00:00.000Z,72,6713371,72.19,141,6145697,66.09,208,4498882,48.38,697,818374,8.8,39.78,31.08,29.15
2022-06-16T00:00:00.000Z,93,6713464,72.19,136,6145833,66.09,217,4499099,48.38,742,819116,8.81,39.74,31.11,29.14
2022-06-17T00:00:00.000Z,16,6713480,72.19,63,6145896,66.09,52,4499151,48.38,123,819239,8.81,39.72,31.14,29.15
2022-06-18T00:00:00.000Z,3,6713483,72.19,4,6145900,66.09,11,4499162,48.38,15,819254,8.81,39.68,31.17,29.14
2022-06-19T00:00:00.000Z,115,6713598,72.19,207,6146107,66.09,317,4499479,48.39,877,820131,8.82,39.53,31.33,29.15
2022-06-20T00:00:00.000Z,99,6713697,72.2,152,6146259,66.09,306,4499785,48.39,922,821053,8.83,33.92,36.85,29.23
2022-06-21T00:00:00.000Z,94,6713791,72.2,154,6146413,66.1,375,4500160,48.39,1229,822282,8.84,33.58,37.19,29.23
2022-06-22T00:00:00.000Z,110,6713901,72.2,134,6146547,66.1,339,4500499,48.4,894,823176,8.85,33.28,37.49,29.23
2022-06-23T00:00:00.000Z,133,6714034,72.2,217,6146764,66.1,524,4501023,48.4,1146,824322,8.86,32.84,37.92,29.23
2022-06-24T00:00:00.000Z,19,6714053,72.2,35,6146799,66.1,109,4501132,48.4,207,824529,8.87,32.43,38.34,29.24
2022-06-25T00:00:00.000Z,1,6714054,72.2,1,6146800,66.1,12,4501144,48.4,16,824545,8.87,32.04,38.72,29.24
2022-06-26T00:00:00.000Z,107,6714161,72.2,158,6146958,66.1,379,4501523,48.41,933,825478,8.88,31.63,39.13,29.24
2022-06-27T00:00:00.000Z,86,6714247,72.2,172,6147130,66.1,391,4501914,48.41,1028,826506,8.89,31.29,39.47,29.24
2022-06-28T00:00:00.000Z,84,6714331,72.2,151,6147281,66.1,362,4502276,48.42,931,827437,8.9,30.86,39.91,29.24
2022-06-29T00:00:00.000Z,76,6714407,72.2,106,6147387,66.11,264,4502540,48.42,814,828251,8.91,30.48,40.28,29.24
2022-06-30T00:00:00.000Z,84,6714491,72.2,164,6147551,66.11,356,4502896,48.42,1057,829308,8.92,30.05,40.71,29.24
2022-07-01T00:00:00.000Z,21,6714512,72.2,28,6147579,66.11,55,4502951,48.42,77,829385,8.92,29.62,41.14,29.24
2022-07-02T00:00:00.000Z,0,6714512,72.2,2,6147581,66.11,7,4502958,48.42,18,829403,8.92,29.2,41.56,29.24
2022-07-03T00:00:00.000Z,98,6714610,72.21,177,6147758,66.11,320,4503278,48.43,637,830040,8.93,28.81,41.95,29.24
2022-07-04T00:00:00.000Z,76,6714686,72.21,140,6147898,66.11,277,4503555,48.43,747,830787,8.93,28.5,42.26,29.24
2022-07-05T00:00:00.000Z,58,6714744,72.21,142,6148040,66.11,301,4503856,48.43,688,831475,8.94,28.06,42.7,29.24
2022-07-06T00:00:00.000Z,78,6714822,72.21,124,6148164,66.11,211,4504067,48.43,644,832119,8.95,27.39,43.37,29.24
2022-07-07T00:00:00.000Z,82,6714904,72.21,163,6148327,66.12,267,4504334,48.44,721,832840,8.96,26.48,44.28,29.24
2022-07-08T00:00:00.000Z,17,6714921,72.21,33,6148360,66.12,68,4504402,48.44,131,832971,8.96,25.47,45.29,29.24
2022-07-09T00:00:00.000Z,0,6714921,72.21,1,6148361,66.12,2,4504404,48.44,1,832972,8.96,24.42,46.34,29.24
2022-07-10T00:00:00.000Z,88,6715009,72.21,164,6148525,66.12,229,4504633,48.44,470,833442,8.96,23.77,46.99,29.24
2022-07-11T00:00:00.000Z,64,6715073,72.21,140,6148665,66.12,247,4504880,48.44,571,834013,8.97,23.22,47.54,29.24
2022-07-12T00:00:00.000Z,69,6715142,72.21,128,6148793,66.12,207,4505087,48.45,556,834569,8.97,22.13,48.63,29.24
2022-07-13T00:00:00.000Z,43,6715185,72.21,101,6148894,66.12,164,4505251,48.45,488,835057,8.98,21.1,49.66,29.24
2022-07-14T00:00:00.000Z,69,6715254,72.21,147,6149041,66.12,208,4505459,48.45,512,835569,8.99,20.12,50.63,29.24
2022-07-15T00:00:00.000Z,61,6715315,72.21,84,6149125,66.12,127,4505586,48.45,166,835735,8.99,19.27,51.48,29.25
2022-07-16T00:00:00.000Z,0,6715315,72.21,6,6149131,66.12,7,4505593,48.45,7,835742,8.99,18.29,52.46,29.25
2022-07-17T00:00:00.000Z,76,6715391,72.21,183,6149314,66.13,241,4505834,48.45,468,836210,8.99,17.83,52.92,29.25
2022-07-18T00:00:00.000Z,62,6715453,72.21,157,6149471,66.13,206,4506040,48.46,510,836720,9,17.48,53.26,29.26
2022-07-19T00:00:00.000Z,61,6715514,72.22,147,6149618,66.13,174,4506214,48.46,368,837088,9,16.77,53.97,29.26
2022-07-20T00:00:00.000Z,52,6715566,72.22,133,6149751,66.13,136,4506350,48.46,421,837509,9.01,16.09,54.64,29.26
2022-07-21T00:00:00.000Z,62,6715628,72.22,157,6149908,66.13,176,4506526,48.46,341,837850,9.01,15.43,55.3,29.27
2022-07-22T00:00:00.000Z,10,6715638,72.22,36,6149944,66.13,43,4506569,48.46,56,837906,9.01,14.64,56.08,29.28
2022-07-23T00:00:00.000Z,0,6715638,72.22,3,6149947,66.13,4,4506573,48.46,9,837915,9.01,14.17,56.55,29.28
2022-07-24T00:00:00.000Z,58,6715696,72.22,126,6150073,66.13,196,4506769,48.46,363,838278,9.01,13.55,57.16,29.29
2022-07-25T00:00:00.000Z,48,6715744,72.22,107,6150180,66.14,171,4506940,48.47,336,838614,9.02,13.09,57.61,29.3
2022-07-26T00:00:00.000Z,47,6715791,72.22,99,6150279,66.14,110,4507050,48.47,270,838884,9.02,12.46,58.23,29.3
2022-07-27T00:00:00.000Z,44,6715835,72.22,124,6150403,66.14,131,4507181,48.47,242,839126,9.02,11.89,58.8,29.31
2022-07-28T00:00:00.000Z,62,6715897,72.22,140,6150543,66.14,147,4507328,48.47,220,839346,9.03,11.35,59.34,29.31
2022-07-29T00:00:00.000Z,10,6715907,72.22,25,6150568,66.14,27,4507355,48.47,30,839376,9.03,10.85,59.83,29.32
2022-07-30T00:00:00.000Z,0,6715907,72.22,0,6150568,66.14,1,4507356,48.47,1,839377,9.03,10.34,60.33,29.33
2022-07-31T00:00:00.000Z,56,6715963,72.22,134,6150702,66.14,131,4507487,48.47,252,839629,9.03,9.97,60.7,29.33
2022-08-01T00:00:00.000Z,54,6716017,72.22,75,6150777,66.14,88,4507575,48.47,152,839781,9.03,9.47,61.19,29.34
2022-08-02T00:00:00.000Z,111,6716128,72.22,119,6150896,66.14,155,4507730,48.47,264,840045,9.03,8.92,61.73,29.35
2022-08-03T00:00:00.000Z,76,6716204,72.22,70,6150966,66.14,92,4507822,48.47,178,840223,9.04,8.46,62.19,29.35
2022-08-04T00:00:00.000Z,133,6716337,72.22,134,6151100,66.15,111,4507933,48.48,246,840469,9.04,8.04,62.61,29.36
2022-08-05T00:00:00.000Z,30,6716367,72.22,23,6151123,66.15,13,4507946,48.48,23,840492,9.04,7.71,62.93,29.36
2022-08-06T00:00:00.000Z,1,6716368,72.22,2,6151125,66.15,1,4507947,48.48,5,840497,9.04,7.32,63.32,29.36
2022-08-07T00:00:00.000Z,84,6716452,72.23,96,6151221,66.15,68,4508015,48.48,168,840665,9.04,6.92,63.71,29.37
2022-08-08T00:00:00.000Z,76,6716528,72.23,94,6151315,66.15,122,4508137,48.48,172,840837,9.04,6.74,63.89,29.37
2022-08-09T00:00:00.000Z,96,6716624,72.23,88,6151403,66.15,99,4508236,48.48,213,841050,9.04,6.25,64.37,29.38
2022-08-10T00:00:00.000Z,77,6716701,72.23,58,6151461,66.15,75,4508311,48.48,115,841165,9.05,5.91,64.71,29.38
2022-08-11T00:00:00.000Z,54,6716755,72.23,101,6151562,66.15,91,4508402,48.48,155,841320,9.05,5.59,65.03,29.38
2022-08-12T00:00:00.000Z,8,6716763,72.23,12,6151574,66.15,17,4508419,48.48,27,841347,9.05,5.35,65.27,29.38
2022-08-13T00:00:00.000Z,0,6716763,72.23,2,6151576,66.15,2,4508421,48.48,3,841350,9.05,5.1,65.52,29.38
2022-08-14T00:00:00.000Z,73,6716836,72.23,75,6151651,66.15,82,4508503,48.48,150,841500,9.05,4.87,65.75,29.39
2022-08-15T00:00:00.000Z,68,6716904,72.23,81,6151732,66.15,93,4508596,48.48,142,841642,9.05,4.74,65.87,29.39
2022-08-16T00:00:00.000Z,81,6716985,72.23,84,6151816,66.15,84,4508680,48.48,187,841829,9.05,4.46,66.15,29.39
2022-08-17T00:00:00.000Z,48,6717033,72.23,55,6151871,66.15,36,4508716,48.48,114,841943,9.05,4.16,66.44,29.39
2022-08-18T00:00:00.000Z,65,6717098,72.23,93,6151964,66.16,120,4508836,48.49,173,842116,9.06,3.98,66.63,29.39
2022-08-19T00:00:00.000Z,74,6717172,72.23,60,6152024,66.16,54,4508890,48.49,42,842158,9.06,3.83,66.78,29.39
2022-08-20T00:00:00.000Z,1,6717173,72.23,1,6152025,66.16,3,4508893,48.49,3,842161,9.06,3.67,66.94,29.39
2022-08-21T00:00:00.000Z,50,6717223,72.23,85,6152110,66.16,84,4508977,48.49,194,842355,9.06,3.52,67.08,29.4
2022-08-22T00:00:00.000Z,89,6717312,72.23,74,6152184,66.16,103,4509080,48.49,143,842498,9.06,3.44,67.16,29.4
2022-08-23T00:00:00.000Z,71,6717383,72.24,106,6152290,66.16,84,4509164,48.49,180,842678,9.06,3.27,67.33,29.4
2022-08-24T00:00:00.000Z,38,6717421,72.24,80,6152370,66.16,48,4509212,48.49,133,842811,9.06,3.15,67.46,29.4
2022-08-25T00:00:00.000Z,53,6717474,72.24,75,6152445,66.16,97,4509309,48.49,193,843004,9.07,3.03,67.57,29.4
2022-08-26T00:00:00.000Z,4,6717478,72.24,15,6152460,66.16,9,4509318,48.49,14,843018,9.07,2.94,67.66,29.4
2022-08-27T00:00:00.000Z,0,6717478,72.24,0,6152460,66.16,0,4509318,48.49,0,843018,9.07,2.84,67.76,29.4
2022-08-28T00:00:00.000Z,55,6717533,72.24,80,6152540,66.16,85,4509403,48.49,102,843120,9.07,2.75,67.85,29.4
2022-08-29T00:00:00.000Z,48,6717581,72.24,68,6152608,66.16,89,4509492,48.49,107,843227,9.07,2.69,67.91,29.4
2022-08-30T00:00:00.000Z,85,6717666,72.24,112,6152720,66.16,85,4509577,48.49,130,843357,9.07,2.6,68,29.4
2022-08-31T00:00:00.000Z,42,6717708,72.24,88,6152808,66.16,70,4509647,48.49,95,843452,9.07,2.53,68.07,29.4
2022-09-01T00:00:00.000Z,27,6717735,72.24,84,6152892,66.17,58,4509705,48.5,113,843565,9.07,2.46,68.14,29.4
2022-09-02T00:00:00.000Z,6,6717741,72.24,20,6152912,66.17,13,4509718,48.5,10,843575,9.07,2.4,68.2,29.4
2022-09-03T00:00:00.000Z,2,6717743,72.24,0,6152912,66.17,3,4509721,48.5,1,843576,9.07,2.33,68.27,29.4
2022-09-04T00:00:00.000Z,50,6717793,72.24,126,6153038,66.17,80,4509801,48.5,121,843697,9.07,2.27,68.32,29.4
2022-09-05T00:00:00.000Z,44,6717837,72.24,77,6153115,66.17,58,4509859,48.5,89,843786,9.07,2.23,68.37,29.4
2022-09-06T00:00:00.000Z,60,6717897,72.24,104,6153219,66.17,78,4509937,48.5,130,843916,9.08,2.17,68.42,29.4
2022-09-07T00:00:00.000Z,27,6717924,72.24,63,6153282,66.17,52,4509989,48.5,94,844010,9.08,2.12,68.47,29.4
2022-09-08T00:00:00.000Z,49,6717973,72.24,101,6153383,66.17,70,4510059,48.5,77,844087,9.08,2.07,68.53,29.4
2022-09-09T00:00:00.000Z,10,6717983,72.24,21,6153404,66.17,16,4510075,48.5,16,844103,9.08,2.03,68.57,29.4
2022-09-10T00:00:00.000Z,0,6717983,72.24,0,6153404,66.17,5,4510080,48.5,2,844105,9.08,1.97,68.62,29.4
2022-09-11T00:00:00.000Z,36,6718019,72.24,116,6153520,66.17,78,4510158,48.5,115,844220,9.08,1.92,68.67,29.41
2022-09-12T00:00:00.000Z,24,6718043,72.24,72,6153592,66.17,52,4510210,48.5,68,844288,9.08,1.88,68.71,29.41
2022-09-13T00:00:00.000Z,44,6718087,72.24,112,6153704,66.17,54,4510264,48.5,103,844391,9.08,1.82,68.77,29.41
2022-09-14T00:00:00.000Z,21,6718108,72.24,64,6153768,66.17,53,4510317,48.5,62,844453,9.08,1.78,68.82,29.41
2022-09-15T00:00:00.000Z,31,6718139,72.24,75,6153843,66.18,63,4510380,48.5,107,844560,9.08,1.73,68.86,29.41
2022-09-16T00:00:00.000Z,48,6718187,72.24,47,6153890,66.18,27,4510407,48.5,31,844591,9.08,1.7,68.89,29.41
2022-09-17T00:00:00.000Z,2,6718189,72.24,0,6153890,66.18,1,4510408,48.5,0,844591,9.08,1.66,68.93,29.41
2022-09-18T00:00:00.000Z,25,6718214,72.24,66,6153956,66.18,52,4510460,48.5,114,844705,9.08,1.63,68.96,29.41
2022-09-19T00:00:00.000Z,27,6718241,72.24,74,6154030,66.18,44,4510504,48.5,57,844762,9.08,1.61,68.98,29.41
2022-09-20T00:00:00.000Z,41,6718282,72.25,93,6154123,66.18,75,4510579,48.5,102,844864,9.09,1.56,69.03,29.41
2022-09-21T00:00:00.000Z,20,6718302,72.25,55,6154178,66.18,31,4510610,48.5,67,844931,9.09,1.55,69.05,29.41
2022-09-22T00:00:00.000Z,39,6718341,72.25,62,6154240,66.18,49,4510659,48.51,306,845237,9.09,1.52,69.07,29.4
2022-09-23T00:00:00.000Z,21,6718362,72.25,29,6154269,66.18,34,4510693,48.51,248,845485,9.09,1.5,69.1,29.41
2022-09-24T00:00:00.000Z,0,6718362,72.25,0,6154269,66.18,0,4510693,48.51,0,845485,9.09,1.47,69.13,29.41
2022-09-25T00:00:00.000Z,9,6718371,72.25,24,6154293,66.18,28,4510721,48.51,222,845707,9.09,1.46,69.13,29.41
2022-09-26T00:00:00.000Z,3,6718374,72.25,16,6154309,66.18,30,4510751,48.51,64,845771,9.1,1.46,69.13,29.41
2022-09-27T00:00:00.000Z,2,6718376,72.25,1,6154310,66.18,4,4510755,48.51,8,845779,9.1,1.42,69.17,29.41
2022-09-28T00:00:00.000Z,38,6718414,72.25,51,6154361,66.18,94,4510849,48.51,708,846487,9.1,1.39,69.21,29.41
2022-09-29T00:00:00.000Z,77,6718491,72.25,92,6154453,66.18,111,4510960,48.51,904,847391,9.11,1.37,69.22,29.41
2022-09-30T00:00:00.000Z,8,6718499,72.25,18,6154471,66.18,16,4510976,48.51,289,847680,9.12,1.35,69.24,29.41
2022-10-01T00:00:00.000Z,0,6718499,72.25,1,6154472,66.18,0,4510976,48.51,7,847687,9.12,1.31,69.29,29.41
2022-10-02T00:00:00.000Z,40,6718539,72.25,70,6154542,66.18,112,4511088,48.51,857,848544,9.12,1.31,69.29,29.41
2022-10-03T00:00:00.000Z,45,6718584,72.25,46,6154588,66.18,89,4511177,48.51,879,849423,9.13,1.31,69.28,29.4
2022-10-04T00:00:00.000Z,9,6718593,72.25,14,6154602,66.18,21,4511198,48.51,244,849667,9.14,1.27,69.32,29.4
2022-10-05T00:00:00.000Z,0,6718593,72.25,0,6154602,66.18,0,4511198,48.51,0,849667,9.14,1.28,69.31,29.4
2022-10-06T00:00:00.000Z,38,6718631,72.25,71,6154673,66.18,128,4511326,48.51,1270,850937,9.15,1.31,69.28,29.4
2022-10-07T00:00:00.000Z,8,6718639,72.25,10,6154683,66.18,16,4511342,48.51,247,851184,9.15,1.3,69.29,29.41
2022-10-08T00:00:00.000Z,0,6718639,72.25,0,6154683,66.18,0,4511342,48.51,0,851184,9.15,1.26,69.33,29.41
2022-10-09T00:00:00.000Z,10,6718649,72.25,18,6154701,66.18,45,4511387,48.51,431,851615,9.16,1.31,69.28,29.41
2022-10-10T00:00:00.000Z,5,6718654,72.25,5,6154706,66.18,2,4511389,48.51,13,851628,9.16,1.38,69.22,29.4
2022-10-11T00:00:00.000Z,33,6718687,72.25,70,6154776,66.19,102,4511491,48.51,856,852484,9.17,1.36,69.24,29.4
2022-10-12T00:00:00.000Z,39,6718726,72.25,44,6154820,66.19,90,4511581,48.52,924,853408,9.18,1.34,69.26,29.4
2022-10-13T00:00:00.000Z,29,6718755,72.25,27,6154847,66.19,48,4511629,48.52,717,854125,9.18,1.4,69.2,29.4
2022-10-14T00:00:00.000Z,7,6718762,72.25,9,6154856,66.19,27,4511656,48.52,257,854382,9.19,1.4,69.2,29.4
2022-10-15T00:00:00.000Z,0,6718762,72.25,0,6154856,66.19,0,4511656,48.52,1,854383,9.19,1.38,69.22,29.4
2022-10-16T00:00:00.000Z,8,6718770,72.25,11,6154867,66.19,37,4511693,48.52,384,854767,9.19,1.39,69.2,29.4
2022-10-17T00:00:00.000Z,1,6718771,72.25,2,6154869,66.19,2,4511695,48.52,8,854775,9.19,1.39,69.2,29.4
2022-10-18T00:00:00.000Z,38,6718809,72.25,66,6154935,66.19,105,4511800,48.52,932,855707,9.2,1.43,69.17,29.4
2022-10-19T00:00:00.000Z,42,6718851,72.25,56,6154991,66.19,107,4511907,48.52,1177,856884,9.21,1.47,69.12,29.4
2022-10-20T00:00:00.000Z,70,6718921,72.25,73,6155064,66.19,145,4512052,48.52,1050,857934,9.23,1.5,69.1,29.4
2022-10-21T00:00:00.000Z,7,6718928,72.25,16,6155080,66.19,24,4512076,48.52,272,858206,9.23,1.5,69.09,29.4
2022-10-22T00:00:00.000Z,0,6718928,72.25,0,6155080,66.19,1,4512077,48.52,1,858207,9.23,1.49,69.1,29.4
2022-10-23T00:00:00.000Z,51,6718979,72.25,61,6155141,66.19,93,4512170,48.52,840,859047,9.24,1.51,69.08,29.4
2022-10-24T00:00:00.000Z,66,6719045,72.25,46,6155187,66.19,100,4512270,48.52,743,859790,9.25,1.51,69.08,29.41
2022-10-25T00:00:00.000Z,30,6719075,72.25,31,6155218,66.19,65,4512335,48.52,526,860316,9.25,1.55,69.04,29.41
