Day_Date,vaccinated,vaccinated_cum,vaccinated_population_perc,vaccinated_seconde_dose,vaccinated_seconde_dose_cum,vaccinated_seconde_dose_population_perc,vaccinated_third_dose,vaccinated_third_dose_cum,vaccinated_third_dose_population_perc,vaccinated_fourth_dose,vaccinated_fourth_dose_cum,vaccinated_fourth_dose_population_perc,vaccinated_validity_perc,vaccinated_expired_perc,not_vaccinated_perc
2020-12-19T00:00:00.000Z,46,66,0,0,4,0,0,0,0,0,0,0,0,0,100
2020-12-20T00:00:00.000Z,7390,7456,0.08,0,4,0,0,0,0,0,0,0,0,0,100
2020-12-21T00:00:00.000Z,24918,32374,0.35,0,4,0,0,0,0,0,0,0,0,0,100
2020-12-22T00:00:00.000Z,44653,77027,0.83,0,4,0,0,0,0,0,0,0,0,0,100
2020-12-23T00:00:00.000Z,62904,139931,1.5,0,4,0,0,0,0,0,0,0,0,0,100
2020-12-24T00:00:00.000Z,73412,213343,2.29,0,4,0,0,0,0,0,0,0,0,0,100
2020-12-25T00:00:00.000Z,38506,251849,2.71,0,4,0,0,0,0,0,0,0,0,0,100
2020-12-26T00:00:00.000Z,32611,284460,3.06,0,4,0,0,0,0,0,0,0,0,0,100
2020-12-27T00:00:00.000Z,104544,389004,4.18,0,4,0,0,0,0,0,0,0,0,0,100
2020-12-28T00:00:00.000Z,134994,523998,5.63,0,4,0,0,0,0,0,0,0,0,0,100
2020-12-29T00:00:00.000Z,156263,680261,7.32,2,6,0,0,0,0,0,0,0,0,0,100
2020-12-30T00:00:00.000Z,153116,833377,8.96,0,6,0,0,0,0,0,0,0,0,0,100
2020-12-31T00:00:00.000Z,158516,991893,10.67,0,6,0,0,0,0,0,0,0,0,0,100
2021-01-01T00:00:00.000Z,71406,1063299,11.43,0,6,0,0,0,0,0,0,0,0,0,100
2021-01-02T00:00:00.000Z,71712,1135011,12.21,0,6,0,0,0,0,0,0,0,0,0,100
2021-01-03T00:00:00.000Z,149701,1284712,13.82,0,6,0,0,0,0,0,0,0,0,0,100
2021-01-04T00:00:00.000Z,152147,1436859,15.45,1,7,0,0,0,0,0,0,0,0,0,100
2021-01-05T00:00:00.000Z,125145,1562004,16.8,3,10,0,0,0,0,0,0,0,0,0,100
2021-01-06T00:00:00.000Z,103298,1665302,17.91,2,12,0,0,0,0,0,0,0,0,0,100
2021-01-07T00:00:00.000Z,115999,1781301,19.16,7,19,0,0,0,0,0,0,0,0,0,100
2021-01-08T00:00:00.000Z,66423,1847724,19.87,4,23,0,0,0,0,0,0,0,0,0,100
2021-01-09T00:00:00.000Z,44519,1892243,20.35,24,47,0,0,0,0,0,0,0,0,0,100
2021-01-10T00:00:00.000Z,37629,1929872,20.75,5997,6044,0.07,0,0,0,0,0,0,0,0,100
2021-01-11T00:00:00.000Z,21147,1951019,20.98,19259,25303,0.27,0,0,0,0,0,0,0,0,100
2021-01-12T00:00:00.000Z,24045,1975064,21.24,35666,60969,0.66,0,0,0,0,0,0,0,0,100
2021-01-13T00:00:00.000Z,52038,2027102,21.8,56863,117832,1.27,0,0,0,0,0,0,0,0,100
2021-01-14T00:00:00.000Z,56431,2083533,22.41,68826,186658,2.01,0,0,0,0,0,0,0,0,100
2021-01-15T00:00:00.000Z,30746,2114279,22.74,35930,222588,2.39,0,0,0,0,0,0,0,0,100
2021-01-16T00:00:00.000Z,29453,2143732,23.05,26004,248592,2.67,0,0,0,0,0,0,0,0,100
2021-01-17T00:00:00.000Z,68409,2212141,23.79,84581,333173,3.58,0,0,0,0,0,0,0.36,0,99.64
2021-01-18T00:00:00.000Z,69767,2281908,24.54,120404,453577,4.88,0,0,0,0,0,0,0.64,0,99.36
2021-01-19T00:00:00.000Z,72852,2354760,25.32,137808,591385,6.36,0,0,0,0,0,0,1.16,0,98.84
2021-01-20T00:00:00.000Z,76860,2431620,26.15,143722,735107,7.9,0,0,0,0,0,0,1.98,0,98.02
2021-01-21T00:00:00.000Z,69963,2501583,26.9,164400,899507,9.67,0,0,0,0,0,0,2.98,0,97.02
2021-01-22T00:00:00.000Z,37893,2539476,27.31,71111,970618,10.44,0,0,0,0,0,0,3.5,0,96.5
2021-01-23T00:00:00.000Z,39950,2579426,27.74,53569,1024187,11.01,0,0,0,0,0,0,3.89,0,96.11
2021-01-24T00:00:00.000Z,69098,2648524,28.48,140667,1164854,12.53,0,0,0,0,0,0,5.1,0,94.9
2021-01-25T00:00:00.000Z,80895,2729419,29.35,139484,1304338,14.03,0,0,0,0,0,0,6.78,0,93.22
2021-01-26T00:00:00.000Z,78684,2808103,30.2,126387,1430725,15.39,0,0,0,0,0,0,8.65,0,91.35
2021-01-27T00:00:00.000Z,77931,2886034,31.04,125021,1555746,16.73,0,0,0,0,0,0,10.56,0,89.44
2021-01-28T00:00:00.000Z,79533,2965567,31.89,130580,1686326,18.13,0,0,0,0,0,0,12.69,0,87.31
2021-01-29T00:00:00.000Z,36669,3002236,32.28,64768,1751094,18.83,0,0,0,0,0,0,13.61,0,86.39
2021-01-30T00:00:00.000Z,34387,3036623,32.65,42749,1793843,19.29,0,0,0,0,0,0,14.3,0,85.7
2021-01-31T00:00:00.000Z,73310,3109933,33.44,59482,1853325,19.93,0,0,0,0,0,0,16.07,0,83.93
2021-02-01T00:00:00.000Z,82469,3192402,34.33,35329,1888654,20.31,0,0,0,0,0,0,17.81,0,82.19
2021-02-02T00:00:00.000Z,70062,3262464,35.08,31051,1919705,20.64,0,0,0,0,0,0,19.35,0,80.65
2021-02-03T00:00:00.000Z,60274,3322738,35.73,51413,1971118,21.2,0,0,0,0,0,0,20.84,0,79.16
2021-02-04T00:00:00.000Z,72596,3395334,36.51,58067,2029185,21.82,0,0,0,0,0,0,22.39,0,77.61
2021-02-05T00:00:00.000Z,33911,3429245,36.88,28784,2057969,22.13,0,0,0,0,0,0,23.15,0,76.85
2021-02-06T00:00:00.000Z,21602,3450847,37.11,22219,2080188,22.37,0,0,0,0,0,0,23.64,0,76.36
2021-02-07T00:00:00.000Z,54066,3504913,37.69,68712,2148900,23.11,0,0,0,0,0,0,24.4,0,75.6
2021-02-08T00:00:00.000Z,58614,3563527,38.32,65439,2214339,23.81,0,0,0,0,0,0,24.95,0,75.05
2021-02-09T00:00:00.000Z,66314,3629841,39.03,67546,2281885,24.54,0,0,0,0,0,0,25.48,0,74.52
2021-02-10T00:00:00.000Z,70528,3700369,39.79,72280,2354165,25.32,0,0,0,0,0,0,26.23,0,73.77
2021-02-11T00:00:00.000Z,81138,3781507,40.66,72075,2426240,26.09,0,0,0,0,0,0,27.08,0,72.92
2021-02-12T00:00:00.000Z,39080,3820587,41.08,37569,2463809,26.49,0,0,0,0,0,0,27.5,0,72.5
2021-02-13T00:00:00.000Z,27451,3848038,41.38,30423,2494232,26.82,0,0,0,0,0,0,27.82,0,72.18
2021-02-14T00:00:00.000Z,74885,3922923,42.19,69057,2563289,27.56,0,0,0,0,0,0,28.76,0,71.24
2021-02-15T00:00:00.000Z,81514,4004437,43.06,75676,2638965,28.38,0,0,0,0,0,0,29.69,0,70.31
2021-02-16T00:00:00.000Z,83397,4087834,43.96,78257,2717222,29.22,0,0,0,0,0,0,30.64,0,69.36
2021-02-17T00:00:00.000Z,61956,4149790,44.62,75601,2792823,30.03,0,0,0,0,0,0,31.56,0,68.44
2021-02-18T00:00:00.000Z,69130,4218920,45.37,79713,2872536,30.89,0,0,0,0,0,0,32.51,0,67.49
2021-02-19T00:00:00.000Z,39647,4258567,45.79,38133,2910669,31.3,0,0,0,0,0,0,33.02,0,66.98
2021-02-20T00:00:00.000Z,31643,4290210,46.13,28717,2939386,31.61,0,0,0,0,0,0,33.43,0,66.57
2021-02-21T00:00:00.000Z,79411,4369621,46.99,78422,3017808,32.45,0,0,0,0,0,0,34.39,0,65.61
2021-02-22T00:00:00.000Z,85036,4454657,47.9,80575,3098383,33.32,0,0,0,0,0,0,35.44,0,64.56
2021-02-23T00:00:00.000Z,77308,4531965,48.73,70454,3168837,34.08,0,0,0,0,0,0,36.47,0,63.53
2021-02-24T00:00:00.000Z,61038,4593003,49.39,63109,3231946,34.75,0,0,0,0,0,0,37.4,0,62.6
2021-02-25T00:00:00.000Z,51699,4644702,49.95,64777,3296723,35.45,0,0,0,0,0,0,38.31,0,61.69
2021-02-26T00:00:00.000Z,25890,4670592,50.23,32015,3328738,35.8,0,0,0,0,0,0,38.76,0,61.24
2021-02-27T00:00:00.000Z,18335,4688927,50.42,21188,3349926,36.02,0,0,0,0,0,0,39.08,0,60.92
2021-02-28T00:00:00.000Z,40336,4729263,50.86,55859,3405785,36.62,0,0,0,0,0,0,39.92,0,60.08
2021-03-01T00:00:00.000Z,45715,4774978,51.35,61418,3467203,37.28,0,0,0,0,0,0,40.78,0,59.22
2021-03-02T00:00:00.000Z,41160,4816138,51.79,64766,3531969,37.98,0,0,0,0,0,0,41.54,0,58.46
2021-03-03T00:00:00.000Z,41995,4858133,52.24,66751,3598720,38.7,0,0,0,0,0,0,42.25,0,57.75
2021-03-04T00:00:00.000Z,39685,4897818,52.67,79096,3677816,39.55,0,0,0,0,0,0,42.95,0,57.05
2021-03-05T00:00:00.000Z,17334,4915152,52.86,40448,3718264,39.98,0,0,0,0,0,0,43.28,0,56.72
2021-03-06T00:00:00.000Z,10701,4925853,52.97,25337,3743601,40.26,0,0,0,0,0,0,43.5,0,56.5
2021-03-07T00:00:00.000Z,31129,4956982,53.3,72823,3816424,41.04,0,0,0,0,0,0,44.09,0,55.91
2021-03-08T00:00:00.000Z,27347,4984329,53.6,73270,3889694,41.83,0,0,0,0,0,0,44.71,0,55.29
2021-03-09T00:00:00.000Z,26720,5011049,53.89,76580,3966274,42.65,0,0,0,0,0,0,45.37,0,54.63
2021-03-10T00:00:00.000Z,23321,5034370,54.14,58656,4024930,43.28,0,0,0,0,0,0,46.03,0,53.97
2021-03-11T00:00:00.000Z,23271,5057641,54.39,69068,4093998,44.02,0,0,0,0,0,0,46.76,0,53.24
2021-03-12T00:00:00.000Z,11251,5068892,54.51,41396,4135394,44.47,0,0,0,0,0,0,47.12,0,52.88
2021-03-13T00:00:00.000Z,7927,5076819,54.59,25233,4160627,44.74,0,0,0,0,0,0,47.35,0,52.65
2021-03-14T00:00:00.000Z,20958,5097777,54.82,73923,4234550,45.54,0,0,0,0,0,0,47.99,0,52.01
2021-03-15T00:00:00.000Z,20112,5117889,55.04,78251,4312801,46.38,0,0,0,0,0,0,48.61,0,51.39
2021-03-16T00:00:00.000Z,18725,5136614,55.24,71457,4384258,47.15,0,0,0,0,0,0,49.23,0,50.77
2021-03-17T00:00:00.000Z,17666,5154280,55.43,58986,4443244,47.78,0,0,0,0,0,0,49.72,0,50.28
2021-03-18T00:00:00.000Z,16014,5170294,55.6,58110,4501354,48.41,0,0,0,0,0,0,50.26,0,49.74
2021-03-19T00:00:00.000Z,6926,5177220,55.67,27966,4529320,48.71,0,0,0,0,0,0,50.56,0,49.44
2021-03-20T00:00:00.000Z,5207,5182427,55.73,15289,4544609,48.87,0,0,0,0,0,0,50.74,0,49.26
2021-03-21T00:00:00.000Z,13143,5195570,55.87,40485,4585094,49.31,0,0,0,0,0,0,51.27,0,48.73
2021-03-22T00:00:00.000Z,13549,5209119,56.02,40516,4625610,49.74,0,0,0,0,0,0,51.81,0,48.19
2021-03-23T00:00:00.000Z,2811,5211930,56.05,7281,4632891,49.82,0,0,0,0,0,0,52.24,0,47.76
2021-03-24T00:00:00.000Z,10986,5222916,56.16,46529,4679420,50.32,0,0,0,0,0,0,52.65,0,47.35
2021-03-25T00:00:00.000Z,10228,5233144,56.27,35408,4714828,50.7,0,0,0,0,0,0,53.04,0,46.96
2021-03-26T00:00:00.000Z,4163,5237307,56.32,13317,4728145,50.84,0,0,0,0,0,0,53.22,0,46.78
2021-03-27T00:00:00.000Z,1773,5239080,56.34,4257,4732402,50.89,0,0,0,0,0,0,53.31,0,46.69
2021-03-28T00:00:00.000Z,2096,5241176,56.36,4598,4737000,50.94,0,0,0,0,0,0,53.55,0,46.45
2021-03-29T00:00:00.000Z,6885,5248061,56.44,29997,4766997,51.26,0,0,0,0,0,0,53.81,0,46.19
2021-03-30T00:00:00.000Z,7858,5255919,56.52,22420,4789417,51.5,0,0,0,0,0,0,53.9,0,46.1
2021-03-31T00:00:00.000Z,8122,5264041,56.61,19454,4808871,51.71,0,0,0,0,0,0,54.2,0,45.8
2021-04-01T00:00:00.000Z,8163,5272204,56.69,18674,4827545,51.91,0,0,0,0,0,0,54.43,0,45.57
2021-04-02T00:00:00.000Z,2913,5275117,56.73,8111,4835656,52,0,0,0,0,0,0,54.52,0,45.48
2021-04-03T00:00:00.000Z,1413,5276530,56.74,2959,4838615,52.03,0,0,0,0,0,0,54.55,0,45.45
2021-04-04T00:00:00.000Z,9608,5286138,56.84,22817,4861432,52.28,0,0,0,0,0,0,54.64,0,45.36
2021-04-05T00:00:00.000Z,10327,5296465,56.96,21237,4882669,52.51,0,0,0,0,0,0,54.86,0,45.14
2021-04-06T00:00:00.000Z,8995,5305460,57.05,16759,4899428,52.69,0,0,0,0,0,0,55.03,0,44.97
2021-04-07T00:00:00.000Z,8890,5314350,57.15,15270,4914698,52.85,0,0,0,0,0,0,55.18,0,44.82
2021-04-08T00:00:00.000Z,9388,5323738,57.25,16976,4931674,53.03,0,0,0,0,0,0,55.34,0,44.66
2021-04-09T00:00:00.000Z,3577,5327315,57.29,6219,4937893,53.1,0,0,0,0,0,0,55.4,0,44.6
2021-04-10T00:00:00.000Z,1616,5328931,57.3,3502,4941395,53.14,0,0,0,0,0,0,55.43,0,44.57
2021-04-11T00:00:00.000Z,9017,5337948,57.4,14222,4955617,53.29,0,0,0,0,0,0,55.61,0,44.39
2021-04-12T00:00:00.000Z,8909,5346857,57.5,13207,4968824,53.43,0,0,0,0,0,0,55.77,0,44.23
2021-04-13T00:00:00.000Z,5810,5352667,57.56,4929,4973753,53.49,0,0,0,0,0,0,55.9,0,44.1
2021-04-14T00:00:00.000Z,3616,5356283,57.6,5282,4979035,53.54,0,0,0,0,0,0,56,0,44
2021-04-15T00:00:00.000Z,671,5356954,57.61,557,4979592,53.55,0,0,0,0,0,0,56.1,0,43.9
2021-04-16T00:00:00.000Z,3382,5360336,57.64,6624,4986216,53.62,0,0,0,0,0,0,56.15,0,43.85
2021-04-17T00:00:00.000Z,804,5361140,57.65,1962,4988178,53.64,0,0,0,0,0,0,56.17,0,43.83
2021-04-18T00:00:00.000Z,7085,5368225,57.73,7419,4995597,53.72,0,0,0,0,0,0,56.29,0,43.71
2021-04-19T00:00:00.000Z,6376,5374601,57.8,7102,5002699,53.8,0,0,0,0,0,0,56.4,0,43.6
2021-04-20T00:00:00.000Z,6253,5380854,57.86,6854,5009553,53.87,0,0,0,0,0,0,56.47,0,43.53
2021-04-21T00:00:00.000Z,6346,5387200,57.93,7073,5016626,53.95,0,0,0,0,0,0,56.54,0,43.46
2021-04-22T00:00:00.000Z,5919,5393119,57.99,7663,5024289,54.03,0,0,0,0,0,0,56.58,0,43.42
2021-04-23T00:00:00.000Z,2738,5395857,58.02,3364,5027653,54.06,0,0,0,0,0,0,56.63,0,43.37
2021-04-24T00:00:00.000Z,756,5396613,58.03,1276,5028929,54.08,0,0,0,0,0,0,56.64,0,43.36
2021-04-25T00:00:00.000Z,4819,5401432,58.08,6908,5035837,54.15,0,0,0,0,0,0,56.71,0,43.29
2021-04-26T00:00:00.000Z,5458,5406890,58.14,7869,5043706,54.24,0,0,0,0,0,0,56.79,0,43.21
2021-04-27T00:00:00.000Z,4487,5411377,58.19,6602,5050308,54.31,0,0,0,0,0,0,56.85,0,43.15
2021-04-28T00:00:00.000Z,4466,5415843,58.24,7287,5057595,54.39,0,0,0,0,0,0,56.92,0,43.08
2021-04-29T00:00:00.000Z,4345,5420188,58.29,7256,5064851,54.46,0,0,0,0,0,0,56.99,0,43.01
2021-04-30T00:00:00.000Z,1902,5422090,58.31,3165,5068016,54.5,0,0,0,0,0,0,57.02,0,42.98
2021-05-01T00:00:00.000Z,447,5422537,58.31,886,5068902,54.51,0,0,0,0,0,0,57.03,0,42.97
2021-05-02T00:00:00.000Z,3215,5425752,58.35,6068,5074970,54.57,0,0,0,0,0,0,57.08,0,42.92
2021-05-03T00:00:00.000Z,3528,5429280,58.38,5796,5080766,54.64,0,0,0,0,0,0,57.15,0,42.85
2021-05-04T00:00:00.000Z,3565,5432845,58.42,4705,5085471,54.69,0,0,0,0,0,0,57.2,0,42.8
2021-05-05T00:00:00.000Z,3268,5436113,58.46,4058,5089529,54.73,0,0,0,0,0,0,57.26,0,42.74
2021-05-06T00:00:00.000Z,3616,5439729,58.5,3111,5092640,54.76,0,0,0,0,0,0,57.32,0,42.68
2021-05-07T00:00:00.000Z,1807,5441536,58.52,2476,5095116,54.79,0,0,0,0,0,0,57.35,0,42.65
2021-05-08T00:00:00.000Z,230,5441766,58.52,492,5095608,54.8,0,0,0,0,0,0,57.35,0,42.65
2021-05-09T00:00:00.000Z,2836,5444602,58.55,4735,5100343,54.85,0,0,0,0,0,0,57.4,0,42.6
2021-05-10T00:00:00.000Z,2883,5447485,58.58,4684,5105027,54.9,0,0,0,0,0,0,57.45,0,42.55
2021-05-11T00:00:00.000Z,2604,5450089,58.61,3853,5108880,54.94,0,0,0,0,0,0,57.49,0,42.51
2021-05-12T00:00:00.000Z,2000,5452089,58.63,3307,5112187,54.97,0,0,0,0,0,0,57.53,0,42.47
2021-05-13T00:00:00.000Z,2025,5454114,58.65,3653,5115840,55.01,0,0,0,0,0,0,57.56,0,42.44
2021-05-14T00:00:00.000Z,951,5455065,58.66,1469,5117309,55.03,0,0,0,0,0,0,57.57,0,42.43
2021-05-15T00:00:00.000Z,237,5455302,58.66,238,5117547,55.03,0,0,0,0,0,0,57.58,0,42.42
2021-05-16T00:00:00.000Z,522,5455824,58.67,1196,5118743,55.04,0,0,0,0,0,0,57.6,0,42.4
2021-05-17T00:00:00.000Z,286,5456110,58.67,830,5119573,55.05,0,0,0,0,0,0,57.63,0,42.37
2021-05-18T00:00:00.000Z,1946,5458056,58.69,4920,5124493,55.11,0,0,0,0,0,0,57.66,0,42.34
2021-05-19T00:00:00.000Z,2205,5460261,58.72,5020,5129513,55.16,0,0,0,0,0,0,57.69,0,42.31
2021-05-20T00:00:00.000Z,2297,5462558,58.74,3859,5133372,55.2,0,0,0,0,0,0,57.72,0,42.28
2021-05-21T00:00:00.000Z,1165,5463723,58.75,1382,5134754,55.22,0,0,0,0,0,0,57.74,0,42.26
2021-05-22T00:00:00.000Z,204,5463927,58.76,384,5135138,55.22,0,0,0,0,0,0,57.74,0,42.26
2021-05-23T00:00:00.000Z,2267,5466194,58.78,3208,5138346,55.26,0,0,0,0,0,0,57.76,0,42.24
2021-05-24T00:00:00.000Z,2111,5468305,58.8,3578,5141924,55.29,0,0,0,0,0,0,57.78,0,42.22
2021-05-25T00:00:00.000Z,1808,5470113,58.82,2570,5144494,55.32,0,0,0,0,0,0,57.81,0,42.19
2021-05-26T00:00:00.000Z,1389,5471502,58.84,2478,5146972,55.35,0,0,0,0,0,0,57.85,0,42.15
2021-05-27T00:00:00.000Z,1827,5473329,58.86,3163,5150135,55.38,0,0,0,0,0,0,57.88,0,42.12
2021-05-28T00:00:00.000Z,759,5474088,58.87,1384,5151519,55.4,0,0,0,0,0,0,57.89,0,42.11
2021-05-29T00:00:00.000Z,171,5474259,58.87,217,5151736,55.4,0,0,0,0,0,0,57.89,0,42.11
2021-05-30T00:00:00.000Z,1631,5475890,58.88,1921,5153657,55.42,0,0,0,0,0,0,57.92,0,42.08
2021-05-31T00:00:00.000Z,1713,5477603,58.9,2077,5155734,55.44,0,0,0,0,0,0,57.95,0,42.05
2021-06-01T00:00:00.000Z,1353,5478956,58.92,1806,5157540,55.46,0,0,0,0,0,0,57.97,0,42.03
2021-06-02T00:00:00.000Z,1484,5480440,58.93,1590,5159130,55.48,0,0,0,0,0,0,57.99,0,42.01
2021-06-03T00:00:00.000Z,1660,5482100,58.95,1471,5160601,55.49,0,0,0,0,0,0,58.01,0,41.99
2021-06-04T00:00:00.000Z,1072,5483172,58.96,762,5161363,55.5,0,0,0,0,0,0,58.03,0,41.97
2021-06-05T00:00:00.000Z,174,5483346,58.97,150,5161513,55.5,0,0,0,0,0,0,58.03,0,41.97
2021-06-06T00:00:00.000Z,4276,5487622,59.01,988,5162501,55.52,0,0,0,0,0,0,58.07,0,41.93
2021-06-07T00:00:00.000Z,4411,5492033,59.06,796,5163297,55.52,0,0,0,0,0,0,58.1,0,41.9
2021-06-08T00:00:00.000Z,3718,5495751,59.1,1149,5164446,55.54,0,0,0,0,0,0,58.14,0,41.86
2021-06-09T00:00:00.000Z,3575,5499326,59.14,1299,5165745,55.55,0,0,0,0,0,0,58.17,0,41.83
2021-06-10T00:00:00.000Z,3326,5502652,59.17,1275,5167020,55.56,0,0,0,0,0,0,58.2,0,41.8
2021-06-11T00:00:00.000Z,1372,5504024,59.19,566,5167586,55.57,0,0,0,0,0,0,58.21,0,41.79
2021-06-12T00:00:00.000Z,206,5504230,59.19,158,5167744,55.57,0,0,0,0,0,0,58.21,0,41.79
2021-06-13T00:00:00.000Z,3093,5507323,59.22,1246,5168990,55.58,0,0,0,0,0,0,58.24,0,41.76
2021-06-14T00:00:00.000Z,3032,5510355,59.26,1513,5170503,55.6,0,0,0,0,0,0,58.26,0,41.74
2021-06-15T00:00:00.000Z,3122,5513477,59.29,1351,5171854,55.62,0,0,0,0,0,0,58.28,0,41.72
2021-06-16T00:00:00.000Z,2704,5516181,59.32,977,5172831,55.63,0,0,0,0,0,0,58.31,0,41.69
2021-06-17T00:00:00.000Z,2706,5518887,59.35,1177,5174008,55.64,0,0,0,0,0,0,58.33,0,41.67
2021-06-18T00:00:00.000Z,1241,5520128,59.36,481,5174489,55.64,0,0,0,0,0,0,58.34,0,41.66
2021-06-19T00:00:00.000Z,217,5520345,59.36,134,5174623,55.65,0,0,0,0,0,0,58.34,0,41.66
2021-06-20T00:00:00.000Z,3304,5523649,59.4,1318,5175941,55.66,0,0,0,0,0,0,58.37,0,41.63
2021-06-21T00:00:00.000Z,5228,5528877,59.45,1194,5177135,55.67,0,0,0,0,0,0,58.41,0,41.59
2021-06-22T00:00:00.000Z,6902,5535779,59.53,1081,5178216,55.68,0,0,0,0,0,0,58.46,0,41.54
2021-06-23T00:00:00.000Z,10715,5546494,59.64,1273,5179489,55.7,0,0,0,0,0,0,58.54,0,41.46
2021-06-24T00:00:00.000Z,12009,5558503,59.77,1446,5180935,55.71,0,0,0,0,0,0,58.62,0,41.38
2021-06-25T00:00:00.000Z,7082,5565585,59.85,912,5181847,55.72,0,0,0,0,0,0,58.67,0,41.33
2021-06-26T00:00:00.000Z,2258,5567843,59.87,188,5182035,55.73,0,0,0,0,0,0,58.68,0,41.32
2021-06-27T00:00:00.000Z,13609,5581452,60.02,3428,5185463,55.76,0,0,0,0,0,0,58.78,0,41.22
2021-06-28T00:00:00.000Z,14495,5595947,60.18,3654,5189117,55.8,0,0,0,0,0,0,58.88,0,41.12
2021-06-29T00:00:00.000Z,16685,5612632,60.36,3717,5192834,55.84,0,0,0,0,0,0,58.99,0,41.01
2021-06-30T00:00:00.000Z,16455,5629087,60.53,3375,5196209,55.88,0,0,0,0,0,0,59.11,0,40.89
2021-07-01T00:00:00.000Z,16785,5645872,60.71,3347,5199556,55.91,72,72,0,0,0,0,59.23,0,40.77
2021-07-02T00:00:00.000Z,9810,5655682,60.82,1573,5201129,55.93,4,76,0,0,0,0,59.3,0,40.7
2021-07-03T00:00:00.000Z,2657,5658339,60.85,288,5201417,55.93,1,77,0,0,0,0,59.32,0,40.68
2021-07-04T00:00:00.000Z,17715,5676054,61.04,3147,5204564,55.97,1,78,0,0,0,0,59.46,0,40.54
2021-07-05T00:00:00.000Z,17831,5693885,61.23,3018,5207582,56,4,82,0,0,0,0,59.6,0,40.4
2021-07-06T00:00:00.000Z,17818,5711703,61.42,3389,5210971,56.04,10,92,0,0,0,0,59.74,0,40.26
2021-07-07T00:00:00.000Z,15503,5727206,61.59,2670,5213641,56.06,11,103,0,0,0,0,59.87,0,40.13
2021-07-08T00:00:00.000Z,16558,5743764,61.77,2835,5216476,56.1,15,118,0,0,0,0,60,0,40
2021-07-09T00:00:00.000Z,11107,5754871,61.88,1506,5217982,56.11,3,121,0,0,0,0,60.09,0,39.91
2021-07-10T00:00:00.000Z,4966,5759837,61.94,372,5218354,56.12,5,126,0,0,0,0,60.13,0,39.87
2021-07-11T00:00:00.000Z,1451,5761288,61.95,2838,5221192,56.15,5,131,0,0,0,0,60.16,0,39.84
2021-07-12T00:00:00.000Z,2402,5763690,61.98,3668,5224860,56.19,50,181,0,0,0,0,60.2,0,39.8
2021-07-13T00:00:00.000Z,2941,5766631,62.01,5432,5230292,56.24,124,305,0,0,0,0,60.25,0,39.75
2021-07-14T00:00:00.000Z,2716,5769347,62.04,7493,5237785,56.32,440,745,0.01,0,0,0,60.29,0,39.71
2021-07-15T00:00:00.000Z,2971,5772318,62.07,9263,5247048,56.42,373,1118,0.01,0,0,0,60.34,0,39.66
2021-07-16T00:00:00.000Z,1261,5773579,62.09,5864,5252912,56.49,65,1183,0.01,0,0,0,60.36,0,39.64
2021-07-17T00:00:00.000Z,349,5773928,62.09,1375,5254287,56.5,6,1189,0.01,0,0,0,60.37,0,39.63
2021-07-18T00:00:00.000Z,2049,5775977,62.11,9758,5264045,56.61,235,1424,0.02,0,0,0,60.4,0,39.6
2021-07-19T00:00:00.000Z,3186,5779163,62.15,11320,5275365,56.73,457,1881,0.02,0,0,0,60.44,0,39.56
2021-07-20T00:00:00.000Z,2655,5781818,62.17,11884,5287249,56.86,370,2251,0.02,0,0,0,60.42,0.07,39.51
2021-07-21T00:00:00.000Z,2365,5784183,62.2,11852,5299101,56.98,322,2573,0.03,0,0,0,60.26,0.28,39.46
2021-07-22T00:00:00.000Z,2854,5787037,62.23,13232,5312333,57.13,389,2962,0.03,0,0,0,59.93,0.67,39.4
2021-07-23T00:00:00.000Z,2014,5789051,62.25,8201,5320534,57.21,102,3064,0.03,0,0,0,59.35,1.29,39.36
2021-07-24T00:00:00.000Z,618,5789669,62.26,1463,5321997,57.23,6,3070,0.03,0,0,0,58.61,2.04,39.35
2021-07-25T00:00:00.000Z,4408,5794077,62.31,15473,5337470,57.4,223,3293,0.04,0,0,0,58.29,2.43,39.28
2021-07-26T00:00:00.000Z,5149,5799226,62.36,13500,5350970,57.54,322,3615,0.04,0,0,0,58.1,2.71,39.19
2021-07-27T00:00:00.000Z,5462,5804688,62.42,13532,5364502,57.69,412,4027,0.04,0,0,0,57.27,3.63,39.1
2021-07-28T00:00:00.000Z,3966,5808654,62.46,12313,5376815,57.82,470,4497,0.05,0,0,0,56.05,4.93,39.02
2021-07-29T00:00:00.000Z,4637,5813291,62.51,14150,5390965,57.97,527,5024,0.05,0,0,0,54.65,6.41,38.93
2021-07-30T00:00:00.000Z,2636,5815927,62.54,10824,5401789,58.09,4116,9140,0.1,0,0,0,53.18,7.92,38.9
2021-07-31T00:00:00.000Z,1391,5817318,62.56,3536,5405325,58.13,6154,15294,0.16,0,0,0,51.46,9.64,38.9
2021-08-01T00:00:00.000Z,3061,5820379,62.59,3348,5408673,58.16,31041,46335,0.5,0,0,0,50.94,10.15,38.92
2021-08-02T00:00:00.000Z,3109,5823488,62.62,3152,5411825,58.2,58500,104835,1.13,0,0,0,50.72,10.24,39.03
2021-08-03T00:00:00.000Z,3366,5826854,62.66,3295,5415120,58.23,78953,183788,1.98,0,0,0,49.7,11.07,39.23
2021-08-04T00:00:00.000Z,3508,5830362,62.7,3226,5418346,58.27,80752,264540,2.84,0,0,0,48.7,11.86,39.44
2021-08-05T00:00:00.000Z,4493,5834855,62.75,3550,5421896,58.3,88432,352972,3.8,0,0,0,47.92,12.4,39.68
2021-08-06T00:00:00.000Z,2399,5837254,62.77,1824,5423720,58.32,44738,397710,4.28,0,0,0,46.97,13.26,39.77
2021-08-07T00:00:00.000Z,1016,5838270,62.78,664,5424384,58.33,27349,425059,4.57,0,0,0,45.82,14.34,39.84
2021-08-08T00:00:00.000Z,4992,5843262,62.84,3055,5427439,58.36,80069,505128,5.43,0,0,0,45.73,14.27,40
2021-08-09T00:00:00.000Z,5326,5848588,62.89,3033,5430472,58.4,76477,581605,6.25,0,0,0,45.97,13.98,40.05
2021-08-10T00:00:00.000Z,5536,5854124,62.95,3171,5433643,58.43,75414,657019,7.07,0,0,0,46.18,13.81,40.01
2021-08-11T00:00:00.000Z,5675,5859799,63.01,2920,5436563,58.46,62621,719640,7.74,0,0,0,46.57,13.52,39.91
2021-08-12T00:00:00.000Z,7012,5866811,63.09,3270,5439833,58.5,59452,779092,8.38,0,0,0,47.05,13.21,39.74
2021-08-13T00:00:00.000Z,3794,5870605,63.13,2049,5441882,58.52,43855,822947,8.85,0,0,0,47.01,13.29,39.7
2021-08-14T00:00:00.000Z,2245,5872850,63.15,836,5442718,58.53,44470,867417,9.33,0,0,0,46.77,13.49,39.74
2021-08-15T00:00:00.000Z,7155,5880005,63.23,4517,5447235,58.58,97947,965364,10.38,0,0,0,47.43,12.85,39.72
2021-08-16T00:00:00.000Z,6975,5886980,63.31,4723,5451958,58.63,89494,1054858,11.34,0,0,0,48.08,12.25,39.68
2021-08-17T00:00:00.000Z,7572,5894552,63.39,5115,5457073,58.68,83288,1138146,12.24,0,0,0,48.24,12.15,39.61
2021-08-18T00:00:00.000Z,8627,5903179,63.48,4592,5461665,58.73,69235,1207381,12.98,0,0,0,48.3,12.17,39.53
2021-08-19T00:00:00.000Z,10064,5913243,63.59,5196,5466861,58.79,65952,1273333,13.69,0,0,0,48.32,12.24,39.44
2021-08-20T00:00:00.000Z,4734,5917977,63.64,2793,5469654,58.82,60427,1333760,14.34,0,0,0,48.14,12.41,39.44
2021-08-21T00:00:00.000Z,3487,5921464,63.68,1557,5471211,58.83,50708,1384468,14.89,0,0,0,47.9,12.68,39.42
2021-08-22T00:00:00.000Z,9831,5931295,63.78,4786,5475997,58.89,105071,1489539,16.02,0,0,0,48.58,12.09,39.32
2021-08-23T00:00:00.000Z,10927,5942222,63.9,4425,5480422,58.93,93974,1583513,17.03,0,0,0,49.21,11.58,39.21
2021-08-24T00:00:00.000Z,11728,5953950,64.03,4689,5485111,58.98,98485,1681998,18.09,0,0,0,49.46,11.42,39.12
2021-08-25T00:00:00.000Z,9624,5963574,64.13,4462,5489573,59.03,99455,1781453,19.16,0,0,0,49.56,11.37,39.07
2021-08-26T00:00:00.000Z,10103,5973677,64.24,5031,5494604,59.09,101156,1882609,20.24,0,0,0,49.63,11.33,39.04
2021-08-27T00:00:00.000Z,4317,5977994,64.28,2762,5497366,59.12,56664,1939273,20.85,0,0,0,49.51,11.55,38.95
2021-08-28T00:00:00.000Z,3694,5981688,64.32,1478,5498844,59.13,33514,1972787,21.21,0,0,0,49.19,11.98,38.84
2021-08-29T00:00:00.000Z,10341,5992029,64.44,5928,5504772,59.2,79475,2052262,22.07,0,0,0,49.75,11.65,38.61
2021-08-30T00:00:00.000Z,12344,6004373,64.57,7001,5511773,59.27,115943,2168205,23.32,0,0,0,50.44,11.05,38.51
2021-08-31T00:00:00.000Z,12088,6016461,64.7,6501,5518274,59.34,114803,2283008,24.55,0,0,0,50.77,10.82,38.41
2021-09-01T00:00:00.000Z,9053,6025514,64.8,5998,5524272,59.41,112424,2395432,25.76,0,0,0,51.06,10.58,38.36
2021-09-02T00:00:00.000Z,8792,6034306,64.89,7155,5531427,59.48,111465,2506897,26.96,0,0,0,51.47,10.22,38.31
2021-09-03T00:00:00.000Z,3740,6038046,64.93,4090,5535517,59.53,58852,2565749,27.59,0,0,0,51.53,10.2,38.27
2021-09-04T00:00:00.000Z,2691,6040737,64.96,2008,5537525,59.55,29931,2595680,27.91,0,0,0,51.36,10.4,38.23
2021-09-05T00:00:00.000Z,7009,6047746,65.03,6448,5543973,59.62,73283,2668963,28.7,1,1,0,51.84,10.03,38.14
2021-09-06T00:00:00.000Z,2821,6050567,65.06,2679,5546652,59.65,22780,2691743,28.95,0,1,0,52.27,9.9,37.83
2021-09-07T00:00:00.000Z,1187,6051754,65.08,859,5547511,59.66,5382,2697125,29,0,1,0,52.37,10.13,37.5
2021-09-08T00:00:00.000Z,1376,6053130,65.09,1167,5548678,59.67,6607,2703732,29.07,0,1,0,52.44,10.39,37.17
2021-09-09T00:00:00.000Z,7102,6060232,65.17,12542,5561220,59.8,73800,2777532,29.87,0,1,0,52.79,10.21,36.99
2021-09-10T00:00:00.000Z,3243,6063475,65.2,4983,5566203,59.86,37915,2815447,30.28,0,1,0,52.75,10.34,36.91
2021-09-11T00:00:00.000Z,2107,6065582,65.23,2491,5568694,59.88,14802,2830249,30.44,0,1,0,52.38,10.77,36.85
2021-09-12T00:00:00.000Z,6118,6071700,65.29,8579,5577273,59.98,54093,2884342,31.02,0,1,0,52.69,10.57,36.74
2021-09-13T00:00:00.000Z,5621,6077321,65.35,8238,5585511,60.06,47929,2932271,31.53,0,1,0,52.86,10.37,36.76
2021-09-14T00:00:00.000Z,4955,6082276,65.41,7399,5592910,60.14,48822,2981093,32.06,0,1,0,52.63,10.52,36.85
2021-09-15T00:00:00.000Z,1737,6084013,65.42,2695,5595605,60.17,16670,2997763,32.24,0,1,0,52.21,10.93,36.86
2021-09-16T00:00:00.000Z,333,6084346,65.43,536,5596141,60.18,1737,2999500,32.26,0,1,0,51.98,11.42,36.59
2021-09-17T00:00:00.000Z,3677,6088023,65.47,7001,5603142,60.25,42871,3042371,32.72,0,1,0,51.93,11.5,36.57
2021-09-18T00:00:00.000Z,2250,6090273,65.49,2930,5606072,60.28,12777,3055148,32.85,0,1,0,51.53,11.93,36.54
2021-09-19T00:00:00.000Z,5964,6096237,65.56,10701,5616773,60.4,44288,3099436,33.33,0,1,0,51.73,11.82,36.44
2021-09-20T00:00:00.000Z,3239,6099476,65.59,4622,5621395,60.45,16683,3116119,33.51,0,1,0,51.86,11.84,36.3
2021-09-21T00:00:00.000Z,1328,6100804,65.61,2039,5623434,60.47,3465,3119584,33.55,0,1,0,51.53,12.34,36.13
2021-09-22T00:00:00.000Z,4253,6105057,65.65,7230,5630664,60.55,25043,3144627,33.82,0,1,0,51.13,12.74,36.12
2021-09-23T00:00:00.000Z,4397,6109454,65.7,5888,5636552,60.61,27799,3172426,34.11,0,1,0,50.75,13.08,36.17
2021-09-24T00:00:00.000Z,3196,6112650,65.73,4171,5640723,60.66,27699,3200125,34.41,0,1,0,50.65,13.27,36.08
2021-09-25T00:00:00.000Z,2079,6114729,65.75,2244,5642967,60.68,10423,3210548,34.52,0,1,0,50.32,13.63,36.05
2021-09-26T00:00:00.000Z,5619,6120348,65.82,5963,5648930,60.75,36235,3246783,34.91,0,1,0,50.56,13.48,35.95
2021-09-27T00:00:00.000Z,4697,6125045,65.87,4446,5653376,60.79,30427,3277210,35.24,1,2,0,50.72,13.33,35.95
2021-09-28T00:00:00.000Z,1461,6126506,65.88,1164,5654540,60.81,6233,3283443,35.31,0,2,0,50.48,13.59,35.94
2021-09-29T00:00:00.000Z,9635,6136141,65.98,8330,5662870,60.9,60279,3343722,35.96,0,2,0,50.67,13.36,35.97
2021-09-30T00:00:00.000Z,10970,6147111,66.1,8550,5671420,60.99,79656,3423378,36.81,0,2,0,51.24,12.7,36.07
2021-10-01T00:00:00.000Z,5118,6152229,66.16,3848,5675268,61.03,46493,3469871,37.31,0,2,0,51.32,12.6,36.08
2021-10-02T00:00:00.000Z,2863,6155092,66.19,2115,5677383,61.05,22412,3492283,37.55,0,2,0,51.24,12.67,36.09
2021-10-03T00:00:00.000Z,11670,6166762,66.31,7256,5684639,61.13,70695,3562978,38.31,0,2,0,51.81,12.09,36.11
2021-10-04T00:00:00.000Z,10322,6177084,66.43,6736,5691375,61.2,51857,3614835,38.87,0,2,0,52.28,11.63,36.09
2021-10-05T00:00:00.000Z,8451,6185535,66.52,5287,5696662,61.26,40440,3655275,39.31,0,2,0,52.55,11.31,36.15
2021-10-06T00:00:00.000Z,7558,6193093,66.6,4161,5700823,61.3,34082,3689357,39.67,0,2,0,52.9,11.14,35.96
2021-10-07T00:00:00.000Z,6907,6200000,66.67,3985,5704808,61.35,34006,3723363,40.04,0,2,0,53.39,10.91,35.7
2021-10-08T00:00:00.000Z,3086,6203086,66.7,2621,5707429,61.37,19209,3742572,40.25,0,2,0,53.62,10.82,35.56
2021-10-09T00:00:00.000Z,1335,6204421,66.72,1427,5708856,61.39,7424,3749996,40.33,0,2,0,53.66,10.85,35.49
2021-10-10T00:00:00.000Z,4683,6209104,66.77,3734,5712590,61.43,21492,3771488,40.56,0,2,0,54.13,10.63,35.24
2021-10-11T00:00:00.000Z,4295,6213399,66.82,2929,5715519,61.46,17238,3788726,40.74,0,2,0,54.51,10.44,35.05
2021-10-12T00:00:00.000Z,3971,6217370,66.86,2984,5718503,61.49,15334,3804060,40.91,0,2,0,54.66,10.42,34.91
2021-10-13T00:00:00.000Z,3495,6220865,66.9,2434,5720937,61.52,13538,3817598,41.05,0,2,0,54.81,10.41,34.78
2021-10-14T00:00:00.000Z,3869,6224734,66.94,2672,5723609,61.55,16527,3834125,41.23,0,2,0,55,10.34,34.66
2021-10-15T00:00:00.000Z,1695,6226429,66.96,1658,5725267,61.57,8981,3843106,41.33,0,2,0,55.07,10.34,34.59
2021-10-16T00:00:00.000Z,729,6227158,66.96,938,5726205,61.58,4019,3847125,41.37,0,2,0,55.02,10.42,34.56
2021-10-17T00:00:00.000Z,3105,6230263,67,2513,5728718,61.6,12764,3859889,41.51,0,2,0,55.21,10.31,34.48
2021-10-18T00:00:00.000Z,2455,6232718,67.02,1663,5730381,61.62,10036,3869925,41.62,0,2,0,55.36,10.23,34.41
2021-10-19T00:00:00.000Z,2383,6235101,67.05,1264,5731645,61.64,9275,3879200,41.72,0,2,0,55.42,10.23,34.35
2021-10-20T00:00:00.000Z,2436,6237537,67.08,2279,5733924,61.66,10057,3889257,41.82,0,2,0,55.49,10.21,34.3
2021-10-21T00:00:00.000Z,3029,6240566,67.11,3072,5736996,61.69,12114,3901371,41.95,0,2,0,55.64,10.12,34.24
2021-10-22T00:00:00.000Z,1275,6241841,67.12,1410,5738406,61.71,5799,3907170,42.02,0,2,0,55.7,10.09,34.21
2021-10-23T00:00:00.000Z,559,6242400,67.13,1254,5739660,61.72,2551,3909721,42.04,0,2,0,55.74,10.07,34.2
2021-10-24T00:00:00.000Z,2511,6244911,67.15,2651,5742311,61.75,9833,3919554,42.15,0,2,0,55.84,10.01,34.15
2021-10-25T00:00:00.000Z,2629,6247540,67.18,2719,5745030,61.78,8476,3928030,42.24,0,2,0,55.95,9.94,34.11
2021-10-26T00:00:00.000Z,2371,6249911,67.21,2033,5747063,61.8,8494,3936524,42.33,0,2,0,56.02,9.9,34.08
2021-10-27T00:00:00.000Z,2295,6252206,67.23,2545,5749608,61.83,7923,3944447,42.42,0,2,0,56.09,9.87,34.04
2021-10-28T00:00:00.000Z,2494,6254700,67.26,2749,5752357,61.86,8636,3953083,42.51,0,2,0,56.17,9.83,33.99
2021-10-29T00:00:00.000Z,885,6255585,67.27,1124,5753481,61.87,4105,3957188,42.55,0,2,0,56.19,9.84,33.98
2021-10-30T00:00:00.000Z,354,6255939,67.27,518,5753999,61.88,1698,3958886,42.57,0,2,0,56.16,9.87,33.96
2021-10-31T00:00:00.000Z,2265,6258204,67.3,2481,5756480,61.9,8230,3967116,42.66,0,2,0,56.26,9.81,33.93
2021-11-01T00:00:00.000Z,1730,6259934,67.32,2082,5758562,61.92,6439,3973555,42.73,0,2,0,56.35,9.76,33.89
2021-11-02T00:00:00.000Z,2021,6261955,67.34,2023,5760585,61.95,6257,3979812,42.8,1,3,0,56.4,9.74,33.86
2021-11-03T00:00:00.000Z,1762,6263717,67.36,1875,5762460,61.97,5517,3985329,42.86,0,3,0,56.43,9.74,33.83
2021-11-04T00:00:00.000Z,2108,6265825,67.38,2783,5765243,62,7086,3992415,42.93,0,3,0,56.49,9.72,33.79
2021-11-05T00:00:00.000Z,772,6266597,67.39,883,5766126,62.01,3437,3995852,42.97,0,3,0,56.48,9.73,33.78
2021-11-06T00:00:00.000Z,341,6266938,67.39,379,5766505,62.01,1361,3997213,42.98,0,3,0,56.45,9.77,33.77
2021-11-07T00:00:00.000Z,1584,6268522,67.41,1766,5768271,62.03,6112,4003325,43.05,0,3,0,56.53,9.73,33.74
2021-11-08T00:00:00.000Z,1513,6270035,67.42,1579,5769850,62.05,5375,4008700,43.11,0,3,0,56.6,9.68,33.72
2021-11-09T00:00:00.000Z,1426,6271461,67.44,1582,5771432,62.06,5304,4014004,43.16,0,3,0,56.63,9.67,33.7
2021-11-10T00:00:00.000Z,1427,6272888,67.46,1638,5773070,62.08,4736,4018740,43.22,0,3,0,56.66,9.67,33.68
2021-11-11T00:00:00.000Z,1631,6274519,67.47,1921,5774991,62.1,5661,4024401,43.28,3,6,0,56.71,9.64,33.65
2021-11-12T00:00:00.000Z,622,6275141,67.48,805,5775796,62.11,2886,4027287,43.31,0,6,0,56.72,9.64,33.64
2021-11-13T00:00:00.000Z,250,6275391,67.48,279,5776075,62.11,1106,4028393,43.32,0,6,0,56.71,9.66,33.63
2021-11-14T00:00:00.000Z,1544,6276935,67.5,1622,5777697,62.13,5086,4033479,43.37,1,7,0,56.77,9.62,33.61
2021-11-15T00:00:00.000Z,1263,6278198,67.51,1605,5779302,62.15,4742,4038221,43.43,0,7,0,56.83,9.58,33.59
2021-11-16T00:00:00.000Z,1276,6279474,67.53,1389,5780691,62.16,4300,4042521,43.47,0,7,0,56.86,9.57,33.57
2021-11-17T00:00:00.000Z,1207,6280681,67.54,1542,5782233,62.18,3856,4046377,43.51,0,7,0,56.89,9.57,33.55
2021-11-18T00:00:00.000Z,1356,6282037,67.55,1672,5783905,62.2,4971,4051348,43.57,0,7,0,56.93,9.54,33.53
2021-11-19T00:00:00.000Z,586,6282623,67.56,742,5784647,62.21,2416,4053764,43.59,0,7,0,56.94,9.54,33.52
2021-11-20T00:00:00.000Z,233,6282856,67.56,236,5784883,62.21,910,4054674,43.6,1,8,0,56.93,9.56,33.51
2021-11-21T00:00:00.000Z,1422,6284278,67.58,1518,5786401,62.22,4851,4059525,43.65,0,8,0,56.98,9.52,33.5
2021-11-22T00:00:00.000Z,1675,6285953,67.6,1505,5787906,62.24,4196,4063721,43.7,1,9,0,57.04,9.48,33.47
2021-11-23T00:00:00.000Z,8616,6294569,67.69,1662,5789568,62.26,3964,4067685,43.74,0,9,0,57.14,9.46,33.4
2021-11-24T00:00:00.000Z,9352,6303921,67.79,1299,5790867,62.27,3877,4071562,43.78,0,9,0,57.23,9.44,33.33
2021-11-25T00:00:00.000Z,9820,6313741,67.89,1578,5792445,62.29,4799,4076361,43.84,0,9,0,57.31,9.44,33.25
2021-11-26T00:00:00.000Z,5606,6319347,67.96,729,5793174,62.3,2735,4079096,43.86,0,9,0,57.34,9.46,33.21
2021-11-27T00:00:00.000Z,4777,6324124,68.01,313,5793487,62.3,1138,4080234,43.88,0,9,0,57.35,9.48,33.17
2021-11-28T00:00:00.000Z,10153,6334277,68.12,1474,5794961,62.32,4870,4085104,43.93,0,9,0,57.46,9.45,33.09
2021-11-29T00:00:00.000Z,9038,6343315,68.21,1123,5796084,62.33,4328,4089432,43.98,0,9,0,57.57,9.42,33.01
2021-11-30T00:00:00.000Z,10045,6353360,68.32,1005,5797089,62.34,4039,4093471,44.02,1,10,0,57.65,9.42,32.93
2021-12-01T00:00:00.000Z,8624,6361984,68.41,1083,5798172,62.35,4389,4097860,44.07,2,12,0,57.73,9.42,32.86
2021-12-02T00:00:00.000Z,9170,6371154,68.51,1430,5799602,62.37,5055,4102915,44.12,4,16,0,57.82,9.4,32.78
2021-12-03T00:00:00.000Z,6337,6377491,68.58,656,5800258,62.37,2816,4105731,44.15,1,17,0,57.87,9.4,32.73
2021-12-04T00:00:00.000Z,2505,6379996,68.61,229,5800487,62.38,895,4106626,44.16,1,18,0,57.88,9.41,32.71
2021-12-05T00:00:00.000Z,8337,6388333,68.7,1251,5801738,62.39,4653,4111279,44.21,0,18,0,57.98,9.39,32.63
2021-12-06T00:00:00.000Z,6726,6395059,68.77,1183,5802921,62.4,4299,4115578,44.26,2,20,0,58.07,9.36,32.57
2021-12-07T00:00:00.000Z,5553,6400612,68.83,1488,5804409,62.42,3921,4119499,44.3,3,23,0,58.13,9.35,32.52
2021-12-08T00:00:00.000Z,4932,6405544,68.88,1187,5805596,62.43,3823,4123322,44.34,5,28,0,58.19,9.33,32.48
2021-12-09T00:00:00.000Z,6243,6411787,68.95,1220,5806816,62.44,4459,4127781,44.39,5,33,0,58.27,9.31,32.42
2021-12-10T00:00:00.000Z,3007,6414794,68.98,674,5807490,62.45,2632,4130413,44.42,2,35,0,58.31,9.3,32.39
2021-12-11T00:00:00.000Z,1490,6416284,69,248,5807738,62.45,987,4131400,44.43,0,35,0,58.32,9.3,32.38
2021-12-12T00:00:00.000Z,7278,6423562,69.08,1430,5809168,62.47,5216,4136616,44.48,2,37,0,58.42,9.27,32.32
2021-12-13T00:00:00.000Z,6181,6429743,69.14,1358,5810526,62.48,4304,4140920,44.53,2,39,0,58.5,9.24,32.26
2021-12-14T00:00:00.000Z,7323,6437066,69.22,6089,5816615,62.55,4885,4145805,44.58,7,46,0,58.59,9.21,32.2
2021-12-15T00:00:00.000Z,7206,6444272,69.3,7397,5824012,62.63,5395,4151200,44.64,1,47,0,58.68,9.18,32.14
2021-12-16T00:00:00.000Z,8081,6452353,69.39,8601,5832613,62.72,6505,4157705,44.71,5,52,0,58.78,9.15,32.07
2021-12-17T00:00:00.000Z,4395,6456748,69.43,5118,5837731,62.78,3892,4161597,44.75,3,55,0,58.83,9.14,32.04
2021-12-18T00:00:00.000Z,3937,6460685,69.47,2902,5840633,62.81,1326,4162923,44.77,1,56,0,58.86,9.14,32.01
2021-12-19T00:00:00.000Z,6986,6467671,69.55,9327,5849960,62.91,6234,4169157,44.83,2,58,0,58.96,9.1,31.94
2021-12-20T00:00:00.000Z,7980,6475651,69.64,7507,5857467,62.99,5368,4174525,44.89,6,64,0,59.05,9.08,31.87
2021-12-21T00:00:00.000Z,9554,6485205,69.74,8636,5866103,63.08,6416,4180941,44.96,4,68,0,59.18,9.05,31.77
2021-12-22T00:00:00.000Z,9667,6494872,69.84,8134,5874237,63.17,6193,4187134,45.03,8,76,0,59.31,9.03,31.66
2021-12-23T00:00:00.000Z,11548,6506420,69.97,10255,5884492,63.28,8083,4195217,45.11,12,88,0,59.46,9,31.54
2021-12-24T00:00:00.000Z,5885,6512305,70.03,6234,5890726,63.35,5219,4200436,45.17,4,92,0,59.55,8.98,31.47
2021-12-25T00:00:00.000Z,3337,6515642,70.07,2564,5893290,63.37,2015,4202451,45.19,3,95,0,59.59,8.98,31.44
2021-12-26T00:00:00.000Z,10659,6526301,70.18,8911,5902201,63.47,8178,4210629,45.28,5,100,0,59.75,8.93,31.32
2021-12-27T00:00:00.000Z,10372,6536673,70.29,7136,5909337,63.55,8139,4218768,45.37,79,179,0,59.9,8.89,31.21
2021-12-28T00:00:00.000Z,11379,6548052,70.41,7437,5916774,63.63,9583,4228351,45.47,89,268,0,60.05,8.86,31.09
2021-12-29T00:00:00.000Z,9954,6558006,70.52,5958,5922732,63.69,8307,4236658,45.56,10,278,0,60.19,8.83,30.98
2021-12-30T00:00:00.000Z,11018,6569024,70.64,7727,5930459,63.77,12200,4248858,45.69,5,283,0,60.36,8.79,30.86
2021-12-31T00:00:00.000Z,4837,6573861,70.69,3668,5934127,63.81,7259,4256117,45.77,83,366,0,60.44,8.77,30.8
2022-01-01T00:00:00.000Z,1991,6575852,70.71,1589,5935716,63.83,2737,4258854,45.8,34,400,0,60.46,8.76,30.77
2022-01-02T00:00:00.000Z,10226,6586078,70.82,6487,5942203,63.9,12975,4271829,45.94,331,731,0.01,60.63,8.71,30.66
2022-01-03T00:00:00.000Z,9390,6595468,70.92,5243,5947446,63.96,11287,4283116,46.06,12088,12819,0.14,60.78,8.66,30.56
2022-01-04T00:00:00.000Z,8970,6604438,71.02,5941,5953387,64.02,10481,4293597,46.17,50331,63150,0.68,60.91,8.64,30.46
2022-01-05T00:00:00.000Z,8556,6612994,71.11,5727,5959114,64.08,10430,4304027,46.28,59590,122740,1.32,61.03,8.61,30.37
2022-01-06T00:00:00.000Z,10345,6623339,71.22,7957,5967071,64.17,13490,4317517,46.43,63986,186726,2.01,61.18,8.56,30.26
2022-01-07T00:00:00.000Z,4757,6628096,71.28,4543,5971614,64.22,8103,4325620,46.52,31132,217858,2.34,61.25,8.54,30.21
2022-01-08T00:00:00.000Z,2751,6630847,71.3,2447,5974061,64.24,5468,4331088,46.57,27623,245481,2.64,61.28,8.53,30.19
2022-01-09T00:00:00.000Z,9314,6640161,71.41,7726,5981787,64.33,11850,4342938,46.7,66820,312301,3.36,61.43,8.48,30.09
2022-01-10T00:00:00.000Z,8365,6648526,71.5,7647,5989434,64.41,11828,4354766,46.83,64845,377146,4.06,61.57,8.43,30
2022-01-11T00:00:00.000Z,8107,6656633,71.58,8618,5998052,64.5,11929,4366695,46.96,56683,433829,4.67,61.69,8.4,29.91
2022-01-12T00:00:00.000Z,7276,6663909,71.66,8312,6006364,64.59,11066,4377761,47.08,44597,478426,5.14,61.81,8.35,29.83
2022-01-13T00:00:00.000Z,7518,6671427,71.74,9613,6015977,64.69,11494,4389255,47.2,34761,513187,5.52,62,8.27,29.73
2022-01-14T00:00:00.000Z,2556,6673983,71.77,4925,6020902,64.75,6105,4395360,47.27,11163,524350,5.64,62.08,8.23,29.69
2022-01-15T00:00:00.000Z,1463,6675446,71.78,3161,6024063,64.78,3852,4399212,47.31,5713,530063,5.7,62.12,8.21,29.66
2022-01-16T00:00:00.000Z,3820,6679266,71.83,8518,6032581,64.87,7658,4406870,47.39,19998,550061,5.92,62.26,8.14,29.6
2022-01-17T00:00:00.000Z,2808,6682074,71.86,7041,6039622,64.95,6139,4413009,47.46,17835,567896,6.11,62.4,8.06,29.54
2022-01-18T00:00:00.000Z,2475,6684549,71.88,7368,6046990,65.03,5482,4418491,47.51,14846,582742,6.27,62.53,8,29.47
2022-01-19T00:00:00.000Z,1887,6686436,71.9,6358,6053348,65.09,4481,4422972,47.56,8444,591186,6.36,62.7,7.89,29.41
2022-01-20T00:00:00.000Z,1779,6688215,71.92,6957,6060305,65.17,4762,4427734,47.61,8036,599222,6.44,62.8,7.85,29.35
2022-01-21T00:00:00.000Z,900,6689115,71.93,3722,6064027,65.21,2608,4430342,47.64,3351,602573,6.48,62.92,7.77,29.32
2022-01-22T00:00:00.000Z,329,6689444,71.94,1456,6065483,65.23,1043,4431385,47.65,1110,603683,6.49,63,7.71,29.29
2022-01-23T00:00:00.000Z,1064,6690508,71.95,5624,6071107,65.29,2861,4434246,47.68,6080,609763,6.56,63.13,7.63,29.24
2022-01-24T00:00:00.000Z,755,6691263,71.95,4481,6075588,65.33,2237,4436483,47.71,5058,614821,6.61,63.22,7.58,29.2
2022-01-25T00:00:00.000Z,740,6692003,71.96,4395,6079983,65.38,2157,4438640,47.73,7092,621913,6.69,63.28,7.56,29.17
2022-01-26T00:00:00.000Z,613,6692616,71.97,3282,6083265,65.42,1586,4440226,47.75,4259,626172,6.73,63.37,7.5,29.13
2022-01-27T00:00:00.000Z,793,6693409,71.98,4401,6087666,65.46,1974,4442200,47.77,5432,631604,6.79,63.45,7.46,29.09
2022-01-28T00:00:00.000Z,393,6693802,71.98,2371,6090037,65.49,1142,4443342,47.78,3441,635045,6.83,63.49,7.44,29.06
2022-01-29T00:00:00.000Z,124,6693926,71.98,1039,6091076,65.5,405,4443747,47.79,1162,636207,6.84,63.57,7.39,29.05
2022-01-30T00:00:00.000Z,772,6694698,71.99,4713,6095789,65.55,2003,4445750,47.81,8093,644300,6.93,63.66,7.32,29.01
2022-01-31T00:00:00.000Z,527,6695225,72,3182,6098971,65.59,1587,4447337,47.82,6462,650762,7,63.84,7.19,28.98
2022-02-01T00:00:00.000Z,476,6695701,72,2776,6101747,65.62,1492,4448829,47.84,5710,656472,7.06,63.87,7.18,28.95
2022-02-02T00:00:00.000Z,375,6696076,72.01,2381,6104128,65.64,1353,4450182,47.86,5057,661529,7.11,63.88,7.19,28.93
2022-02-03T00:00:00.000Z,443,6696519,72.01,2774,6106902,65.67,1434,4451616,47.87,5599,667128,7.17,63.91,7.18,28.91
2022-02-04T00:00:00.000Z,174,6696693,72.01,984,6107886,65.68,729,4452345,47.88,2447,669575,7.2,63.94,7.17,28.89
2022-02-05T00:00:00.000Z,59,6696752,72.01,337,6108223,65.68,204,4452549,47.88,418,669993,7.2,63.91,7.2,28.89
2022-02-06T00:00:00.000Z,406,6697158,72.02,2316,6110539,65.71,1330,4453879,47.89,5675,675668,7.27,63.98,7.16,28.86
2022-02-07T00:00:00.000Z,279,6697437,72.02,1305,6111844,65.72,956,4454835,47.91,5945,681613,7.33,64.04,7.12,28.84
2022-02-08T00:00:00.000Z,310,6697747,72.02,1494,6113338,65.74,1044,4455879,47.92,6125,687738,7.4,64.09,7.09,28.83
2022-02-09T00:00:00.000Z,243,6697990,72.03,1093,6114431,65.75,917,4456796,47.93,4570,692308,7.44,64.12,7.07,28.81
2022-02-10T00:00:00.000Z,268,6698258,72.03,1289,6115720,65.77,917,4457713,47.94,4812,697120,7.5,64.15,7.05,28.8
2022-02-11T00:00:00.000Z,188,6698446,72.03,539,6116259,65.77,500,4458213,47.94,2527,699647,7.52,64.19,7.02,28.79
2022-02-12T00:00:00.000Z,26,6698472,72.03,89,6116348,65.77,111,4458324,47.94,262,699909,7.53,64.2,7.02,28.79
2022-02-13T00:00:00.000Z,286,6698758,72.04,945,6117293,65.78,959,4459283,47.95,4992,704901,7.58,64.24,6.98,28.78
2022-02-14T00:00:00.000Z,179,6698937,72.04,621,6117914,65.79,735,4460018,47.96,3130,708031,7.61,64.31,6.92,28.77
2022-02-15T00:00:00.000Z,266,6699203,72.04,762,6118676,65.8,910,4460928,47.97,3809,711840,7.65,64.34,6.91,28.76
2022-02-16T00:00:00.000Z,180,6699383,72.04,576,6119252,65.8,788,4461716,47.98,2477,714317,7.68,64.35,6.9,28.75
2022-02-17T00:00:00.000Z,247,6699630,72.04,736,6119988,65.81,756,4462472,47.99,3047,717364,7.71,64.37,6.89,28.74
2022-02-18T00:00:00.000Z,128,6699758,72.05,325,6120313,65.81,422,4462894,47.99,1111,718475,7.73,64.39,6.87,28.74
2022-02-19T00:00:00.000Z,17,6699775,72.05,80,6120393,65.82,70,4462964,47.99,74,718549,7.73,64.39,6.87,28.74
2022-02-20T00:00:00.000Z,204,6699979,72.05,604,6120997,65.82,712,4463676,48,2565,721114,7.75,64.42,6.85,28.73
2022-02-21T00:00:00.000Z,168,6700147,72.05,408,6121405,65.83,466,4464142,48.01,1536,722650,7.77,64.44,6.83,28.72
2022-02-22T00:00:00.000Z,155,6700302,72.05,451,6121856,65.83,556,4464698,48.01,1861,724511,7.79,64.45,6.83,28.72
2022-02-23T00:00:00.000Z,109,6700411,72.05,350,6122206,65.84,445,4465143,48.02,1150,725661,7.8,64.45,6.84,28.71
2022-02-24T00:00:00.000Z,136,6700547,72.05,452,6122658,65.84,554,4465697,48.02,1487,727148,7.82,64.44,6.85,28.71
2022-02-25T00:00:00.000Z,57,6700604,72.06,137,6122795,65.84,184,4465881,48.02,451,727599,7.82,64.44,6.85,28.71
2022-02-26T00:00:00.000Z,15,6700619,72.06,26,6122821,65.84,147,4466028,48.03,34,727633,7.82,64.43,6.86,28.71
2022-02-27T00:00:00.000Z,109,6700728,72.06,338,6123159,65.85,446,4466474,48.03,1119,728752,7.84,64.44,6.86,28.7
2022-02-28T00:00:00.000Z,109,6700837,72.06,262,6123421,65.85,407,4466881,48.03,902,729654,7.85,64.45,6.85,28.7
2022-03-01T00:00:00.000Z,94,6700931,72.06,277,6123698,65.85,358,4467239,48.04,792,730446,7.85,64.44,6.86,28.7
2022-03-02T00:00:00.000Z,74,6701005,72.06,199,6123897,65.85,317,4467556,48.04,692,731138,7.86,64.43,6.87,28.69
2022-03-03T00:00:00.000Z,148,6701153,72.06,367,6124264,65.86,487,4468043,48.05,986,732124,7.87,64.43,6.88,28.69
2022-03-04T00:00:00.000Z,46,6701199,72.06,148,6124412,65.86,156,4468199,48.05,226,732350,7.88,64.42,6.89,28.69
2022-03-05T00:00:00.000Z,1,6701200,72.06,23,6124435,65.86,39,4468238,48.05,29,732379,7.88,64.41,6.9,28.69
2022-03-06T00:00:00.000Z,93,6701293,72.06,258,6124693,65.86,409,4468647,48.05,760,733139,7.88,64.41,6.91,28.69
2022-03-07T00:00:00.000Z,89,6701382,72.06,255,6124948,65.86,342,4468989,48.06,605,733744,7.89,64.41,6.9,28.68
2022-03-08T00:00:00.000Z,100,6701482,72.06,264,6125212,65.87,330,4469319,48.06,541,734285,7.9,64.4,6.92,28.68
2022-03-09T00:00:00.000Z,86,6701568,72.07,212,6125424,65.87,328,4469647,48.06,489,734774,7.9,64.38,6.94,28.68
2022-03-10T00:00:00.000Z,114,6701682,72.07,368,6125792,65.87,418,4470065,48.07,614,735388,7.91,64.36,6.96,28.68
2022-03-11T00:00:00.000Z,24,6701706,72.07,85,6125877,65.87,114,4470179,48.07,141,735529,7.91,64.35,6.98,28.68
2022-03-12T00:00:00.000Z,7,6701713,72.07,9,6125886,65.87,26,4470205,48.07,26,735555,7.91,64.33,7,28.67
2022-03-13T00:00:00.000Z,93,6701806,72.07,270,6126156,65.88,355,4470560,48.07,592,736147,7.92,64.32,7.01,28.67
2022-03-14T00:00:00.000Z,63,6701869,72.07,249,6126405,65.88,313,4470873,48.08,557,736704,7.92,64.32,7.01,28.67
2022-03-15T00:00:00.000Z,78,6701947,72.07,181,6126586,65.88,283,4471156,48.08,580,737284,7.93,64.3,7.03,28.67
2022-03-16T00:00:00.000Z,73,6702020,72.07,205,6126791,65.88,300,4471456,48.08,667,737951,7.94,64.29,7.04,28.67
2022-03-17T00:00:00.000Z,63,6702083,72.07,120,6126911,65.89,280,4471736,48.09,601,738552,7.94,64.29,7.04,28.66
2022-03-18T00:00:00.000Z,18,6702101,72.07,52,6126963,65.89,96,4471832,48.09,226,738778,7.94,64.29,7.05,28.66
2022-03-19T00:00:00.000Z,5,6702106,72.07,10,6126973,65.89,25,4471857,48.09,37,738815,7.94,64.23,7.1,28.66
2022-03-20T00:00:00.000Z,118,6702224,72.07,253,6127226,65.89,477,4472334,48.09,1426,740241,7.96,64.22,7.12,28.66
2022-03-21T00:00:00.000Z,97,6702321,72.07,241,6127467,65.89,369,4472703,48.1,1121,741362,7.97,64.21,7.13,28.66
2022-03-22T00:00:00.000Z,142,6702463,72.08,339,6127806,65.9,493,4473196,48.1,1766,743128,7.99,64.18,7.16,28.66
2022-03-23T00:00:00.000Z,107,6702570,72.08,209,6128015,65.9,449,4473645,48.11,1673,744801,8.01,64.15,7.2,28.65
2022-03-24T00:00:00.000Z,176,6702746,72.08,343,6128358,65.9,752,4474397,48.12,2360,747161,8.03,64.13,7.22,28.65
2022-03-25T00:00:00.000Z,35,6702781,72.08,76,6128434,65.9,151,4474548,48.12,619,747780,8.04,64.12,7.22,28.65
2022-03-26T00:00:00.000Z,11,6702792,72.08,11,6128445,65.9,31,4474579,48.12,88,747868,8.04,64.12,7.23,28.65
2022-03-27T00:00:00.000Z,155,6702947,72.08,332,6128777,65.91,758,4475337,48.13,3185,751053,8.08,64.1,7.25,28.65
2022-03-28T00:00:00.000Z,113,6703060,72.08,267,6129044,65.91,613,4475950,48.13,2395,753448,8.1,64.1,7.25,28.65
2022-03-29T00:00:00.000Z,128,6703188,72.08,252,6129296,65.91,631,4476581,48.14,2761,756209,8.13,64.06,7.29,28.65
2022-03-30T00:00:00.000Z,136,6703324,72.08,208,6129504,65.91,529,4477110,48.14,2348,758557,8.16,64.04,7.32,28.65
2022-03-31T00:00:00.000Z,163,6703487,72.09,287,6129791,65.92,725,4477835,48.15,2826,761383,8.19,64.03,7.32,28.64
2022-04-01T00:00:00.000Z,115,6703602,72.09,144,6129935,65.92,263,4478098,48.16,577,761960,8.19,64.01,7.35,28.64
2022-04-02T00:00:00.000Z,6,6703608,72.09,4,6129939,65.92,27,4478125,48.16,46,762006,8.19,64,7.36,28.64
2022-04-03T00:00:00.000Z,151,6703759,72.09,247,6130186,65.92,563,4478688,48.16,2451,764457,8.22,63.99,7.37,28.64
2022-04-04T00:00:00.000Z,106,6703865,72.09,201,6130387,65.92,476,4479164,48.17,2182,766639,8.24,63.99,7.37,28.64
2022-04-05T00:00:00.000Z,118,6703983,72.09,216,6130603,65.93,509,4479673,48.17,2228,768867,8.27,63.96,7.4,28.64
2022-04-06T00:00:00.000Z,93,6704076,72.09,151,6130754,65.93,366,4480039,48.18,1975,770842,8.29,63.95,7.42,28.63
2022-04-07T00:00:00.000Z,4,6704080,72.09,12,6130766,65.93,40,4480079,48.18,270,771112,8.29,63.95,7.42,28.63
