Day_Date,vaccinated,vaccinated_cum,vaccinated_population_perc,vaccinated_seconde_dose,vaccinated_seconde_dose_cum,vaccinated_seconde_dose_population_perc,vaccinated_third_dose,vaccinated_third_dose_cum,vaccinated_third_dose_population_perc,vaccinated_fourth_dose,vaccinated_fourth_dose_cum,vaccinated_fourth_dose_population_perc,vaccinated_validity_perc,vaccinated_expired_perc,not_vaccinated_perc
2020-12-19T00:00:00.000Z,46,66,0,0,4,0,0,0,0,0,0,0,0,0,100
2020-12-20T00:00:00.000Z,7390,7456,0.08,0,4,0,0,0,0,0,0,0,0,0,100
2020-12-21T00:00:00.000Z,24918,32374,0.35,0,4,0,0,0,0,0,0,0,0,0,100
2020-12-22T00:00:00.000Z,44653,77027,0.83,0,4,0,0,0,0,0,0,0,0,0,100
2020-12-23T00:00:00.000Z,62904,139931,1.5,0,4,0,0,0,0,0,0,0,0,0,100
2020-12-24T00:00:00.000Z,73412,213343,2.29,0,4,0,0,0,0,0,0,0,0,0,100
2020-12-25T00:00:00.000Z,38506,251849,2.71,0,4,0,0,0,0,0,0,0,0,0,100
2020-12-26T00:00:00.000Z,32611,284460,3.06,0,4,0,0,0,0,0,0,0,0,0,100
2020-12-27T00:00:00.000Z,104544,389004,4.18,0,4,0,0,0,0,0,0,0,0,0,100
2020-12-28T00:00:00.000Z,134994,523998,5.63,0,4,0,0,0,0,0,0,0,0,0,100
2020-12-29T00:00:00.000Z,156263,680261,7.32,2,6,0,0,0,0,0,0,0,0,0,100
2020-12-30T00:00:00.000Z,153118,833379,8.96,0,6,0,0,0,0,0,0,0,0,0,100
2020-12-31T00:00:00.000Z,158516,991895,10.67,0,6,0,0,0,0,0,0,0,0,0,100
2021-01-01T00:00:00.000Z,71406,1063301,11.43,0,6,0,0,0,0,0,0,0,0,0,100
2021-01-02T00:00:00.000Z,71712,1135013,12.21,0,6,0,0,0,0,0,0,0,0,0,100
2021-01-03T00:00:00.000Z,149701,1284714,13.82,0,6,0,0,0,0,0,0,0,0,0,100
2021-01-04T00:00:00.000Z,152148,1436862,15.45,1,7,0,0,0,0,0,0,0,0,0,100
2021-01-05T00:00:00.000Z,125145,1562007,16.8,3,10,0,0,0,0,0,0,0,0,0,100
2021-01-06T00:00:00.000Z,103298,1665305,17.91,2,12,0,0,0,0,0,0,0,0,0,100
2021-01-07T00:00:00.000Z,115999,1781304,19.16,7,19,0,0,0,0,0,0,0,0,0,100
2021-01-08T00:00:00.000Z,66424,1847728,19.87,4,23,0,0,0,0,0,0,0,0,0,100
2021-01-09T00:00:00.000Z,44520,1892248,20.35,24,47,0,0,0,0,0,0,0,0,0,100
2021-01-10T00:00:00.000Z,37629,1929877,20.75,5997,6044,0.07,0,0,0,0,0,0,0,0,100
2021-01-11T00:00:00.000Z,21147,1951024,20.98,19259,25303,0.27,0,0,0,0,0,0,0,0,100
2021-01-12T00:00:00.000Z,24046,1975070,21.24,35666,60969,0.66,0,0,0,0,0,0,0,0,100
2021-01-13T00:00:00.000Z,52039,2027109,21.8,56863,117832,1.27,0,0,0,0,0,0,0,0,100
2021-01-14T00:00:00.000Z,56431,2083540,22.41,68826,186658,2.01,0,0,0,0,0,0,0,0,100
2021-01-15T00:00:00.000Z,30746,2114286,22.74,35930,222588,2.39,0,0,0,0,0,0,0,0,100
2021-01-16T00:00:00.000Z,29453,2143739,23.05,26004,248592,2.67,0,0,0,0,0,0,0,0,100
2021-01-17T00:00:00.000Z,68409,2212148,23.79,84581,333173,3.58,0,0,0,0,0,0,0.36,0,99.64
2021-01-18T00:00:00.000Z,69767,2281915,24.54,120404,453577,4.88,0,0,0,0,0,0,0.64,0,99.36
2021-01-19T00:00:00.000Z,72852,2354767,25.32,137808,591385,6.36,0,0,0,0,0,0,1.16,0,98.84
2021-01-20T00:00:00.000Z,76864,2431631,26.15,143724,735109,7.9,0,0,0,0,0,0,1.98,0,98.02
2021-01-21T00:00:00.000Z,69964,2501595,26.9,164400,899509,9.67,0,0,0,0,0,0,2.98,0,97.02
2021-01-22T00:00:00.000Z,37894,2539489,27.31,71111,970620,10.44,0,0,0,0,0,0,3.5,0,96.5
2021-01-23T00:00:00.000Z,39952,2579441,27.74,53569,1024189,11.01,0,0,0,0,0,0,3.89,0,96.11
2021-01-24T00:00:00.000Z,69098,2648539,28.48,140667,1164856,12.53,0,0,0,0,0,0,5.1,0,94.9
2021-01-25T00:00:00.000Z,80895,2729434,29.35,139484,1304340,14.03,0,0,0,0,0,0,6.78,0,93.22
2021-01-26T00:00:00.000Z,78684,2808118,30.2,126387,1430727,15.39,0,0,0,0,0,0,8.65,0,91.35
2021-01-27T00:00:00.000Z,77931,2886049,31.04,125021,1555748,16.73,0,0,0,0,0,0,10.56,0,89.44
2021-01-28T00:00:00.000Z,79533,2965582,31.89,130580,1686328,18.13,0,0,0,0,0,0,12.69,0,87.31
2021-01-29T00:00:00.000Z,36669,3002251,32.28,64769,1751097,18.83,0,0,0,0,0,0,13.61,0,86.39
2021-01-30T00:00:00.000Z,34387,3036638,32.65,42749,1793846,19.29,0,0,0,0,0,0,14.3,0,85.7
2021-01-31T00:00:00.000Z,73310,3109948,33.44,59482,1853328,19.93,0,0,0,0,0,0,16.07,0,83.93
2021-02-01T00:00:00.000Z,82470,3192418,34.33,35329,1888657,20.31,0,0,0,0,0,0,17.81,0,82.19
2021-02-02T00:00:00.000Z,70062,3262480,35.08,31051,1919708,20.64,0,0,0,0,0,0,19.35,0,80.65
2021-02-03T00:00:00.000Z,60274,3322754,35.73,51413,1971121,21.2,0,0,0,0,0,0,20.84,0,79.16
2021-02-04T00:00:00.000Z,72596,3395350,36.51,58067,2029188,21.82,0,0,0,0,0,0,22.39,0,77.61
2021-02-05T00:00:00.000Z,33911,3429261,36.88,28785,2057973,22.13,0,0,0,0,0,0,23.15,0,76.85
2021-02-06T00:00:00.000Z,21602,3450863,37.11,22219,2080192,22.37,0,0,0,0,0,0,23.64,0,76.36
2021-02-07T00:00:00.000Z,54066,3504929,37.69,68712,2148904,23.11,0,0,0,0,0,0,24.4,0,75.6
2021-02-08T00:00:00.000Z,58614,3563543,38.32,65439,2214343,23.81,0,0,0,0,0,0,24.95,0,75.05
2021-02-09T00:00:00.000Z,66315,3629858,39.03,67546,2281889,24.54,0,0,0,0,0,0,25.48,0,74.52
2021-02-10T00:00:00.000Z,70528,3700386,39.79,72284,2354173,25.32,0,0,0,0,0,0,26.23,0,73.77
2021-02-11T00:00:00.000Z,81138,3781524,40.66,72075,2426248,26.09,0,0,0,0,0,0,27.08,0,72.92
2021-02-12T00:00:00.000Z,39080,3820604,41.08,37569,2463817,26.49,0,0,0,0,0,0,27.5,0,72.5
2021-02-13T00:00:00.000Z,27451,3848055,41.38,30423,2494240,26.82,0,0,0,0,0,0,27.82,0,72.18
2021-02-14T00:00:00.000Z,74885,3922940,42.19,69057,2563297,27.56,0,0,0,0,0,0,28.76,0,71.24
2021-02-15T00:00:00.000Z,81514,4004454,43.06,75676,2638973,28.38,0,0,0,0,0,0,29.69,0,70.31
2021-02-16T00:00:00.000Z,83397,4087851,43.96,78257,2717230,29.22,0,0,0,0,0,0,30.64,0,69.36
2021-02-17T00:00:00.000Z,61956,4149807,44.63,75601,2792831,30.03,0,0,0,0,0,0,31.56,0,68.44
2021-02-18T00:00:00.000Z,69130,4218937,45.37,79713,2872544,30.89,0,0,0,0,0,0,32.51,0,67.49
2021-02-19T00:00:00.000Z,39648,4258585,45.79,38133,2910677,31.3,0,0,0,0,0,0,33.02,0,66.98
2021-02-20T00:00:00.000Z,31643,4290228,46.13,28717,2939394,31.61,0,0,0,0,0,0,33.43,0,66.57
2021-02-21T00:00:00.000Z,79411,4369639,46.99,78422,3017816,32.45,0,0,0,0,0,0,34.39,0,65.61
2021-02-22T00:00:00.000Z,85036,4454675,47.9,80575,3098391,33.32,0,0,0,0,0,0,35.44,0,64.56
2021-02-23T00:00:00.000Z,77310,4531985,48.73,70455,3168846,34.08,0,0,0,0,0,0,36.47,0,63.53
2021-02-24T00:00:00.000Z,61038,4593023,49.39,63109,3231955,34.75,0,0,0,0,0,0,37.4,0,62.6
2021-02-25T00:00:00.000Z,51700,4644723,49.95,64777,3296732,35.45,0,0,0,0,0,0,38.31,0,61.69
2021-02-26T00:00:00.000Z,25890,4670613,50.23,32015,3328747,35.8,0,0,0,0,0,0,38.76,0,61.24
2021-02-27T00:00:00.000Z,18335,4688948,50.42,21188,3349935,36.02,0,0,0,0,0,0,39.08,0,60.92
2021-02-28T00:00:00.000Z,40336,4729284,50.86,55859,3405794,36.62,0,0,0,0,0,0,39.92,0,60.08
2021-03-01T00:00:00.000Z,45715,4774999,51.35,61418,3467212,37.28,0,0,0,0,0,0,40.78,0,59.22
2021-03-02T00:00:00.000Z,41160,4816159,51.79,64766,3531978,37.98,0,0,0,0,0,0,41.54,0,58.46
2021-03-03T00:00:00.000Z,41995,4858154,52.24,66751,3598729,38.7,0,0,0,0,0,0,42.25,0,57.75
2021-03-04T00:00:00.000Z,39684,4897838,52.67,79096,3677825,39.55,0,0,0,0,0,0,42.95,0,57.05
2021-03-05T00:00:00.000Z,17334,4915172,52.86,40448,3718273,39.98,0,0,0,0,0,0,43.28,0,56.72
2021-03-06T00:00:00.000Z,10701,4925873,52.97,25337,3743610,40.26,0,0,0,0,0,0,43.5,0,56.5
2021-03-07T00:00:00.000Z,31130,4957003,53.31,72824,3816434,41.04,0,0,0,0,0,0,44.09,0,55.91
2021-03-08T00:00:00.000Z,27348,4984351,53.6,73270,3889704,41.83,0,0,0,0,0,0,44.71,0,55.29
2021-03-09T00:00:00.000Z,26721,5011072,53.89,76580,3966284,42.65,0,0,0,0,0,0,45.37,0,54.63
2021-03-10T00:00:00.000Z,23321,5034393,54.14,58656,4024940,43.28,0,0,0,0,0,0,46.03,0,53.97
2021-03-11T00:00:00.000Z,23271,5057664,54.39,69068,4094008,44.02,0,0,0,0,0,0,46.76,0,53.24
2021-03-12T00:00:00.000Z,11251,5068915,54.51,41396,4135404,44.47,0,0,0,0,0,0,47.12,0,52.88
2021-03-13T00:00:00.000Z,7927,5076842,54.59,25233,4160637,44.74,0,0,0,0,0,0,47.35,0,52.65
2021-03-14T00:00:00.000Z,20958,5097800,54.82,73923,4234560,45.54,0,0,0,0,0,0,47.99,0,52.01
2021-03-15T00:00:00.000Z,20113,5117913,55.04,78251,4312811,46.38,0,0,0,0,0,0,48.61,0,51.39
2021-03-16T00:00:00.000Z,18725,5136638,55.24,71457,4384268,47.15,0,0,0,0,0,0,49.23,0,50.77
2021-03-17T00:00:00.000Z,17666,5154304,55.43,58986,4443254,47.78,0,0,0,0,0,0,49.72,0,50.28
2021-03-18T00:00:00.000Z,16014,5170318,55.6,58111,4501365,48.41,0,0,0,0,0,0,50.26,0,49.74
2021-03-19T00:00:00.000Z,6926,5177244,55.67,27966,4529331,48.71,0,0,0,0,0,0,50.56,0,49.44
2021-03-20T00:00:00.000Z,5207,5182451,55.73,15289,4544620,48.87,0,0,0,0,0,0,50.74,0,49.26
2021-03-21T00:00:00.000Z,13143,5195594,55.87,40485,4585105,49.31,0,0,0,0,0,0,51.27,0,48.73
2021-03-22T00:00:00.000Z,13549,5209143,56.02,40517,4625622,49.74,0,0,0,0,0,0,51.81,0,48.19
2021-03-23T00:00:00.000Z,2811,5211954,56.05,7281,4632903,49.82,0,0,0,0,0,0,52.24,0,47.76
2021-03-24T00:00:00.000Z,10986,5222940,56.16,46529,4679432,50.32,0,0,0,0,0,0,52.65,0,47.35
2021-03-25T00:00:00.000Z,10228,5233168,56.27,35407,4714839,50.7,0,0,0,0,0,0,53.04,0,46.96
2021-03-26T00:00:00.000Z,4163,5237331,56.32,13317,4728156,50.84,0,0,0,0,0,0,53.22,0,46.78
2021-03-27T00:00:00.000Z,1773,5239104,56.34,4257,4732413,50.89,0,0,0,0,0,0,53.31,0,46.69
2021-03-28T00:00:00.000Z,2096,5241200,56.36,4599,4737012,50.94,0,0,0,0,0,0,53.55,0,46.45
2021-03-29T00:00:00.000Z,6885,5248085,56.44,29997,4767009,51.26,0,0,0,0,0,0,53.81,0,46.19
2021-03-30T00:00:00.000Z,7858,5255943,56.52,22420,4789429,51.5,0,0,0,0,0,0,53.9,0,46.1
2021-03-31T00:00:00.000Z,8122,5264065,56.61,19454,4808883,51.71,0,0,0,0,0,0,54.2,0,45.8
2021-04-01T00:00:00.000Z,8165,5272230,56.69,18675,4827558,51.91,0,0,0,0,0,0,54.43,0,45.57
2021-04-02T00:00:00.000Z,2913,5275143,56.73,8111,4835669,52,0,0,0,0,0,0,54.52,0,45.48
2021-04-03T00:00:00.000Z,1413,5276556,56.74,2959,4838628,52.03,0,0,0,0,0,0,54.55,0,45.45
2021-04-04T00:00:00.000Z,9608,5286164,56.84,22817,4861445,52.28,0,0,0,0,0,0,54.64,0,45.36
2021-04-05T00:00:00.000Z,10327,5296491,56.96,21238,4882683,52.51,0,0,0,0,0,0,54.86,0,45.14
2021-04-06T00:00:00.000Z,8995,5305486,57.05,16759,4899442,52.69,0,0,0,0,0,0,55.03,0,44.97
2021-04-07T00:00:00.000Z,8890,5314376,57.15,15271,4914713,52.85,0,0,0,0,0,0,55.18,0,44.82
2021-04-08T00:00:00.000Z,9388,5323764,57.25,16976,4931689,53.03,0,0,0,0,0,0,55.34,0,44.66
2021-04-09T00:00:00.000Z,3577,5327341,57.29,6219,4937908,53.1,0,0,0,0,0,0,55.4,0,44.6
2021-04-10T00:00:00.000Z,1616,5328957,57.3,3502,4941410,53.14,0,0,0,0,0,0,55.43,0,44.57
2021-04-11T00:00:00.000Z,9017,5337974,57.4,14223,4955633,53.29,0,0,0,0,0,0,55.61,0,44.39
2021-04-12T00:00:00.000Z,8909,5346883,57.5,13207,4968840,53.43,0,0,0,0,0,0,55.77,0,44.23
2021-04-13T00:00:00.000Z,5810,5352693,57.56,4929,4973769,53.49,0,0,0,0,0,0,55.9,0,44.1
2021-04-14T00:00:00.000Z,3616,5356309,57.6,5284,4979053,53.54,0,0,0,0,0,0,56,0,44
2021-04-15T00:00:00.000Z,671,5356980,57.61,557,4979610,53.55,0,0,0,0,0,0,56.1,0,43.9
2021-04-16T00:00:00.000Z,3382,5360362,57.64,6624,4986234,53.62,0,0,0,0,0,0,56.15,0,43.85
2021-04-17T00:00:00.000Z,804,5361166,57.65,1962,4988196,53.64,0,0,0,0,0,0,56.17,0,43.83
2021-04-18T00:00:00.000Z,7085,5368251,57.73,7419,4995615,53.72,0,0,0,0,0,0,56.29,0,43.71
2021-04-19T00:00:00.000Z,6376,5374627,57.8,7102,5002717,53.8,0,0,0,0,0,0,56.4,0,43.6
2021-04-20T00:00:00.000Z,6254,5380881,57.86,6854,5009571,53.87,0,0,0,0,0,0,56.47,0,43.53
2021-04-21T00:00:00.000Z,6347,5387228,57.93,7074,5016645,53.95,0,0,0,0,0,0,56.54,0,43.46
2021-04-22T00:00:00.000Z,5919,5393147,58,7663,5024308,54.03,0,0,0,0,0,0,56.58,0,43.42
2021-04-23T00:00:00.000Z,2738,5395885,58.02,3364,5027672,54.07,0,0,0,0,0,0,56.63,0,43.37
2021-04-24T00:00:00.000Z,756,5396641,58.03,1276,5028948,54.08,0,0,0,0,0,0,56.64,0,43.36
2021-04-25T00:00:00.000Z,4819,5401460,58.08,6908,5035856,54.15,0,0,0,0,0,0,56.71,0,43.29
2021-04-26T00:00:00.000Z,5458,5406918,58.14,7869,5043725,54.24,0,0,0,0,0,0,56.79,0,43.21
2021-04-27T00:00:00.000Z,4487,5411405,58.19,6602,5050327,54.31,0,0,0,0,0,0,56.85,0,43.15
2021-04-28T00:00:00.000Z,4466,5415871,58.24,7287,5057614,54.39,0,0,0,0,0,0,56.92,0,43.08
2021-04-29T00:00:00.000Z,4345,5420216,58.29,7257,5064871,54.47,0,0,0,0,0,0,56.99,0,43.01
2021-04-30T00:00:00.000Z,1903,5422119,58.31,3165,5068036,54.5,0,0,0,0,0,0,57.02,0,42.98
2021-05-01T00:00:00.000Z,447,5422566,58.31,886,5068922,54.51,0,0,0,0,0,0,57.03,0,42.97
2021-05-02T00:00:00.000Z,3215,5425781,58.35,6068,5074990,54.57,0,0,0,0,0,0,57.08,0,42.92
2021-05-03T00:00:00.000Z,3528,5429309,58.38,5796,5080786,54.64,0,0,0,0,0,0,57.15,0,42.85
2021-05-04T00:00:00.000Z,3566,5432875,58.42,4705,5085491,54.69,0,0,0,0,0,0,57.2,0,42.8
2021-05-05T00:00:00.000Z,3268,5436143,58.46,4058,5089549,54.73,0,0,0,0,0,0,57.26,0,42.74
2021-05-06T00:00:00.000Z,3616,5439759,58.5,3112,5092661,54.76,0,0,0,0,0,0,57.32,0,42.68
2021-05-07T00:00:00.000Z,1807,5441566,58.52,2476,5095137,54.79,0,0,0,0,0,0,57.35,0,42.65
2021-05-08T00:00:00.000Z,230,5441796,58.52,492,5095629,54.8,0,0,0,0,0,0,57.35,0,42.65
2021-05-09T00:00:00.000Z,2836,5444632,58.55,4735,5100364,54.85,0,0,0,0,0,0,57.4,0,42.6
2021-05-10T00:00:00.000Z,2883,5447515,58.58,4684,5105048,54.9,0,0,0,0,0,0,57.45,0,42.55
2021-05-11T00:00:00.000Z,2604,5450119,58.61,3853,5108901,54.94,0,0,0,0,0,0,57.49,0,42.51
2021-05-12T00:00:00.000Z,2000,5452119,58.63,3307,5112208,54.97,0,0,0,0,0,0,57.53,0,42.47
2021-05-13T00:00:00.000Z,2025,5454144,58.65,3653,5115861,55.01,0,0,0,0,0,0,57.56,0,42.44
2021-05-14T00:00:00.000Z,951,5455095,58.66,1469,5117330,55.03,0,0,0,0,0,0,57.57,0,42.43
2021-05-15T00:00:00.000Z,238,5455333,58.66,238,5117568,55.03,0,0,0,0,0,0,57.58,0,42.42
2021-05-16T00:00:00.000Z,522,5455855,58.67,1196,5118764,55.04,0,0,0,0,0,0,57.6,0,42.4
2021-05-17T00:00:00.000Z,286,5456141,58.67,830,5119594,55.05,0,0,0,0,0,0,57.63,0,42.37
2021-05-18T00:00:00.000Z,1946,5458087,58.69,4920,5124514,55.11,0,0,0,0,0,0,57.66,0,42.34
2021-05-19T00:00:00.000Z,2205,5460292,58.72,5020,5129534,55.16,0,0,0,0,0,0,57.69,0,42.31
2021-05-20T00:00:00.000Z,2297,5462589,58.74,3859,5133393,55.2,0,0,0,0,0,0,57.72,0,42.28
2021-05-21T00:00:00.000Z,1165,5463754,58.75,1383,5134776,55.22,0,0,0,0,0,0,57.74,0,42.26
2021-05-22T00:00:00.000Z,204,5463958,58.76,384,5135160,55.22,0,0,0,0,0,0,57.74,0,42.26
2021-05-23T00:00:00.000Z,2267,5466225,58.78,3208,5138368,55.26,0,0,0,0,0,0,57.76,0,42.24
2021-05-24T00:00:00.000Z,2111,5468336,58.8,3578,5141946,55.29,0,0,0,0,0,0,57.78,0,42.22
2021-05-25T00:00:00.000Z,1808,5470144,58.82,2570,5144516,55.32,0,0,0,0,0,0,57.81,0,42.19
2021-05-26T00:00:00.000Z,1389,5471533,58.84,2478,5146994,55.35,0,0,0,0,0,0,57.85,0,42.15
2021-05-27T00:00:00.000Z,1827,5473360,58.86,3164,5150158,55.38,0,0,0,0,0,0,57.88,0,42.12
2021-05-28T00:00:00.000Z,759,5474119,58.87,1384,5151542,55.4,0,0,0,0,0,0,57.89,0,42.11
2021-05-29T00:00:00.000Z,171,5474290,58.87,217,5151759,55.4,0,0,0,0,0,0,57.89,0,42.11
2021-05-30T00:00:00.000Z,1631,5475921,58.89,1921,5153680,55.42,0,0,0,0,0,0,57.92,0,42.08
2021-05-31T00:00:00.000Z,1713,5477634,58.9,2077,5155757,55.44,0,0,0,0,0,0,57.95,0,42.05
2021-06-01T00:00:00.000Z,1355,5478989,58.92,1806,5157563,55.46,0,0,0,0,0,0,57.97,0,42.03
2021-06-02T00:00:00.000Z,1484,5480473,58.93,1590,5159153,55.48,0,0,0,0,0,0,57.99,0,42.01
2021-06-03T00:00:00.000Z,1661,5482134,58.95,1472,5160625,55.49,0,0,0,0,0,0,58.01,0,41.99
2021-06-04T00:00:00.000Z,1072,5483206,58.96,762,5161387,55.5,0,0,0,0,0,0,58.03,0,41.97
2021-06-05T00:00:00.000Z,174,5483380,58.97,150,5161537,55.5,0,0,0,0,0,0,58.03,0,41.97
2021-06-06T00:00:00.000Z,4276,5487656,59.01,988,5162525,55.52,0,0,0,0,0,0,58.07,0,41.93
2021-06-07T00:00:00.000Z,4411,5492067,59.06,796,5163321,55.52,0,0,0,0,0,0,58.1,0,41.9
2021-06-08T00:00:00.000Z,3718,5495785,59.1,1149,5164470,55.54,0,0,0,0,0,0,58.14,0,41.86
2021-06-09T00:00:00.000Z,3575,5499360,59.14,1299,5165769,55.55,0,0,0,0,0,0,58.17,0,41.83
2021-06-10T00:00:00.000Z,3326,5502686,59.17,1275,5167044,55.56,0,0,0,0,0,0,58.2,0,41.8
2021-06-11T00:00:00.000Z,1372,5504058,59.19,566,5167610,55.57,0,0,0,0,0,0,58.21,0,41.79
2021-06-12T00:00:00.000Z,206,5504264,59.19,158,5167768,55.57,0,0,0,0,0,0,58.21,0,41.79
2021-06-13T00:00:00.000Z,3093,5507357,59.22,1246,5169014,55.58,0,0,0,0,0,0,58.24,0,41.76
2021-06-14T00:00:00.000Z,3032,5510389,59.26,1513,5170527,55.6,0,0,0,0,0,0,58.26,0,41.74
2021-06-15T00:00:00.000Z,3122,5513511,59.29,1351,5171878,55.62,0,0,0,0,0,0,58.28,0,41.72
2021-06-16T00:00:00.000Z,2705,5516216,59.32,977,5172855,55.63,0,0,0,0,0,0,58.31,0,41.69
2021-06-17T00:00:00.000Z,2706,5518922,59.35,1177,5174032,55.64,0,0,0,0,0,0,58.33,0,41.67
2021-06-18T00:00:00.000Z,1242,5520164,59.36,481,5174513,55.64,0,0,0,0,0,0,58.34,0,41.66
2021-06-19T00:00:00.000Z,217,5520381,59.36,134,5174647,55.65,0,0,0,0,0,0,58.34,0,41.66
2021-06-20T00:00:00.000Z,3304,5523685,59.4,1318,5175965,55.66,0,0,0,0,0,0,58.37,0,41.63
2021-06-21T00:00:00.000Z,5228,5528913,59.46,1194,5177159,55.67,0,0,0,0,0,0,58.41,0,41.59
2021-06-22T00:00:00.000Z,6902,5535815,59.53,1082,5178241,55.68,0,0,0,0,0,0,58.46,0,41.54
2021-06-23T00:00:00.000Z,10715,5546530,59.64,1274,5179515,55.7,0,0,0,0,0,0,58.54,0,41.46
2021-06-24T00:00:00.000Z,12009,5558539,59.77,1447,5180962,55.71,0,0,0,0,0,0,58.62,0,41.38
2021-06-25T00:00:00.000Z,7082,5565621,59.85,912,5181874,55.72,0,0,0,0,0,0,58.67,0,41.33
2021-06-26T00:00:00.000Z,2258,5567879,59.87,188,5182062,55.73,0,0,0,0,0,0,58.68,0,41.32
2021-06-27T00:00:00.000Z,13609,5581488,60.02,3428,5185490,55.76,0,0,0,0,0,0,58.78,0,41.22
2021-06-28T00:00:00.000Z,14495,5595983,60.18,3654,5189144,55.8,0,0,0,0,0,0,58.88,0,41.12
2021-06-29T00:00:00.000Z,16685,5612668,60.36,3718,5192862,55.84,0,0,0,0,0,0,58.99,0,41.01
2021-06-30T00:00:00.000Z,16455,5629123,60.53,3375,5196237,55.88,0,0,0,0,0,0,59.11,0,40.89
2021-07-01T00:00:00.000Z,16787,5645910,60.71,3347,5199584,55.91,72,72,0,0,0,0,59.23,0,40.77
2021-07-02T00:00:00.000Z,9810,5655720,60.82,1573,5201157,55.93,4,76,0,0,0,0,59.3,0,40.7
2021-07-03T00:00:00.000Z,2657,5658377,60.85,288,5201445,55.93,1,77,0,0,0,0,59.32,0,40.68
2021-07-04T00:00:00.000Z,17715,5676092,61.04,3147,5204592,55.97,1,78,0,0,0,0,59.46,0,40.54
2021-07-05T00:00:00.000Z,17831,5693923,61.23,3018,5207610,56,4,82,0,0,0,0,59.6,0,40.4
2021-07-06T00:00:00.000Z,17818,5711741,61.42,3389,5210999,56.04,10,92,0,0,0,0,59.74,0,40.26
2021-07-07T00:00:00.000Z,15504,5727245,61.59,2671,5213670,56.07,11,103,0,0,0,0,59.87,0,40.13
2021-07-08T00:00:00.000Z,16558,5743803,61.77,2835,5216505,56.1,15,118,0,0,0,0,60,0,40
2021-07-09T00:00:00.000Z,11107,5754910,61.89,1506,5218011,56.11,3,121,0,0,0,0,60.09,0,39.91
2021-07-10T00:00:00.000Z,4966,5759876,61.94,373,5218384,56.12,5,126,0,0,0,0,60.13,0,39.87
2021-07-11T00:00:00.000Z,1451,5761327,61.95,2838,5221222,56.15,5,131,0,0,0,0,60.16,0,39.84
2021-07-12T00:00:00.000Z,2402,5763729,61.98,3668,5224890,56.19,50,181,0,0,0,0,60.2,0,39.8
2021-07-13T00:00:00.000Z,2941,5766670,62.01,5432,5230322,56.24,124,305,0,0,0,0,60.25,0,39.75
2021-07-14T00:00:00.000Z,2716,5769386,62.04,7493,5237815,56.32,440,745,0.01,0,0,0,60.29,0,39.71
2021-07-15T00:00:00.000Z,2971,5772357,62.07,9263,5247078,56.42,373,1118,0.01,0,0,0,60.34,0,39.66
2021-07-16T00:00:00.000Z,1262,5773619,62.09,5864,5252942,56.49,65,1183,0.01,0,0,0,60.36,0,39.64
2021-07-17T00:00:00.000Z,349,5773968,62.09,1375,5254317,56.5,6,1189,0.01,0,0,0,60.37,0,39.63
2021-07-18T00:00:00.000Z,2049,5776017,62.11,9758,5264075,56.61,235,1424,0.02,0,0,0,60.4,0,39.6
2021-07-19T00:00:00.000Z,3186,5779203,62.15,11320,5275395,56.73,457,1881,0.02,0,0,0,60.44,0,39.56
2021-07-20T00:00:00.000Z,2655,5781858,62.18,11885,5287280,56.86,370,2251,0.02,0,0,0,60.42,0.07,39.51
2021-07-21T00:00:00.000Z,2365,5784223,62.2,11852,5299132,56.98,322,2573,0.03,0,0,0,60.26,0.28,39.46
2021-07-22T00:00:00.000Z,2854,5787077,62.23,13232,5312364,57.13,389,2962,0.03,0,0,0,59.93,0.67,39.4
2021-07-23T00:00:00.000Z,2014,5789091,62.25,8201,5320565,57.21,102,3064,0.03,0,0,0,59.35,1.29,39.36
2021-07-24T00:00:00.000Z,618,5789709,62.26,1463,5322028,57.23,6,3070,0.03,0,0,0,58.61,2.04,39.35
2021-07-25T00:00:00.000Z,4408,5794117,62.31,15473,5337501,57.4,223,3293,0.04,0,0,0,58.29,2.43,39.28
2021-07-26T00:00:00.000Z,5149,5799266,62.36,13500,5351001,57.54,322,3615,0.04,0,0,0,58.1,2.71,39.19
2021-07-27T00:00:00.000Z,5463,5804729,62.42,13532,5364533,57.69,412,4027,0.04,0,0,0,57.27,3.63,39.1
2021-07-28T00:00:00.000Z,3966,5808695,62.46,12313,5376846,57.82,470,4497,0.05,0,0,0,56.05,4.93,39.02
2021-07-29T00:00:00.000Z,4637,5813332,62.51,14150,5390996,57.97,527,5024,0.05,0,0,0,54.65,6.41,38.93
2021-07-30T00:00:00.000Z,2636,5815968,62.54,10825,5401821,58.09,4116,9140,0.1,0,0,0,53.18,7.92,38.9
2021-07-31T00:00:00.000Z,1391,5817359,62.56,3536,5405357,58.13,6154,15294,0.16,0,0,0,51.46,9.64,38.9
2021-08-01T00:00:00.000Z,3061,5820420,62.59,3348,5408705,58.16,31041,46335,0.5,0,0,0,50.94,10.15,38.92
2021-08-02T00:00:00.000Z,3109,5823529,62.62,3152,5411857,58.2,58500,104835,1.13,0,0,0,50.72,10.24,39.03
2021-08-03T00:00:00.000Z,3366,5826895,62.66,3295,5415152,58.23,78953,183788,1.98,0,0,0,49.7,11.07,39.23
2021-08-04T00:00:00.000Z,3508,5830403,62.7,3226,5418378,58.27,80752,264540,2.84,0,0,0,48.7,11.86,39.44
2021-08-05T00:00:00.000Z,4493,5834896,62.75,3550,5421928,58.3,88432,352972,3.8,0,0,0,47.92,12.4,39.68
2021-08-06T00:00:00.000Z,2399,5837295,62.77,1825,5423753,58.32,44738,397710,4.28,0,0,0,46.97,13.26,39.77
2021-08-07T00:00:00.000Z,1016,5838311,62.78,664,5424417,58.33,27349,425059,4.57,0,0,0,45.82,14.34,39.84
2021-08-08T00:00:00.000Z,4992,5843303,62.84,3055,5427472,58.36,80069,505128,5.43,0,0,0,45.73,14.27,40
2021-08-09T00:00:00.000Z,5326,5848629,62.89,3033,5430505,58.4,76477,581605,6.25,0,0,0,45.97,13.98,40.05
2021-08-10T00:00:00.000Z,5536,5854165,62.95,3171,5433676,58.43,75414,657019,7.07,0,0,0,46.18,13.81,40.01
2021-08-11T00:00:00.000Z,5675,5859840,63.01,2920,5436596,58.46,62621,719640,7.74,0,0,0,46.57,13.52,39.91
2021-08-12T00:00:00.000Z,7012,5866852,63.09,3270,5439866,58.5,59452,779092,8.38,0,0,0,47.05,13.21,39.74
2021-08-13T00:00:00.000Z,3794,5870646,63.13,2050,5441916,58.52,43855,822947,8.85,0,0,0,47.01,13.29,39.7
2021-08-14T00:00:00.000Z,2245,5872891,63.15,836,5442752,58.53,44470,867417,9.33,0,0,0,46.77,13.49,39.74
2021-08-15T00:00:00.000Z,7155,5880046,63.23,4517,5447269,58.58,97947,965364,10.38,0,0,0,47.43,12.85,39.72
2021-08-16T00:00:00.000Z,6976,5887022,63.31,4723,5451992,58.63,89494,1054858,11.34,0,0,0,48.08,12.25,39.68
2021-08-17T00:00:00.000Z,7572,5894594,63.39,5115,5457107,58.68,83288,1138146,12.24,0,0,0,48.24,12.15,39.61
2021-08-18T00:00:00.000Z,8628,5903222,63.48,4592,5461699,58.73,69235,1207381,12.98,0,0,0,48.3,12.17,39.53
2021-08-19T00:00:00.000Z,10064,5913286,63.59,5196,5466895,58.79,65952,1273333,13.69,0,0,0,48.32,12.24,39.44
2021-08-20T00:00:00.000Z,4734,5918020,63.64,2793,5469688,58.82,60428,1333761,14.34,0,0,0,48.14,12.41,39.44
2021-08-21T00:00:00.000Z,3487,5921507,63.68,1557,5471245,58.84,50709,1384470,14.89,0,0,0,47.9,12.68,39.42
2021-08-22T00:00:00.000Z,9831,5931338,63.78,4786,5476031,58.89,105071,1489541,16.02,0,0,0,48.58,12.09,39.32
2021-08-23T00:00:00.000Z,10927,5942265,63.9,4425,5480456,58.93,93975,1583516,17.03,0,0,0,49.21,11.58,39.21
2021-08-24T00:00:00.000Z,11728,5953993,64.03,4689,5485145,58.98,98485,1682001,18.09,0,0,0,49.46,11.42,39.12
2021-08-25T00:00:00.000Z,9624,5963617,64.13,4462,5489607,59.03,99456,1781457,19.16,0,0,0,49.56,11.37,39.07
2021-08-26T00:00:00.000Z,10103,5973720,64.24,5031,5494638,59.09,101156,1882613,20.24,0,0,0,49.63,11.33,39.04
2021-08-27T00:00:00.000Z,4317,5978037,64.28,2762,5497400,59.12,56664,1939277,20.85,0,0,0,49.51,11.55,38.95
2021-08-28T00:00:00.000Z,3694,5981731,64.32,1478,5498878,59.13,33514,1972791,21.21,0,0,0,49.19,11.98,38.84
2021-08-29T00:00:00.000Z,10341,5992072,64.44,5928,5504806,59.2,79476,2052267,22.07,0,0,0,49.75,11.65,38.61
2021-08-30T00:00:00.000Z,12343,6004415,64.57,7001,5511807,59.27,115944,2168211,23.32,0,0,0,50.44,11.05,38.51
2021-08-31T00:00:00.000Z,12088,6016503,64.7,6501,5518308,59.34,114803,2283014,24.55,0,0,0,50.77,10.82,38.41
2021-09-01T00:00:00.000Z,9053,6025556,64.8,5998,5524306,59.41,112424,2395438,25.76,0,0,0,51.06,10.58,38.36
2021-09-02T00:00:00.000Z,8793,6034349,64.89,7155,5531461,59.48,111465,2506903,26.96,0,0,0,51.47,10.22,38.31
2021-09-03T00:00:00.000Z,3740,6038089,64.93,4090,5535551,59.53,58853,2565756,27.59,0,0,0,51.53,10.2,38.27
2021-09-04T00:00:00.000Z,2691,6040780,64.96,2008,5537559,59.55,29931,2595687,27.91,0,0,0,51.36,10.4,38.23
2021-09-05T00:00:00.000Z,7009,6047789,65.03,6448,5544007,59.62,73284,2668971,28.7,1,1,0,51.84,10.03,38.14
2021-09-06T00:00:00.000Z,2822,6050611,65.07,2679,5546686,59.65,22780,2691751,28.95,0,1,0,52.27,9.9,37.83
2021-09-07T00:00:00.000Z,1187,6051798,65.08,859,5547545,59.66,5382,2697133,29,0,1,0,52.37,10.13,37.5
2021-09-08T00:00:00.000Z,1376,6053174,65.09,1167,5548712,59.67,6607,2703740,29.07,0,1,0,52.44,10.39,37.17
2021-09-09T00:00:00.000Z,7102,6060276,65.17,12542,5561254,59.8,73800,2777540,29.87,0,1,0,52.79,10.21,36.99
2021-09-10T00:00:00.000Z,3243,6063519,65.2,4983,5566237,59.86,37915,2815455,30.28,0,1,0,52.75,10.34,36.91
2021-09-11T00:00:00.000Z,2107,6065626,65.23,2491,5568728,59.88,14802,2830257,30.44,0,1,0,52.38,10.77,36.85
2021-09-12T00:00:00.000Z,6118,6071744,65.29,8579,5577307,59.98,54093,2884350,31.02,0,1,0,52.69,10.57,36.74
2021-09-13T00:00:00.000Z,5621,6077365,65.35,8240,5585547,60.06,47931,2932281,31.53,0,1,0,52.86,10.37,36.76
2021-09-14T00:00:00.000Z,4956,6082321,65.41,7399,5592946,60.14,48822,2981103,32.06,0,1,0,52.63,10.52,36.85
2021-09-15T00:00:00.000Z,1737,6084058,65.42,2695,5595641,60.17,16670,2997773,32.24,0,1,0,52.21,10.93,36.86
2021-09-16T00:00:00.000Z,333,6084391,65.43,536,5596177,60.18,1737,2999510,32.26,0,1,0,51.98,11.42,36.59
2021-09-17T00:00:00.000Z,3677,6088068,65.47,7001,5603178,60.25,42871,3042381,32.72,0,1,0,51.93,11.5,36.57
2021-09-18T00:00:00.000Z,2250,6090318,65.49,2930,5606108,60.29,12777,3055158,32.85,0,1,0,51.53,11.93,36.54
2021-09-19T00:00:00.000Z,5964,6096282,65.56,10701,5616809,60.4,44288,3099446,33.33,0,1,0,51.73,11.82,36.44
2021-09-20T00:00:00.000Z,3239,6099521,65.59,4622,5621431,60.45,16683,3116129,33.51,0,1,0,51.86,11.84,36.3
2021-09-21T00:00:00.000Z,1328,6100849,65.61,2039,5623470,60.47,3467,3119596,33.55,0,1,0,51.53,12.34,36.13
2021-09-22T00:00:00.000Z,4253,6105102,65.65,7230,5630700,60.55,25043,3144639,33.82,0,1,0,51.13,12.74,36.12
2021-09-23T00:00:00.000Z,4397,6109499,65.7,5888,5636588,60.61,27799,3172438,34.11,0,1,0,50.75,13.08,36.17
2021-09-24T00:00:00.000Z,3196,6112695,65.73,4171,5640759,60.66,27699,3200137,34.41,0,1,0,50.65,13.27,36.08
2021-09-25T00:00:00.000Z,2079,6114774,65.76,2244,5643003,60.68,10423,3210560,34.52,0,1,0,50.32,13.63,36.05
2021-09-26T00:00:00.000Z,5619,6120393,65.82,5963,5648966,60.75,36235,3246795,34.91,0,1,0,50.56,13.48,35.95
2021-09-27T00:00:00.000Z,4697,6125090,65.87,4446,5653412,60.79,30427,3277222,35.24,1,2,0,50.72,13.33,35.95
2021-09-28T00:00:00.000Z,1461,6126551,65.88,1164,5654576,60.81,6233,3283455,35.31,0,2,0,50.48,13.59,35.94
2021-09-29T00:00:00.000Z,9635,6136186,65.99,8330,5662906,60.9,60279,3343734,35.96,0,2,0,50.67,13.36,35.97
2021-09-30T00:00:00.000Z,10970,6147156,66.1,8550,5671456,60.99,79656,3423390,36.81,0,2,0,51.24,12.7,36.07
2021-10-01T00:00:00.000Z,5118,6152274,66.16,3848,5675304,61.03,46493,3469883,37.31,0,2,0,51.32,12.6,36.08
2021-10-02T00:00:00.000Z,2863,6155137,66.19,2115,5677419,61.05,22412,3492295,37.55,0,2,0,51.24,12.67,36.09
2021-10-03T00:00:00.000Z,11670,6166807,66.31,7256,5684675,61.13,70697,3562992,38.31,0,2,0,51.81,12.09,36.11
2021-10-04T00:00:00.000Z,10322,6177129,66.43,6737,5691412,61.2,51857,3614849,38.87,0,2,0,52.28,11.63,36.09
2021-10-05T00:00:00.000Z,8452,6185581,66.52,5287,5696699,61.26,40440,3655289,39.31,0,2,0,52.55,11.31,36.15
2021-10-06T00:00:00.000Z,7558,6193139,66.6,4161,5700860,61.3,34082,3689371,39.67,0,2,0,52.9,11.14,35.96
2021-10-07T00:00:00.000Z,6907,6200046,66.67,3985,5704845,61.35,34006,3723377,40.04,0,2,0,53.39,10.91,35.7
2021-10-08T00:00:00.000Z,3086,6203132,66.71,2621,5707466,61.38,19209,3742586,40.25,0,2,0,53.62,10.82,35.56
2021-10-09T00:00:00.000Z,1335,6204467,66.72,1428,5708894,61.39,7424,3750010,40.33,0,2,0,53.66,10.85,35.49
2021-10-10T00:00:00.000Z,4683,6209150,66.77,3734,5712628,61.43,21492,3771502,40.56,0,2,0,54.13,10.63,35.24
2021-10-11T00:00:00.000Z,4295,6213445,66.82,2929,5715557,61.46,17239,3788741,40.74,0,2,0,54.51,10.44,35.05
2021-10-12T00:00:00.000Z,3971,6217416,66.86,2984,5718541,61.49,15334,3804075,40.91,0,2,0,54.66,10.42,34.91
2021-10-13T00:00:00.000Z,3496,6220912,66.9,2434,5720975,61.52,13538,3817613,41.05,0,2,0,54.81,10.41,34.78
2021-10-14T00:00:00.000Z,3868,6224780,66.94,2672,5723647,61.55,16529,3834142,41.23,0,2,0,55,10.34,34.66
2021-10-15T00:00:00.000Z,1695,6226475,66.96,1658,5725305,61.57,8982,3843124,41.33,0,2,0,55.07,10.34,34.59
2021-10-16T00:00:00.000Z,729,6227204,66.96,938,5726243,61.58,4019,3847143,41.37,0,2,0,55.02,10.42,34.56
2021-10-17T00:00:00.000Z,3105,6230309,67,2513,5728756,61.6,12764,3859907,41.51,0,2,0,55.21,10.31,34.48
2021-10-18T00:00:00.000Z,2456,6232765,67.02,1664,5730420,61.62,10035,3869942,41.62,0,2,0,55.36,10.23,34.41
2021-10-19T00:00:00.000Z,2383,6235148,67.05,1264,5731684,61.64,9275,3879217,41.72,0,2,0,55.42,10.23,34.35
2021-10-20T00:00:00.000Z,2436,6237584,67.08,2279,5733963,61.66,10057,3889274,41.82,0,2,0,55.49,10.21,34.3
2021-10-21T00:00:00.000Z,3029,6240613,67.11,3072,5737035,61.69,12114,3901388,41.95,0,2,0,55.64,10.12,34.24
2021-10-22T00:00:00.000Z,1275,6241888,67.12,1410,5738445,61.71,5799,3907187,42.02,0,2,0,55.7,10.09,34.21
2021-10-23T00:00:00.000Z,559,6242447,67.13,1254,5739699,61.72,2551,3909738,42.04,0,2,0,55.74,10.07,34.2
2021-10-24T00:00:00.000Z,2511,6244958,67.16,2651,5742350,61.75,9834,3919572,42.15,0,2,0,55.84,10.01,34.15
2021-10-25T00:00:00.000Z,2629,6247587,67.18,2719,5745069,61.78,8476,3928048,42.24,0,2,0,55.95,9.94,34.11
2021-10-26T00:00:00.000Z,2371,6249958,67.21,2033,5747102,61.8,8494,3936542,42.33,0,2,0,56.02,9.9,34.08
2021-10-27T00:00:00.000Z,2296,6252254,67.23,2545,5749647,61.83,7923,3944465,42.42,0,2,0,56.09,9.87,34.04
2021-10-28T00:00:00.000Z,2492,6254746,67.26,2749,5752396,61.86,8638,3953103,42.51,0,2,0,56.17,9.83,33.99
2021-10-29T00:00:00.000Z,885,6255631,67.27,1124,5753520,61.87,4106,3957209,42.55,0,2,0,56.19,9.84,33.98
2021-10-30T00:00:00.000Z,354,6255985,67.27,518,5754038,61.88,1698,3958907,42.57,0,2,0,56.16,9.87,33.96
2021-10-31T00:00:00.000Z,2265,6258250,67.3,2481,5756519,61.9,8230,3967137,42.66,0,2,0,56.26,9.81,33.93
2021-11-01T00:00:00.000Z,1730,6259980,67.32,2083,5758602,61.93,6440,3973577,42.73,0,2,0,56.35,9.76,33.89
2021-11-02T00:00:00.000Z,2021,6262001,67.34,2023,5760625,61.95,6258,3979835,42.8,1,3,0,56.4,9.74,33.86
2021-11-03T00:00:00.000Z,1762,6263763,67.36,1875,5762500,61.97,5517,3985352,42.86,0,3,0,56.43,9.74,33.83
2021-11-04T00:00:00.000Z,2108,6265871,67.38,2783,5765283,62,7088,3992440,42.93,0,3,0,56.49,9.72,33.79
2021-11-05T00:00:00.000Z,772,6266643,67.39,883,5766166,62.01,3437,3995877,42.97,0,3,0,56.48,9.73,33.78
2021-11-06T00:00:00.000Z,341,6266984,67.39,379,5766545,62.01,1361,3997238,42.98,0,3,0,56.45,9.77,33.77
2021-11-07T00:00:00.000Z,1584,6268568,67.41,1766,5768311,62.03,6112,4003350,43.05,0,3,0,56.53,9.73,33.74
2021-11-08T00:00:00.000Z,1513,6270081,67.43,1579,5769890,62.05,5375,4008725,43.11,0,3,0,56.6,9.68,33.72
2021-11-09T00:00:00.000Z,1426,6271507,67.44,1582,5771472,62.06,5304,4014029,43.16,0,3,0,56.63,9.67,33.7
2021-11-10T00:00:00.000Z,1427,6272934,67.46,1638,5773110,62.08,4736,4018765,43.22,0,3,0,56.66,9.67,33.68
2021-11-11T00:00:00.000Z,1631,6274565,67.47,1921,5775031,62.1,5661,4024426,43.28,3,6,0,56.71,9.64,33.65
2021-11-12T00:00:00.000Z,623,6275188,67.48,805,5775836,62.11,2886,4027312,43.31,0,6,0,56.72,9.64,33.64
2021-11-13T00:00:00.000Z,250,6275438,67.48,279,5776115,62.11,1106,4028418,43.32,0,6,0,56.71,9.66,33.63
2021-11-14T00:00:00.000Z,1544,6276982,67.5,1622,5777737,62.13,5086,4033504,43.37,1,7,0,56.77,9.62,33.61
2021-11-15T00:00:00.000Z,1263,6278245,67.51,1605,5779342,62.15,4742,4038246,43.43,0,7,0,56.83,9.58,33.59
2021-11-16T00:00:00.000Z,1276,6279521,67.53,1389,5780731,62.16,4300,4042546,43.47,0,7,0,56.86,9.57,33.57
2021-11-17T00:00:00.000Z,1207,6280728,67.54,1542,5782273,62.18,3856,4046402,43.51,0,7,0,56.89,9.57,33.55
2021-11-18T00:00:00.000Z,1356,6282084,67.55,1673,5783946,62.2,4972,4051374,43.57,0,7,0,56.93,9.54,33.53
2021-11-19T00:00:00.000Z,586,6282670,67.56,742,5784688,62.21,2416,4053790,43.59,0,7,0,56.94,9.54,33.52
2021-11-20T00:00:00.000Z,233,6282903,67.56,236,5784924,62.21,911,4054701,43.6,1,8,0,56.93,9.56,33.51
2021-11-21T00:00:00.000Z,1422,6284325,67.58,1518,5786442,62.22,4851,4059552,43.65,0,8,0,56.98,9.52,33.5
2021-11-22T00:00:00.000Z,1675,6286000,67.6,1505,5787947,62.24,4196,4063748,43.7,1,9,0,57.04,9.48,33.47
2021-11-23T00:00:00.000Z,8616,6294616,67.69,1662,5789609,62.26,3965,4067713,43.74,0,9,0,57.14,9.46,33.4
2021-11-24T00:00:00.000Z,9352,6303968,67.79,1299,5790908,62.27,3877,4071590,43.78,0,9,0,57.23,9.44,33.33
2021-11-25T00:00:00.000Z,9820,6313788,67.9,1578,5792486,62.29,4799,4076389,43.84,0,9,0,57.31,9.44,33.25
2021-11-26T00:00:00.000Z,5606,6319394,67.96,729,5793215,62.3,2736,4079125,43.86,0,9,0,57.34,9.46,33.21
2021-11-27T00:00:00.000Z,4777,6324171,68.01,313,5793528,62.3,1139,4080264,43.88,0,9,0,57.35,9.48,33.17
2021-11-28T00:00:00.000Z,10153,6334324,68.12,1474,5795002,62.32,4870,4085134,43.93,0,9,0,57.46,9.45,33.09
2021-11-29T00:00:00.000Z,9038,6343362,68.21,1124,5796126,62.33,4328,4089462,43.98,0,9,0,57.57,9.42,33.01
2021-11-30T00:00:00.000Z,10045,6353407,68.32,1006,5797132,62.34,4039,4093501,44.02,1,10,0,57.65,9.42,32.93
2021-12-01T00:00:00.000Z,8624,6362031,68.41,1083,5798215,62.35,4389,4097890,44.07,2,12,0,57.73,9.42,32.86
2021-12-02T00:00:00.000Z,9171,6371202,68.51,1430,5799645,62.37,5055,4102945,44.12,4,16,0,57.82,9.4,32.78
2021-12-03T00:00:00.000Z,6337,6377539,68.58,657,5800302,62.37,2816,4105761,44.15,1,17,0,57.87,9.4,32.73
2021-12-04T00:00:00.000Z,2505,6380044,68.61,229,5800531,62.38,895,4106656,44.16,1,18,0,57.88,9.41,32.71
2021-12-05T00:00:00.000Z,8337,6388381,68.7,1251,5801782,62.39,4653,4111309,44.21,0,18,0,57.98,9.39,32.63
2021-12-06T00:00:00.000Z,6725,6395106,68.77,1183,5802965,62.4,4300,4115609,44.26,2,20,0,58.07,9.36,32.57
2021-12-07T00:00:00.000Z,5553,6400659,68.83,1488,5804453,62.42,3921,4119530,44.3,3,23,0,58.13,9.35,32.52
2021-12-08T00:00:00.000Z,4932,6405591,68.88,1187,5805640,62.43,3823,4123353,44.34,5,28,0,58.19,9.33,32.48
2021-12-09T00:00:00.000Z,6243,6411834,68.95,1220,5806860,62.44,4460,4127813,44.39,5,33,0,58.27,9.31,32.42
2021-12-10T00:00:00.000Z,3007,6414841,68.98,674,5807534,62.45,2632,4130445,44.42,2,35,0,58.31,9.3,32.39
2021-12-11T00:00:00.000Z,1490,6416331,69,248,5807782,62.45,987,4131432,44.43,0,35,0,58.32,9.3,32.38
2021-12-12T00:00:00.000Z,7279,6423610,69.08,1430,5809212,62.47,5216,4136648,44.48,2,37,0,58.42,9.27,32.32
2021-12-13T00:00:00.000Z,6181,6429791,69.14,1358,5810570,62.48,4304,4140952,44.53,2,39,0,58.5,9.24,32.26
2021-12-14T00:00:00.000Z,7323,6437114,69.22,6089,5816659,62.55,4885,4145837,44.58,7,46,0,58.59,9.21,32.2
2021-12-15T00:00:00.000Z,7206,6444320,69.3,7397,5824056,62.63,5396,4151233,44.64,1,47,0,58.68,9.18,32.14
2021-12-16T00:00:00.000Z,8081,6452401,69.39,8601,5832657,62.72,6505,4157738,44.71,5,52,0,58.78,9.15,32.07
2021-12-17T00:00:00.000Z,4395,6456796,69.43,5118,5837775,62.78,3892,4161630,44.75,3,55,0,58.83,9.14,32.04
2021-12-18T00:00:00.000Z,3937,6460733,69.48,2902,5840677,62.81,1326,4162956,44.77,1,56,0,58.86,9.14,32.01
2021-12-19T00:00:00.000Z,6986,6467719,69.55,9327,5850004,62.91,6234,4169190,44.83,2,58,0,58.96,9.1,31.94
2021-12-20T00:00:00.000Z,7980,6475699,69.64,7507,5857511,62.99,5368,4174558,44.89,6,64,0,59.05,9.08,31.87
2021-12-21T00:00:00.000Z,9553,6485252,69.74,8636,5866147,63.08,6417,4180975,44.96,4,68,0,59.18,9.05,31.77
2021-12-22T00:00:00.000Z,9667,6494919,69.84,8134,5874281,63.17,6193,4187168,45.03,8,76,0,59.31,9.03,31.66
2021-12-23T00:00:00.000Z,11548,6506467,69.97,10255,5884536,63.28,8083,4195251,45.11,12,88,0,59.46,9,31.54
2021-12-24T00:00:00.000Z,5885,6512352,70.03,6235,5890771,63.35,5219,4200470,45.17,4,92,0,59.55,8.98,31.47
2021-12-25T00:00:00.000Z,3337,6515689,70.07,2564,5893335,63.37,2015,4202485,45.19,3,95,0,59.59,8.98,31.44
2021-12-26T00:00:00.000Z,10659,6526348,70.18,8911,5902246,63.47,8178,4210663,45.28,5,100,0,59.75,8.93,31.32
2021-12-27T00:00:00.000Z,10372,6536720,70.29,7136,5909382,63.55,8139,4218802,45.37,79,179,0,59.9,8.89,31.21
2021-12-28T00:00:00.000Z,11379,6548099,70.42,7437,5916819,63.63,9583,4228385,45.47,89,268,0,60.05,8.86,31.09
2021-12-29T00:00:00.000Z,9954,6558053,70.52,5958,5922777,63.69,8307,4236692,45.56,10,278,0,60.19,8.83,30.98
2021-12-30T00:00:00.000Z,11018,6569071,70.64,7727,5930504,63.77,12200,4248892,45.69,5,283,0,60.36,8.79,30.86
2021-12-31T00:00:00.000Z,4837,6573908,70.69,3668,5934172,63.81,7259,4256151,45.77,83,366,0,60.44,8.77,30.8
2022-01-01T00:00:00.000Z,1991,6575899,70.71,1589,5935761,63.83,2737,4258888,45.8,34,400,0,60.46,8.76,30.77
2022-01-02T00:00:00.000Z,10226,6586125,70.82,6487,5942248,63.9,12975,4271863,45.94,331,731,0.01,60.63,8.71,30.66
2022-01-03T00:00:00.000Z,9390,6595515,70.92,5243,5947491,63.96,11287,4283150,46.06,12091,12822,0.14,60.78,8.66,30.56
2022-01-04T00:00:00.000Z,8970,6604485,71.02,5941,5953432,64.02,10481,4293631,46.17,50333,63155,0.68,60.91,8.64,30.46
2022-01-05T00:00:00.000Z,8556,6613041,71.11,5727,5959159,64.08,10430,4304061,46.28,59591,122746,1.32,61.03,8.61,30.37
2022-01-06T00:00:00.000Z,10345,6623386,71.22,7957,5967116,64.17,13490,4317551,46.43,63986,186732,2.01,61.18,8.56,30.26
2022-01-07T00:00:00.000Z,4757,6628143,71.28,4543,5971659,64.22,8103,4325654,46.52,31132,217864,2.34,61.25,8.54,30.21
2022-01-08T00:00:00.000Z,2750,6630893,71.31,2447,5974106,64.24,5468,4331122,46.57,27624,245488,2.64,61.28,8.53,30.19
2022-01-09T00:00:00.000Z,9314,6640207,71.41,7726,5981832,64.33,11851,4342973,46.7,66820,312308,3.36,61.43,8.48,30.09
2022-01-10T00:00:00.000Z,8365,6648572,71.5,7647,5989479,64.41,11828,4354801,46.83,64846,377154,4.06,61.57,8.43,30
2022-01-11T00:00:00.000Z,8107,6656679,71.58,8618,5998097,64.5,11930,4366731,46.96,56683,433837,4.67,61.69,8.4,29.91
2022-01-12T00:00:00.000Z,7276,6663955,71.66,8312,6006409,64.59,11066,4377797,47.08,44597,478434,5.14,61.81,8.35,29.83
2022-01-13T00:00:00.000Z,7517,6671472,71.74,9614,6016023,64.69,11494,4389291,47.2,34761,513195,5.52,62,8.27,29.73
2022-01-14T00:00:00.000Z,2555,6674027,71.77,4925,6020948,64.75,6105,4395396,47.27,11164,524359,5.64,62.08,8.23,29.69
2022-01-15T00:00:00.000Z,1463,6675490,71.78,3161,6024109,64.78,3852,4399248,47.31,5713,530072,5.7,62.12,8.21,29.66
2022-01-16T00:00:00.000Z,3820,6679310,71.83,8518,6032627,64.87,7658,4406906,47.39,19998,550070,5.92,62.26,8.14,29.6
2022-01-17T00:00:00.000Z,2808,6682118,71.86,7041,6039668,64.95,6141,4413047,47.46,17835,567905,6.11,62.4,8.06,29.54
2022-01-18T00:00:00.000Z,2475,6684593,71.88,7368,6047036,65.03,5482,4418529,47.51,14846,582751,6.27,62.53,8,29.47
2022-01-19T00:00:00.000Z,1887,6686480,71.9,6358,6053394,65.1,4481,4423010,47.56,8444,591195,6.36,62.7,7.89,29.41
2022-01-20T00:00:00.000Z,1779,6688259,71.92,6957,6060351,65.17,4763,4427773,47.61,8036,599231,6.44,62.8,7.85,29.35
2022-01-21T00:00:00.000Z,900,6689159,71.93,3722,6064073,65.21,2608,4430381,47.64,3351,602582,6.48,62.92,7.77,29.32
2022-01-22T00:00:00.000Z,329,6689488,71.94,1456,6065529,65.23,1043,4431424,47.65,1110,603692,6.49,63,7.71,29.29
2022-01-23T00:00:00.000Z,1064,6690552,71.95,5624,6071153,65.29,2861,4434285,47.68,6080,609772,6.56,63.13,7.63,29.24
2022-01-24T00:00:00.000Z,755,6691307,71.95,4481,6075634,65.33,2237,4436522,47.71,5058,614830,6.61,63.22,7.58,29.2
2022-01-25T00:00:00.000Z,740,6692047,71.96,4395,6080029,65.38,2157,4438679,47.73,7092,621922,6.69,63.28,7.56,29.17
2022-01-26T00:00:00.000Z,613,6692660,71.97,3282,6083311,65.42,1587,4440266,47.75,4259,626181,6.73,63.37,7.5,29.13
2022-01-27T00:00:00.000Z,793,6693453,71.98,4401,6087712,65.46,1974,4442240,47.77,5432,631613,6.79,63.45,7.46,29.09
2022-01-28T00:00:00.000Z,393,6693846,71.98,2371,6090083,65.49,1142,4443382,47.78,3441,635054,6.83,63.49,7.44,29.06
2022-01-29T00:00:00.000Z,124,6693970,71.98,1039,6091122,65.5,405,4443787,47.79,1162,636216,6.84,63.57,7.39,29.05
2022-01-30T00:00:00.000Z,772,6694742,71.99,4713,6095835,65.55,2003,4445790,47.81,8094,644310,6.93,63.66,7.32,29.01
2022-01-31T00:00:00.000Z,527,6695269,72,3182,6099017,65.59,1588,4447378,47.82,6462,650772,7,63.84,7.19,28.98
2022-02-01T00:00:00.000Z,476,6695745,72,2776,6101793,65.62,1492,4448870,47.84,5710,656482,7.06,63.87,7.18,28.95
2022-02-02T00:00:00.000Z,375,6696120,72.01,2381,6104174,65.64,1354,4450224,47.86,5057,661539,7.11,63.88,7.19,28.93
2022-02-03T00:00:00.000Z,443,6696563,72.01,2774,6106948,65.67,1435,4451659,47.87,5600,667139,7.17,63.91,7.18,28.91
2022-02-04T00:00:00.000Z,174,6696737,72.01,984,6107932,65.68,729,4452388,47.88,2447,669586,7.2,63.94,7.17,28.89
2022-02-05T00:00:00.000Z,59,6696796,72.01,337,6108269,65.69,204,4452592,47.88,418,670004,7.2,63.91,7.2,28.89
2022-02-06T00:00:00.000Z,405,6697201,72.02,2317,6110586,65.71,1330,4453922,47.9,5676,675680,7.27,63.98,7.16,28.86
2022-02-07T00:00:00.000Z,279,6697480,72.02,1305,6111891,65.72,956,4454878,47.91,5946,681626,7.33,64.04,7.12,28.84
2022-02-08T00:00:00.000Z,310,6697790,72.02,1494,6113385,65.74,1044,4455922,47.92,6125,687751,7.4,64.09,7.09,28.83
2022-02-09T00:00:00.000Z,243,6698033,72.03,1093,6114478,65.75,917,4456839,47.93,4570,692321,7.44,64.12,7.07,28.81
2022-02-10T00:00:00.000Z,268,6698301,72.03,1289,6115767,65.77,917,4457756,47.94,4812,697133,7.5,64.15,7.05,28.8
2022-02-11T00:00:00.000Z,189,6698490,72.03,539,6116306,65.77,501,4458257,47.94,2527,699660,7.52,64.19,7.02,28.79
2022-02-12T00:00:00.000Z,26,6698516,72.03,89,6116395,65.77,111,4458368,47.94,262,699922,7.53,64.2,7.02,28.79
2022-02-13T00:00:00.000Z,286,6698802,72.04,945,6117340,65.78,959,4459327,47.95,4992,704914,7.58,64.24,6.98,28.78
2022-02-14T00:00:00.000Z,179,6698981,72.04,621,6117961,65.79,735,4460062,47.96,3130,708044,7.61,64.31,6.92,28.77
2022-02-15T00:00:00.000Z,266,6699247,72.04,762,6118723,65.8,910,4460972,47.97,3809,711853,7.65,64.34,6.91,28.76
2022-02-16T00:00:00.000Z,180,6699427,72.04,576,6119299,65.8,788,4461760,47.98,2477,714330,7.68,64.35,6.9,28.75
2022-02-17T00:00:00.000Z,247,6699674,72.05,736,6120035,65.81,757,4462517,47.99,3047,717377,7.71,64.37,6.89,28.74
2022-02-18T00:00:00.000Z,128,6699802,72.05,325,6120360,65.82,422,4462939,47.99,1111,718488,7.73,64.39,6.87,28.74
2022-02-19T00:00:00.000Z,17,6699819,72.05,80,6120440,65.82,72,4463011,47.99,74,718562,7.73,64.39,6.87,28.74
2022-02-20T00:00:00.000Z,204,6700023,72.05,604,6121044,65.82,712,4463723,48,2565,721127,7.75,64.42,6.85,28.73
2022-02-21T00:00:00.000Z,168,6700191,72.05,408,6121452,65.83,466,4464189,48.01,1536,722663,7.77,64.44,6.83,28.72
2022-02-22T00:00:00.000Z,155,6700346,72.05,451,6121903,65.83,556,4464745,48.01,1861,724524,7.79,64.45,6.83,28.72
2022-02-23T00:00:00.000Z,109,6700455,72.05,350,6122253,65.84,445,4465190,48.02,1150,725674,7.8,64.45,6.84,28.71
2022-02-24T00:00:00.000Z,136,6700591,72.05,452,6122705,65.84,554,4465744,48.02,1487,727161,7.82,64.44,6.85,28.71
2022-02-25T00:00:00.000Z,57,6700648,72.06,137,6122842,65.84,184,4465928,48.02,451,727612,7.82,64.44,6.85,28.71
2022-02-26T00:00:00.000Z,15,6700663,72.06,26,6122868,65.84,147,4466075,48.03,34,727646,7.82,64.43,6.86,28.71
2022-02-27T00:00:00.000Z,109,6700772,72.06,338,6123206,65.85,446,4466521,48.03,1119,728765,7.84,64.44,6.86,28.7
2022-02-28T00:00:00.000Z,109,6700881,72.06,262,6123468,65.85,407,4466928,48.04,902,729667,7.85,64.45,6.85,28.7
2022-03-01T00:00:00.000Z,94,6700975,72.06,277,6123745,65.85,358,4467286,48.04,792,730459,7.86,64.44,6.86,28.7
2022-03-02T00:00:00.000Z,74,6701049,72.06,199,6123944,65.85,317,4467603,48.04,692,731151,7.86,64.43,6.87,28.69
2022-03-03T00:00:00.000Z,149,6701198,72.06,367,6124311,65.86,487,4468090,48.05,986,732137,7.87,64.43,6.88,28.69
2022-03-04T00:00:00.000Z,45,6701243,72.06,149,6124460,65.86,156,4468246,48.05,226,732363,7.88,64.42,6.89,28.69
2022-03-05T00:00:00.000Z,1,6701244,72.06,23,6124483,65.86,39,4468285,48.05,29,732392,7.88,64.41,6.9,28.69
2022-03-06T00:00:00.000Z,93,6701337,72.06,258,6124741,65.86,409,4468694,48.05,761,733153,7.88,64.41,6.91,28.69
2022-03-07T00:00:00.000Z,89,6701426,72.06,255,6124996,65.87,342,4469036,48.06,605,733758,7.89,64.41,6.9,28.68
2022-03-08T00:00:00.000Z,100,6701526,72.06,264,6125260,65.87,330,4469366,48.06,541,734299,7.9,64.4,6.92,28.68
2022-03-09T00:00:00.000Z,86,6701612,72.07,212,6125472,65.87,328,4469694,48.06,489,734788,7.9,64.38,6.94,28.68
2022-03-10T00:00:00.000Z,114,6701726,72.07,368,6125840,65.87,418,4470112,48.07,614,735402,7.91,64.36,6.96,28.68
2022-03-11T00:00:00.000Z,24,6701750,72.07,85,6125925,65.88,114,4470226,48.07,141,735543,7.91,64.35,6.98,28.68
2022-03-12T00:00:00.000Z,7,6701757,72.07,9,6125934,65.88,26,4470252,48.07,26,735569,7.91,64.33,7,28.67
2022-03-13T00:00:00.000Z,93,6701850,72.07,270,6126204,65.88,356,4470608,48.07,592,736161,7.92,64.32,7.01,28.67
2022-03-14T00:00:00.000Z,63,6701913,72.07,249,6126453,65.88,313,4470921,48.08,557,736718,7.92,64.32,7.01,28.67
2022-03-15T00:00:00.000Z,78,6701991,72.07,181,6126634,65.88,283,4471204,48.08,580,737298,7.93,64.3,7.03,28.67
2022-03-16T00:00:00.000Z,73,6702064,72.07,205,6126839,65.89,300,4471504,48.08,667,737965,7.94,64.29,7.04,28.67
2022-03-17T00:00:00.000Z,63,6702127,72.07,120,6126959,65.89,280,4471784,48.09,601,738566,7.94,64.29,7.04,28.66
2022-03-18T00:00:00.000Z,18,6702145,72.07,52,6127011,65.89,96,4471880,48.09,226,738792,7.94,64.29,7.05,28.66
2022-03-19T00:00:00.000Z,5,6702150,72.07,10,6127021,65.89,25,4471905,48.09,37,738829,7.95,64.23,7.1,28.66
2022-03-20T00:00:00.000Z,117,6702267,72.07,255,6127276,65.89,477,4472382,48.09,1426,740255,7.96,64.22,7.12,28.66
2022-03-21T00:00:00.000Z,97,6702364,72.07,241,6127517,65.89,369,4472751,48.1,1121,741376,7.97,64.21,7.13,28.66
2022-03-22T00:00:00.000Z,142,6702506,72.08,339,6127856,65.9,494,4473245,48.1,1766,743142,7.99,64.18,7.16,28.66
2022-03-23T00:00:00.000Z,107,6702613,72.08,209,6128065,65.9,450,4473695,48.11,1673,744815,8.01,64.15,7.2,28.65
2022-03-24T00:00:00.000Z,176,6702789,72.08,343,6128408,65.9,752,4474447,48.12,2360,747175,8.03,64.13,7.22,28.65
2022-03-25T00:00:00.000Z,35,6702824,72.08,76,6128484,65.9,151,4474598,48.12,619,747794,8.04,64.12,7.22,28.65
2022-03-26T00:00:00.000Z,11,6702835,72.08,11,6128495,65.9,31,4474629,48.12,88,747882,8.04,64.12,7.23,28.65
2022-03-27T00:00:00.000Z,155,6702990,72.08,332,6128827,65.91,758,4475387,48.13,3185,751067,8.08,64.1,7.25,28.65
2022-03-28T00:00:00.000Z,111,6703101,72.08,266,6129093,65.91,613,4476000,48.13,2398,753465,8.1,64.1,7.25,28.65
2022-03-29T00:00:00.000Z,128,6703229,72.08,254,6129347,65.91,631,4476631,48.14,2761,756226,8.13,64.06,7.29,28.65
2022-03-30T00:00:00.000Z,136,6703365,72.08,208,6129555,65.91,529,4477160,48.15,2349,758575,8.16,64.04,7.32,28.65
2022-03-31T00:00:00.000Z,163,6703528,72.09,286,6129841,65.92,726,4477886,48.15,2826,761401,8.19,64.03,7.32,28.64
2022-04-01T00:00:00.000Z,115,6703643,72.09,144,6129985,65.92,263,4478149,48.16,577,761978,8.19,64.01,7.35,28.64
2022-04-02T00:00:00.000Z,6,6703649,72.09,4,6129989,65.92,27,4478176,48.16,46,762024,8.19,64,7.36,28.64
2022-04-03T00:00:00.000Z,151,6703800,72.09,247,6130236,65.92,563,4478739,48.16,2452,764476,8.22,63.99,7.37,28.64
2022-04-04T00:00:00.000Z,106,6703906,72.09,201,6130437,65.92,476,4479215,48.17,2182,766658,8.24,63.99,7.37,28.64
2022-04-05T00:00:00.000Z,119,6704025,72.09,217,6130654,65.93,510,4479725,48.17,2228,768886,8.27,63.96,7.4,28.64
2022-04-06T00:00:00.000Z,92,6704117,72.09,153,6130807,65.93,367,4480092,48.18,1976,770862,8.29,63.95,7.42,28.63
2022-04-07T00:00:00.000Z,49,6704166,72.09,95,6130902,65.93,272,4480364,48.18,1349,772211,8.3,63.95,7.42,28.63
