Day_Date,vaccinated,vaccinated_cum,vaccinated_population_perc,vaccinated_seconde_dose,vaccinated_seconde_dose_cum,vaccinated_seconde_dose_population_perc,vaccinated_third_dose,vaccinated_third_dose_cum,vaccinated_third_dose_population_perc,vaccinated_fourth_dose,vaccinated_fourth_dose_cum,vaccinated_fourth_dose_population_perc,vaccinated_validity_perc,vaccinated_expired_perc,not_vaccinated_perc
2020-12-19T00:00:00.000Z,46,70,0,0,4,0,0,0,0,0,0,0,0,0,100
2020-12-20T00:00:00.000Z,7393,7463,0.08,0,4,0,0,0,0,0,0,0,0,0,100
2020-12-21T00:00:00.000Z,24922,32385,0.35,0,4,0,0,0,0,0,0,0,0,0,100
2020-12-22T00:00:00.000Z,44662,77047,0.83,0,4,0,0,0,0,0,0,0,0,0,100
2020-12-23T00:00:00.000Z,62914,139961,1.51,0,4,0,0,0,0,0,0,0,0,0,100
2020-12-24T00:00:00.000Z,73423,213384,2.29,0,4,0,0,0,0,0,0,0,0,0,100
2020-12-25T00:00:00.000Z,38512,251896,2.71,0,4,0,0,0,0,0,0,0,0,0,100
2020-12-26T00:00:00.000Z,32617,284513,3.06,0,4,0,0,0,0,0,0,0,0,0,100
2020-12-27T00:00:00.000Z,104562,389075,4.18,0,4,0,0,0,0,0,0,0,0,0,100
2020-12-28T00:00:00.000Z,135016,524091,5.64,0,4,0,0,0,0,0,0,0,0,0,100
2020-12-29T00:00:00.000Z,156308,680399,7.32,2,6,0,0,0,0,0,0,0,0,0,100
2020-12-30T00:00:00.000Z,153160,833559,8.96,0,6,0,0,0,0,0,0,0,0,0,100
2020-12-31T00:00:00.000Z,158562,992121,10.67,0,6,0,0,0,0,0,0,0,0,0,100
2021-01-01T00:00:00.000Z,71424,1063545,11.44,0,6,0,0,0,0,0,0,0,0,0,100
2021-01-02T00:00:00.000Z,71734,1135279,12.21,0,6,0,0,0,0,0,0,0,0,0,100
2021-01-03T00:00:00.000Z,149751,1285030,13.82,0,6,0,0,0,0,0,0,0,0,0,100
2021-01-04T00:00:00.000Z,152182,1437212,15.46,1,7,0,0,0,0,0,0,0,0,0,100
2021-01-05T00:00:00.000Z,125193,1562405,16.8,4,11,0,0,0,0,0,0,0,0,0,100
2021-01-06T00:00:00.000Z,103353,1665758,17.91,2,13,0,0,0,0,0,0,0,0,0,100
2021-01-07T00:00:00.000Z,116037,1781795,19.16,9,22,0,0,0,0,0,0,0,0,0,100
2021-01-08T00:00:00.000Z,66450,1848245,19.88,4,26,0,0,0,0,0,0,0,0,0,100
2021-01-09T00:00:00.000Z,44542,1892787,20.35,24,50,0,0,0,0,0,0,0,0,0,100
2021-01-10T00:00:00.000Z,37642,1930429,20.76,5999,6049,0.07,0,0,0,0,0,0,0,0,100
2021-01-11T00:00:00.000Z,21165,1951594,20.99,19263,25312,0.27,0,0,0,0,0,0,0,0,100
2021-01-12T00:00:00.000Z,24067,1975661,21.25,35671,60983,0.66,0,0,0,0,0,0,0,0,100
2021-01-13T00:00:00.000Z,52064,2027725,21.81,56872,117855,1.27,0,0,0,0,0,0,0,0,100
2021-01-14T00:00:00.000Z,56468,2084193,22.41,68833,186688,2.01,0,0,0,0,0,0,0,0,100
2021-01-15T00:00:00.000Z,30767,2114960,22.74,35938,222626,2.39,0,0,0,0,0,0,0,0,100
2021-01-16T00:00:00.000Z,29477,2144437,23.06,26006,248632,2.67,0,0,0,0,0,0,0,0,100
2021-01-17T00:00:00.000Z,68430,2212867,23.8,84590,333222,3.58,0,0,0,0,0,0,0.31,0,99.69
2021-01-18T00:00:00.000Z,69810,2282677,24.55,120422,453644,4.88,0,0,0,0,0,0,0.58,0,99.42
2021-01-19T00:00:00.000Z,72884,2355561,25.33,137829,591473,6.36,0,0,0,0,0,0,1.09,0,98.91
2021-01-20T00:00:00.000Z,76900,2432461,26.16,143752,735225,7.91,0,0,0,0,0,0,1.9,0,98.1
2021-01-21T00:00:00.000Z,69990,2502451,26.91,164444,899669,9.67,0,0,0,0,0,0,2.88,0,97.12
2021-01-22T00:00:00.000Z,37917,2540368,27.32,71127,970796,10.44,0,0,0,0,0,0,3.39,0,96.61
2021-01-23T00:00:00.000Z,39962,2580330,27.75,53583,1024379,11.02,0,0,0,0,0,0,3.77,0,96.23
2021-01-24T00:00:00.000Z,69139,2649469,28.49,140694,1165073,12.53,0,0,0,0,0,0,4.96,0,95.04
2021-01-25T00:00:00.000Z,80935,2730404,29.36,139503,1304576,14.03,0,0,0,0,0,0,6.61,0,93.39
2021-01-26T00:00:00.000Z,78716,2809120,30.21,126427,1431003,15.39,0,0,0,0,0,0,8.45,0,91.55
2021-01-27T00:00:00.000Z,77966,2887086,31.05,125055,1556058,16.73,0,0,0,0,0,0,10.34,0,89.66
2021-01-28T00:00:00.000Z,79563,2966649,31.9,130608,1686666,18.14,0,0,0,0,0,0,12.43,0,87.57
2021-01-29T00:00:00.000Z,36697,3003346,32.3,64784,1751450,18.83,0,0,0,0,0,0,13.34,0,86.66
2021-01-30T00:00:00.000Z,34392,3037738,32.67,42759,1794209,19.29,0,0,0,0,0,0,14.02,0,85.98
2021-01-31T00:00:00.000Z,73325,3111063,33.45,59495,1853704,19.93,0,0,0,0,0,0,15.76,0,84.24
2021-02-01T00:00:00.000Z,82495,3193558,34.34,35350,1889054,20.31,0,0,0,0,0,0,17.48,0,82.52
2021-02-02T00:00:00.000Z,70089,3263647,35.1,31062,1920116,20.65,0,0,0,0,0,0,19.01,0,80.99
2021-02-03T00:00:00.000Z,60303,3323950,35.74,51434,1971550,21.2,0,0,0,0,0,0,20.47,0,79.53
2021-02-04T00:00:00.000Z,72621,3396571,36.52,58087,2029637,21.83,0,0,0,0,0,0,22,0,78
2021-02-05T00:00:00.000Z,33940,3430511,36.89,28800,2058437,22.14,0,0,0,0,0,0,22.75,0,77.25
2021-02-06T00:00:00.000Z,21618,3452129,37.12,22228,2080665,22.37,0,0,0,0,0,0,23.23,0,76.77
2021-02-07T00:00:00.000Z,54075,3506204,37.7,68729,2149394,23.11,0,0,0,0,0,0,23.99,0,76.01
2021-02-08T00:00:00.000Z,58631,3564835,38.33,65458,2214852,23.82,0,0,0,0,0,0,24.52,0,75.48
2021-02-09T00:00:00.000Z,66342,3631177,39.05,67567,2282419,24.54,0,0,0,0,0,0,25.04,0,74.96
2021-02-10T00:00:00.000Z,70559,3701736,39.81,72302,2354721,25.32,0,0,0,0,0,0,25.77,0,74.23
2021-02-11T00:00:00.000Z,81155,3782891,40.68,72097,2426818,26.1,0,0,0,0,0,0,26.61,0,73.39
2021-02-12T00:00:00.000Z,39094,3821985,41.1,37587,2464405,26.5,0,0,0,0,0,0,27.02,0,72.98
2021-02-13T00:00:00.000Z,27458,3849443,41.39,30440,2494845,26.83,0,0,0,0,0,0,27.33,0,72.67
2021-02-14T00:00:00.000Z,74910,3924353,42.2,69077,2563922,27.57,0,0,0,0,0,0,28.25,0,71.75
2021-02-15T00:00:00.000Z,81539,4005892,43.08,75714,2639636,28.39,0,0,0,0,0,0,29.17,0,70.83
2021-02-16T00:00:00.000Z,83412,4089304,43.97,78286,2717922,29.23,0,0,0,0,0,0,30.11,0,69.89
2021-02-17T00:00:00.000Z,61976,4151280,44.64,75633,2793555,30.04,0,0,0,0,0,0,31.01,0,68.99
2021-02-18T00:00:00.000Z,69147,4220427,45.38,79729,2873284,30.9,0,0,0,0,0,0,31.94,0,68.06
2021-02-19T00:00:00.000Z,39666,4260093,45.81,38153,2911437,31.31,0,0,0,0,0,0,32.45,0,67.55
2021-02-20T00:00:00.000Z,31648,4291741,46.15,28723,2940160,31.62,0,0,0,0,0,0,32.85,0,67.15
2021-02-21T00:00:00.000Z,79428,4371169,47.01,78441,3018601,32.46,0,0,0,0,0,0,33.8,0,66.2
2021-02-22T00:00:00.000Z,85054,4456223,47.92,80588,3099189,33.33,0,0,0,0,0,0,34.83,0,65.17
2021-02-23T00:00:00.000Z,77320,4533543,48.75,70473,3169662,34.09,0,0,0,0,0,0,35.84,0,64.16
2021-02-24T00:00:00.000Z,61064,4594607,49.41,63136,3232798,34.76,0,0,0,0,0,0,36.76,0,63.24
2021-02-25T00:00:00.000Z,51724,4646331,49.96,64799,3297597,35.46,0,0,0,0,0,0,37.66,0,62.34
2021-02-26T00:00:00.000Z,25906,4672237,50.24,32038,3329635,35.81,0,0,0,0,0,0,38.1,0,61.9
2021-02-27T00:00:00.000Z,18347,4690584,50.44,21195,3350830,36.03,0,0,0,0,0,0,38.42,0,61.58
2021-02-28T00:00:00.000Z,40358,4730942,50.87,55869,3406699,36.63,0,0,0,0,0,0,39.24,0,60.76
2021-03-01T00:00:00.000Z,45738,4776680,51.37,61433,3468132,37.29,0,0,0,0,0,0,40.1,0,59.9
2021-03-02T00:00:00.000Z,41195,4817875,51.81,64791,3532923,37.99,0,0,0,0,0,0,40.85,0,59.15
2021-03-03T00:00:00.000Z,42020,4859895,52.26,66785,3599708,38.71,0,0,0,0,0,0,41.55,0,58.45
2021-03-04T00:00:00.000Z,39708,4899603,52.69,79112,3678820,39.56,0,0,0,0,0,0,42.24,0,57.76
2021-03-05T00:00:00.000Z,17358,4916961,52.87,40460,3719280,40,0,0,0,0,0,0,42.57,0,57.43
2021-03-06T00:00:00.000Z,10718,4927679,52.99,25342,3744622,40.27,0,0,0,0,0,0,42.78,0,57.22
2021-03-07T00:00:00.000Z,31152,4958831,53.32,72838,3817460,41.05,0,0,0,0,0,0,43.36,0,56.64
2021-03-08T00:00:00.000Z,27382,4986213,53.62,73290,3890750,41.84,0,0,0,0,0,0,43.97,0,56.03
2021-03-09T00:00:00.000Z,26749,5012962,53.91,76595,3967345,42.66,0,0,0,0,0,0,44.62,0,55.38
2021-03-10T00:00:00.000Z,23362,5036324,54.16,58678,4026023,43.29,0,0,0,0,0,0,45.27,0,54.73
2021-03-11T00:00:00.000Z,23295,5059619,54.41,69084,4095107,44.04,0,0,0,0,0,0,45.99,0,54.01
2021-03-12T00:00:00.000Z,11291,5070910,54.53,41408,4136515,44.48,0,0,0,0,0,0,46.34,0,53.66
2021-03-13T00:00:00.000Z,7946,5078856,54.62,25237,4161752,44.75,0,0,0,0,0,0,46.57,0,53.43
2021-03-14T00:00:00.000Z,20982,5099838,54.84,73930,4235682,45.55,0,0,0,0,0,0,47.2,0,52.8
2021-03-15T00:00:00.000Z,20138,5119976,55.06,78276,4313958,46.39,0,0,0,0,0,0,47.81,0,52.19
2021-03-16T00:00:00.000Z,18749,5138725,55.26,71473,4385431,47.16,0,0,0,0,0,0,48.43,0,51.57
2021-03-17T00:00:00.000Z,17698,5156423,55.45,59000,4444431,47.79,0,0,0,0,0,0,48.92,0,51.08
2021-03-18T00:00:00.000Z,16043,5172466,55.62,58125,4502556,48.42,0,0,0,0,0,0,49.45,0,50.55
2021-03-19T00:00:00.000Z,6948,5179414,55.7,27974,4530530,48.72,0,0,0,0,0,0,49.75,0,50.25
2021-03-20T00:00:00.000Z,5223,5184637,55.75,15297,4545827,48.88,0,0,0,0,0,0,49.93,0,50.07
2021-03-21T00:00:00.000Z,13167,5197804,55.89,40504,4586331,49.32,0,0,0,0,0,0,50.46,0,49.54
2021-03-22T00:00:00.000Z,13571,5211375,56.04,40534,4626865,49.76,0,0,0,0,0,0,51,0,49
2021-03-23T00:00:00.000Z,2838,5214213,56.07,7297,4634162,49.83,0,0,0,0,0,0,51.43,0,48.57
2021-03-24T00:00:00.000Z,10989,5225202,56.19,46551,4680713,50.33,0,0,0,0,0,0,51.84,0,48.16
2021-03-25T00:00:00.000Z,10257,5235459,56.3,35431,4716144,50.72,0,0,0,0,0,0,52.22,0,47.78
2021-03-26T00:00:00.000Z,4180,5239639,56.34,13327,4729471,50.86,0,0,0,0,0,0,52.4,0,47.6
2021-03-27T00:00:00.000Z,1784,5241423,56.36,4267,4733738,50.9,0,0,0,0,0,0,52.5,0,47.5
2021-03-28T00:00:00.000Z,2110,5243533,56.39,4608,4738346,50.95,0,0,0,0,0,0,52.74,0,47.26
2021-03-29T00:00:00.000Z,6904,5250437,56.46,30014,4768360,51.28,0,0,0,0,0,0,53,0,47
2021-03-30T00:00:00.000Z,7884,5258321,56.55,22449,4790809,51.52,0,0,0,0,0,0,53.08,0,46.92
2021-03-31T00:00:00.000Z,8146,5266467,56.63,19488,4810297,51.73,0,0,0,0,0,0,53.38,0,46.62
2021-04-01T00:00:00.000Z,8199,5274666,56.72,18697,4828994,51.93,0,0,0,0,0,0,53.62,0,46.38
2021-04-02T00:00:00.000Z,2927,5277593,56.75,8126,4837120,52.02,0,0,0,0,0,0,53.71,0,46.29
2021-04-03T00:00:00.000Z,1431,5279024,56.77,2978,4840098,52.05,0,0,0,0,0,0,53.74,0,46.26
2021-04-04T00:00:00.000Z,9617,5288641,56.87,22830,4862928,52.29,0,0,0,0,0,0,53.82,0,46.18
2021-04-05T00:00:00.000Z,10358,5298999,56.98,21268,4884196,52.52,0,0,0,0,0,0,54.04,0,45.96
2021-04-06T00:00:00.000Z,9021,5308020,57.08,16786,4900982,52.7,0,0,0,0,0,0,54.21,0,45.79
2021-04-07T00:00:00.000Z,8920,5316940,57.18,15303,4916285,52.87,0,0,0,0,0,0,54.36,0,45.64
2021-04-08T00:00:00.000Z,9419,5326359,57.28,17002,4933287,53.05,0,0,0,0,0,0,54.52,0,45.48
2021-04-09T00:00:00.000Z,3605,5329964,57.32,6245,4939532,53.12,0,0,0,0,0,0,54.58,0,45.42
2021-04-10T00:00:00.000Z,1630,5331594,57.33,3519,4943051,53.16,0,0,0,0,0,0,54.61,0,45.39
2021-04-11T00:00:00.000Z,9032,5340626,57.43,14245,4957296,53.31,0,0,0,0,0,0,54.78,0,45.22
2021-04-12T00:00:00.000Z,8929,5349555,57.53,13226,4970522,53.45,0,0,0,0,0,0,54.95,0,45.05
2021-04-13T00:00:00.000Z,5835,5355390,57.59,4953,4975475,53.5,0,0,0,0,0,0,55.08,0,44.92
2021-04-14T00:00:00.000Z,3642,5359032,57.63,5299,4980774,53.56,0,0,0,0,0,0,55.18,0,44.82
2021-04-15T00:00:00.000Z,689,5359721,57.64,574,4981348,53.57,0,0,0,0,0,0,55.27,0,44.73
2021-04-16T00:00:00.000Z,3408,5363129,57.67,6641,4987989,53.64,0,0,0,0,0,0,55.33,0,44.67
2021-04-17T00:00:00.000Z,818,5363947,57.68,1970,4989959,53.66,0,0,0,0,0,0,55.35,0,44.65
2021-04-18T00:00:00.000Z,7091,5371038,57.76,7432,4997391,53.74,0,0,0,0,0,0,55.47,0,44.53
2021-04-19T00:00:00.000Z,6393,5377431,57.83,7123,5004514,53.82,0,0,0,0,0,0,55.58,0,44.42
2021-04-20T00:00:00.000Z,6275,5383706,57.89,6881,5011395,53.89,0,0,0,0,0,0,55.65,0,44.35
2021-04-21T00:00:00.000Z,6370,5390076,57.96,7100,5018495,53.97,0,0,0,0,0,0,55.71,0,44.29
2021-04-22T00:00:00.000Z,5941,5396017,58.03,7681,5026176,54.05,0,0,0,0,0,0,55.75,0,44.25
2021-04-23T00:00:00.000Z,2755,5398772,58.06,3383,5029559,54.09,0,0,0,0,0,0,55.8,0,44.2
2021-04-24T00:00:00.000Z,766,5399538,58.06,1287,5030846,54.1,0,0,0,0,0,0,55.82,0,44.18
2021-04-25T00:00:00.000Z,4827,5404365,58.12,6918,5037764,54.17,0,0,0,0,0,0,55.89,0,44.11
2021-04-26T00:00:00.000Z,5472,5409837,58.17,7886,5045650,54.26,0,0,0,0,0,0,55.96,0,44.04
2021-04-27T00:00:00.000Z,4500,5414337,58.22,6618,5052268,54.33,0,0,0,0,0,0,56.03,0,43.97
2021-04-28T00:00:00.000Z,4489,5418826,58.27,7321,5059589,54.41,0,0,0,0,0,0,56.09,0,43.91
2021-04-29T00:00:00.000Z,4369,5423195,58.32,7285,5066874,54.49,0,0,0,0,0,0,56.16,0,43.84
2021-04-30T00:00:00.000Z,1917,5425112,58.34,3196,5070070,54.52,0,0,0,0,0,0,56.19,0,43.81
2021-05-01T00:00:00.000Z,456,5425568,58.34,892,5070962,54.53,0,0,0,0,0,0,56.2,0,43.8
2021-05-02T00:00:00.000Z,3224,5428792,58.38,6085,5077047,54.6,0,0,0,0,0,0,56.26,0,43.74
2021-05-03T00:00:00.000Z,3533,5432325,58.42,5827,5082874,54.66,0,0,0,0,0,0,56.32,0,43.68
2021-05-04T00:00:00.000Z,3583,5435908,58.46,4724,5087598,54.71,0,0,0,0,0,0,56.38,0,43.62
2021-05-05T00:00:00.000Z,3286,5439194,58.49,4086,5091684,54.75,0,0,0,0,0,0,56.44,0,43.56
2021-05-06T00:00:00.000Z,3637,5442831,58.53,3138,5094822,54.79,0,0,0,0,0,0,56.5,0,43.5
2021-05-07T00:00:00.000Z,1835,5444666,58.55,2499,5097321,54.81,0,0,0,0,0,0,56.52,0,43.48
2021-05-08T00:00:00.000Z,235,5444901,58.55,505,5097826,54.82,0,0,0,0,0,0,56.53,0,43.47
2021-05-09T00:00:00.000Z,2846,5447747,58.58,4744,5102570,54.87,0,0,0,0,0,0,56.58,0,43.42
2021-05-10T00:00:00.000Z,2891,5450638,58.61,4702,5107272,54.92,0,0,0,0,0,0,56.63,0,43.37
2021-05-11T00:00:00.000Z,2621,5453259,58.64,3875,5111147,54.96,0,0,0,0,0,0,56.67,0,43.33
2021-05-12T00:00:00.000Z,2023,5455282,58.66,3333,5114480,55,0,0,0,0,0,0,56.7,0,43.3
2021-05-13T00:00:00.000Z,2036,5457318,58.69,3677,5118157,55.04,0,0,0,0,0,0,56.73,0,43.27
2021-05-14T00:00:00.000Z,971,5458289,58.7,1488,5119645,55.05,0,0,0,0,0,0,56.75,0,43.25
2021-05-15T00:00:00.000Z,250,5458539,58.7,255,5119900,55.06,0,0,0,0,0,0,56.75,0,43.25
2021-05-16T00:00:00.000Z,527,5459066,58.7,1201,5121101,55.07,0,0,0,0,0,0,56.78,0,43.22
2021-05-17T00:00:00.000Z,295,5459361,58.71,841,5121942,55.08,0,0,0,0,0,0,56.81,0,43.19
2021-05-18T00:00:00.000Z,1956,5461317,58.73,4932,5126874,55.13,0,0,0,0,0,0,56.84,0,43.16
2021-05-19T00:00:00.000Z,2222,5463539,58.75,5034,5131908,55.19,0,0,0,0,0,0,56.87,0,43.13
2021-05-20T00:00:00.000Z,2307,5465846,58.78,3876,5135784,55.23,0,0,0,0,0,0,56.9,0,43.1
2021-05-21T00:00:00.000Z,1179,5467025,58.79,1402,5137186,55.24,0,0,0,0,0,0,56.92,0,43.08
2021-05-22T00:00:00.000Z,205,5467230,58.79,395,5137581,55.25,0,0,0,0,0,0,56.92,0,43.08
2021-05-23T00:00:00.000Z,2269,5469499,58.82,3214,5140795,55.28,0,0,0,0,0,0,56.94,0,43.06
2021-05-24T00:00:00.000Z,2128,5471627,58.84,3595,5144390,55.32,0,0,0,0,0,0,56.96,0,43.04
2021-05-25T00:00:00.000Z,1815,5473442,58.86,2583,5146973,55.35,0,0,0,0,0,0,56.99,0,43.01
2021-05-26T00:00:00.000Z,1401,5474843,58.87,2500,5149473,55.37,0,0,0,0,0,0,57.03,0,42.97
2021-05-27T00:00:00.000Z,1847,5476690,58.89,3180,5152653,55.41,0,0,0,0,0,0,57.06,0,42.94
2021-05-28T00:00:00.000Z,775,5477465,58.9,1402,5154055,55.42,0,0,0,0,0,0,57.07,0,42.93
2021-05-29T00:00:00.000Z,187,5477652,58.9,223,5154278,55.43,0,0,0,0,0,0,57.07,0,42.93
2021-05-30T00:00:00.000Z,1641,5479293,58.92,1933,5156211,55.45,0,0,0,0,0,0,57.1,0,42.9
2021-05-31T00:00:00.000Z,1730,5481023,58.94,2089,5158300,55.47,0,0,0,0,0,0,57.13,0,42.87
2021-06-01T00:00:00.000Z,1371,5482394,58.95,1816,5160116,55.49,0,0,0,0,0,0,57.47,0,42.53
2021-06-02T00:00:00.000Z,1508,5483902,58.97,1604,5161720,55.51,0,0,0,0,0,0,57.25,0,42.75
2021-06-03T00:00:00.000Z,1677,5485579,58.99,1485,5163205,55.52,0,0,0,0,0,0,57.27,0,42.73
2021-06-04T00:00:00.000Z,1090,5486669,59,777,5163982,55.53,0,0,0,0,0,0,57.28,0,42.72
2021-06-05T00:00:00.000Z,180,5486849,59,158,5164140,55.53,0,0,0,0,0,0,57.29,0,42.71
2021-06-06T00:00:00.000Z,4286,5491135,59.05,1002,5165142,55.54,0,0,0,0,0,0,57.31,0,42.69
2021-06-07T00:00:00.000Z,4430,5495565,59.1,807,5165949,55.55,0,0,0,0,0,0,57.34,0,42.66
2021-06-08T00:00:00.000Z,3733,5499298,59.14,1167,5167116,55.56,0,0,0,0,0,0,57.36,0,42.64
2021-06-09T00:00:00.000Z,3609,5502907,59.18,1321,5168437,55.58,0,0,0,0,0,0,57.4,0,42.6
2021-06-10T00:00:00.000Z,3351,5506258,59.21,1292,5169729,55.59,0,0,0,0,0,0,57.42,0,42.58
2021-06-11T00:00:00.000Z,1392,5507650,59.23,580,5170309,55.6,0,0,0,0,0,0,57.43,0,42.57
2021-06-12T00:00:00.000Z,213,5507863,59.23,169,5170478,55.6,0,0,0,0,0,0,57.43,0,42.57
2021-06-13T00:00:00.000Z,3100,5510963,59.26,1256,5171734,55.61,0,0,0,0,0,0,57.45,0,42.55
2021-06-14T00:00:00.000Z,3048,5514011,59.29,1523,5173257,55.63,0,0,0,0,0,0,57.46,0,42.54
2021-06-15T00:00:00.000Z,3135,5517146,59.33,1369,5174626,55.65,0,0,0,0,0,0,57.48,0,42.52
2021-06-16T00:00:00.000Z,2725,5519871,59.36,994,5175620,55.66,0,0,0,0,0,0,57.49,0,42.51
2021-06-17T00:00:00.000Z,2721,5522592,59.39,1192,5176812,55.67,0,0,0,0,0,0,57.51,0,42.49
2021-06-18T00:00:00.000Z,1262,5523854,59.4,500,5177312,55.67,0,0,0,0,0,0,57.52,0,42.48
2021-06-19T00:00:00.000Z,240,5524094,59.4,139,5177451,55.68,0,0,0,0,0,0,57.52,0,42.48
2021-06-20T00:00:00.000Z,3312,5527406,59.44,1330,5178781,55.69,0,0,0,0,0,0,57.54,0,42.46
2021-06-21T00:00:00.000Z,5234,5532640,59.5,1211,5179992,55.7,0,0,0,0,0,0,57.56,0,42.44
2021-06-22T00:00:00.000Z,6920,5539560,59.57,1094,5181086,55.71,0,0,0,0,0,0,57.58,0,42.42
2021-06-23T00:00:00.000Z,10744,5550304,59.69,1292,5182378,55.73,0,0,0,0,0,0,57.6,0,42.4
2021-06-24T00:00:00.000Z,12037,5562341,59.81,1460,5183838,55.74,0,0,0,0,0,0,57.62,0,42.38
2021-06-25T00:00:00.000Z,7105,5569446,59.89,940,5184778,55.75,0,0,0,0,0,0,57.62,0,42.38
2021-06-26T00:00:00.000Z,2265,5571711,59.92,196,5184974,55.76,0,0,0,0,0,0,57.63,0,42.37
2021-06-27T00:00:00.000Z,13628,5585339,60.06,3434,5188408,55.79,0,0,0,0,0,0,57.65,0,42.35
2021-06-28T00:00:00.000Z,14513,5599852,60.22,3672,5192080,55.83,0,0,0,0,0,0,57.68,0,42.32
2021-06-29T00:00:00.000Z,16705,5616557,60.4,3736,5195816,55.87,0,0,0,0,0,0,57.69,0,42.31
2021-06-30T00:00:00.000Z,16480,5633037,60.57,3391,5199207,55.91,0,0,0,0,0,0,57.72,0,42.28
2021-07-01T00:00:00.000Z,16822,5649859,60.76,3368,5202575,55.95,119,119,0,0,0,0,57.78,0,42.22
2021-07-02T00:00:00.000Z,9825,5659684,60.86,1595,5204170,55.96,7,126,0,0,0,0,57.79,0,42.21
2021-07-03T00:00:00.000Z,2672,5662356,60.89,296,5204466,55.97,1,127,0,0,0,0,57.79,0,42.21
2021-07-04T00:00:00.000Z,17731,5680087,61.08,3156,5207622,56,1,128,0,0,0,0,57.85,0,42.15
2021-07-05T00:00:00.000Z,17845,5697932,61.27,3040,5210662,56.03,7,135,0,0,0,0,57.91,0,42.09
2021-07-06T00:00:00.000Z,17838,5715770,61.46,3404,5214066,56.07,11,146,0,0,0,0,57.99,0,42.01
2021-07-07T00:00:00.000Z,15521,5731291,61.63,2694,5216760,56.1,12,158,0,0,0,0,58.05,0,41.95
2021-07-08T00:00:00.000Z,16578,5747869,61.81,2872,5219632,56.13,17,175,0,0,0,0,58.12,0,41.88
2021-07-09T00:00:00.000Z,11119,5758988,61.93,1530,5221162,56.15,4,179,0,0,0,0,58.15,0,41.85
2021-07-10T00:00:00.000Z,4982,5763970,61.98,384,5221546,56.15,6,185,0,0,0,0,58.15,0,41.85
2021-07-11T00:00:00.000Z,1454,5765424,62,2847,5224393,56.18,8,193,0,0,0,0,58.22,0,41.78
2021-07-12T00:00:00.000Z,2418,5767842,62.02,3679,5228072,56.22,56,249,0,0,0,0,58.29,0,41.71
2021-07-13T00:00:00.000Z,2954,5770796,62.06,5457,5233529,56.28,124,373,0,0,0,0,58.36,0,41.64
2021-07-14T00:00:00.000Z,2738,5773534,62.09,7524,5241053,56.36,441,814,0.01,0,0,0,58.42,0,41.58
2021-07-15T00:00:00.000Z,2995,5776529,62.12,9285,5250338,56.46,374,1188,0.01,0,0,0,58.5,0,41.5
2021-07-16T00:00:00.000Z,1281,5777810,62.13,5890,5256228,56.52,66,1254,0.01,0,0,0,58.54,0,41.46
2021-07-17T00:00:00.000Z,366,5778176,62.14,1387,5257615,56.54,7,1261,0.01,0,0,0,58.55,0,41.44
2021-07-18T00:00:00.000Z,2069,5780245,62.16,9765,5267380,56.64,235,1496,0.02,0,0,0,58.6,0,41.4
2021-07-19T00:00:00.000Z,3208,5783453,62.19,11340,5278720,56.76,461,1957,0.02,0,0,0,58.65,0,41.35
2021-07-20T00:00:00.000Z,2680,5786133,62.22,11904,5290624,56.89,373,2330,0.03,0,0,0,58.72,0,41.28
2021-07-21T00:00:00.000Z,2394,5788527,62.25,11873,5302497,57.02,325,2655,0.03,0,0,0,58.81,0,41.19
2021-07-22T00:00:00.000Z,2870,5791397,62.28,13265,5315762,57.16,391,3046,0.03,0,0,0,58.93,0,41.07
2021-07-23T00:00:00.000Z,2026,5793423,62.3,8231,5323993,57.25,106,3152,0.03,0,0,0,58.99,0,41.01
2021-07-24T00:00:00.000Z,639,5794062,62.31,1477,5325470,57.27,7,3159,0.03,0,0,0,58.99,0,41
2021-07-25T00:00:00.000Z,4413,5798475,62.35,15486,5340956,57.43,223,3382,0.04,0,0,0,59.1,0,40.89
2021-07-26T00:00:00.000Z,5162,5803637,62.41,13523,5354479,57.58,323,3705,0.04,0,0,0,59.24,0,40.75
2021-07-27T00:00:00.000Z,5485,5809122,62.47,13568,5368047,57.73,413,4118,0.04,0,0,0,59.37,0.01,40.62
2021-07-28T00:00:00.000Z,3982,5813104,62.51,12338,5380385,57.86,472,4590,0.05,0,0,0,59.5,0.01,40.49
2021-07-29T00:00:00.000Z,4656,5817760,62.56,14190,5394575,58.01,530,5120,0.06,0,0,0,59.65,0.01,40.33
2021-07-30T00:00:00.000Z,2643,5820403,62.59,10848,5405423,58.13,4122,9242,0.1,0,0,0,59.74,0.02,40.25
2021-07-31T00:00:00.000Z,1403,5821806,62.6,3546,5408969,58.17,6159,15401,0.17,0,0,0,59.75,0.02,40.23
2021-08-01T00:00:00.000Z,3072,5824878,62.64,3361,5412330,58.2,31046,46447,0.5,0,0,0,59.91,0.02,40.06
2021-08-02T00:00:00.000Z,3126,5828004,62.67,3165,5415495,58.24,58509,104956,1.13,0,0,0,60.06,0.03,39.91
2021-08-03T00:00:00.000Z,3380,5831384,62.71,3318,5418813,58.27,78951,183907,1.98,0,0,0,60.21,0.03,39.76
2021-08-04T00:00:00.000Z,3520,5834904,62.75,3246,5422059,58.31,80762,264669,2.85,0,0,0,60.34,0.03,39.63
2021-08-05T00:00:00.000Z,4504,5839408,62.79,3566,5425625,58.34,88440,353109,3.8,0,0,0,60.49,0.04,39.47
2021-08-06T00:00:00.000Z,2430,5841838,62.82,1844,5427469,58.36,44741,397850,4.28,0,0,0,60.6,0.04,39.36
2021-08-07T00:00:00.000Z,1026,5842864,62.83,691,5428160,58.37,27352,425202,4.57,0,0,0,60.63,0.04,39.32
2021-08-08T00:00:00.000Z,4987,5847851,62.88,3075,5431235,58.4,80085,505287,5.43,0,0,0,60.68,0.04,39.28
2021-08-09T00:00:00.000Z,5336,5853187,62.94,3052,5434287,58.44,76487,581774,6.26,0,0,0,60.72,0.04,39.24
2021-08-10T00:00:00.000Z,5544,5858731,63,3198,5437485,58.47,75425,657199,7.07,0,0,0,60.75,0.04,39.2
2021-08-11T00:00:00.000Z,5690,5864421,63.06,2937,5440422,58.5,62634,719833,7.74,0,0,0,60.79,0.04,39.17
2021-08-12T00:00:00.000Z,7024,5871445,63.14,3284,5443706,58.54,59459,779292,8.38,0,0,0,60.83,0.04,39.12
2021-08-13T00:00:00.000Z,3810,5875255,63.18,2059,5445765,58.56,43869,823161,8.85,0,0,0,60.84,0.05,39.11
2021-08-14T00:00:00.000Z,2247,5877502,63.2,849,5446614,58.57,44484,867645,9.33,0,0,0,60.85,0.05,39.1
2021-08-15T00:00:00.000Z,7139,5884641,63.28,4529,5451143,58.62,97977,965622,10.38,0,0,0,60.89,0.05,39.06
2021-08-16T00:00:00.000Z,6985,5891626,63.36,4738,5455881,58.67,89513,1055135,11.35,0,0,0,60.92,0.04,39.03
2021-08-17T00:00:00.000Z,7570,5899196,63.44,5130,5461011,58.73,83315,1138450,12.24,0,0,0,60.96,0.04,39
2021-08-18T00:00:00.000Z,8634,5907830,63.53,4599,5465610,58.77,69258,1207708,12.99,0,0,0,60.99,0.04,38.96
2021-08-19T00:00:00.000Z,10068,5917898,63.64,5210,5470820,58.83,65971,1273679,13.7,0,0,0,61.03,0.04,38.92
2021-08-20T00:00:00.000Z,4763,5922661,63.69,2821,5473641,58.86,60447,1334126,14.35,0,0,0,61.05,0.05,38.9
2021-08-21T00:00:00.000Z,3490,5926151,63.73,1574,5475215,58.88,50723,1384849,14.89,0,0,0,61.06,0.05,38.89
2021-08-22T00:00:00.000Z,9822,5935973,63.83,4800,5480015,58.93,105099,1489948,16.02,0,0,0,61.12,0.04,38.84
2021-08-23T00:00:00.000Z,10930,5946903,63.95,4442,5484457,58.98,94009,1583957,17.03,0,0,0,61.17,0.04,38.79
2021-08-24T00:00:00.000Z,11725,5958628,64.08,4696,5489153,59.03,98533,1682490,18.09,0,0,0,61.23,0.04,38.73
2021-08-25T00:00:00.000Z,9614,5968242,64.18,4477,5493630,59.08,99522,1782012,19.16,0,0,0,61.29,0.04,38.67
2021-08-26T00:00:00.000Z,10109,5978351,64.29,5050,5498680,59.13,101203,1883215,20.25,0,0,0,61.36,0.03,38.61
2021-08-27T00:00:00.000Z,4322,5982673,64.33,2778,5501458,59.16,56688,1939903,20.86,0,0,0,61.35,0.04,38.61
2021-08-28T00:00:00.000Z,3697,5986370,64.37,1495,5502953,59.18,33536,1973439,21.22,0,0,0,61.4,0.04,38.57
2021-08-29T00:00:00.000Z,10327,5996697,64.49,5930,5508883,59.24,79524,2052963,22.08,0,0,0,61.46,0.03,38.5
2021-08-30T00:00:00.000Z,12335,6009032,64.62,7012,5515895,59.32,115985,2168948,23.32,0,0,0,61.53,0.03,38.44
2021-08-31T00:00:00.000Z,12079,6021111,64.75,6520,5522415,59.39,114857,2283805,24.56,0,0,0,61.6,0.03,38.37
2021-09-01T00:00:00.000Z,9036,6030147,64.85,6028,5528443,59.45,112471,2396276,25.77,0,0,0,61.43,0.03,38.54
2021-09-02T00:00:00.000Z,8783,6038930,64.94,7176,5535619,59.53,111522,2507798,26.97,0,0,0,61.49,0.03,38.48
2021-09-03T00:00:00.000Z,3746,6042676,64.98,4109,5539728,59.57,58878,2566676,27.6,0,0,0,61.56,0.03,38.42
2021-09-04T00:00:00.000Z,2691,6045367,65.01,2017,5541745,59.59,29944,2596620,27.92,0,0,0,61.59,0.03,38.38
2021-09-05T00:00:00.000Z,6991,6052358,65.08,6455,5548200,59.66,73320,2669940,28.71,0,0,0,61.68,0.03,38.29
2021-09-06T00:00:00.000Z,2829,6055187,65.11,2705,5550905,59.69,22794,2692734,28.96,0,0,0,61.77,0.03,38.2
2021-09-07T00:00:00.000Z,1198,6056385,65.13,875,5551780,59.7,5396,2698130,29.01,0,0,0,61.85,0.03,38.12
2021-09-08T00:00:00.000Z,1378,6057763,65.14,1190,5552970,59.71,6619,2704749,29.09,0,0,0,61.93,0.03,38.05
2021-09-09T00:00:00.000Z,7084,6064847,65.22,12563,5565533,59.85,73836,2778585,29.88,0,0,0,62.02,0.03,37.95
2021-09-10T00:00:00.000Z,3254,6068101,65.25,5008,5570541,59.9,37929,2816514,30.29,0,0,0,62.06,0.03,37.91
2021-09-11T00:00:00.000Z,2104,6070205,65.28,2501,5573042,59.93,14814,2831328,30.45,0,0,0,62.08,0.03,37.89
2021-09-12T00:00:00.000Z,6112,6076317,65.34,8584,5581626,60.02,54121,2885449,31.03,0,0,0,62.16,0.03,37.81
2021-09-13T00:00:00.000Z,5606,6081923,65.4,8255,5589881,60.11,47976,2933425,31.54,0,0,0,62.15,0.03,37.82
2021-09-14T00:00:00.000Z,4958,6086881,65.46,7416,5597297,60.19,48846,2982271,32.07,0,0,0,62.2,0.03,37.77
2021-09-15T00:00:00.000Z,1743,6088624,65.47,2713,5600010,60.22,16683,2998954,32.25,0,0,0,62.25,0.03,37.72
2021-09-16T00:00:00.000Z,337,6088961,65.48,544,5600554,60.23,1740,3000694,32.27,0,0,0,62.37,0.03,37.6
2021-09-17T00:00:00.000Z,3677,6092638,65.52,7013,5607567,60.3,42895,3043589,32.73,0,0,0,62.42,0.03,37.54
2021-09-18T00:00:00.000Z,2255,6094893,65.54,2941,5610508,60.33,12782,3056371,32.87,0,0,0,62.45,0.03,37.52
2021-09-19T00:00:00.000Z,5940,6100833,65.61,10710,5621218,60.45,44327,3100698,33.34,0,0,0,62.55,0.03,37.42
2021-09-20T00:00:00.000Z,3241,6104074,65.64,4640,5625858,60.5,16703,3117401,33.52,0,0,0,62.63,0.03,37.34
2021-09-21T00:00:00.000Z,1334,6105408,65.65,2053,5627911,60.52,3474,3120875,33.56,0,0,0,62.69,0.03,37.28
2021-09-22T00:00:00.000Z,4256,6109664,65.7,7244,5635155,60.6,25064,3145939,33.83,0,0,0,62.72,0.03,37.25
2021-09-23T00:00:00.000Z,4387,6114051,65.75,5903,5641058,60.66,27830,3173769,34.13,0,0,0,62.75,0.03,37.22
2021-09-24T00:00:00.000Z,3199,6117250,65.78,4182,5645240,60.71,27716,3201485,34.43,0,0,0,62.82,0.03,37.15
2021-09-25T00:00:00.000Z,2073,6119323,65.8,2256,5647496,60.73,10440,3211925,34.54,0,0,0,62.85,0.03,37.12
2021-09-26T00:00:00.000Z,5604,6124927,65.86,5968,5653464,60.79,36262,3248187,34.93,0,0,0,62.96,0.03,37
2021-09-27T00:00:00.000Z,4692,6129619,65.91,4465,5657929,60.84,30449,3278636,35.26,0,0,0,63.02,0.03,36.94
2021-09-28T00:00:00.000Z,1465,6131084,65.93,1179,5659108,60.86,6249,3284885,35.32,0,0,0,63.06,0.04,36.91
2021-09-29T00:00:00.000Z,9619,6140703,66.03,8343,5667451,60.95,60321,3345206,35.97,0,0,0,63.13,0.03,36.84
2021-09-30T00:00:00.000Z,10968,6151671,66.15,8568,5676019,61.04,79697,3424903,36.83,0,0,0,63.18,0.03,36.79
2021-10-01T00:00:00.000Z,5119,6156790,66.21,3871,5679890,61.08,46537,3471440,37.33,0,0,0,63.23,0.03,36.73
2021-10-02T00:00:00.000Z,2859,6159649,66.24,2123,5682013,61.1,22429,3493869,37.57,0,0,0,63.26,0.03,36.71
2021-10-03T00:00:00.000Z,11666,6171315,66.36,7272,5689285,61.18,70721,3564590,38.33,0,0,0,63.35,0.03,36.62
2021-10-04T00:00:00.000Z,10316,6181631,66.47,6754,5696039,61.25,51902,3616492,38.89,0,0,0,63.4,0.03,36.57
2021-10-05T00:00:00.000Z,8454,6190085,66.57,5305,5701344,61.31,40472,3656964,39.33,0,0,0,63.41,0.03,36.55
2021-10-06T00:00:00.000Z,7539,6197624,66.65,4174,5705518,61.35,34134,3691098,39.69,0,0,0,63.52,0.03,36.45
2021-10-07T00:00:00.000Z,6889,6204513,66.72,4006,5709524,61.4,34055,3725153,40.06,0,0,0,63.63,0.03,36.34
2021-10-08T00:00:00.000Z,3086,6207599,66.75,2634,5712158,61.43,19241,3744394,40.27,0,0,0,63.68,0.03,36.29
2021-10-09T00:00:00.000Z,1335,6208934,66.77,1440,5713598,61.44,7440,3751834,40.35,0,0,0,63.71,0.03,36.26
2021-10-10T00:00:00.000Z,4675,6213609,66.82,3743,5717341,61.48,21512,3773346,40.58,0,0,0,63.82,0.04,36.14
2021-10-11T00:00:00.000Z,4293,6217902,66.86,2941,5720282,61.51,17257,3790603,40.76,0,0,0,63.91,0.04,36.05
2021-10-12T00:00:00.000Z,3971,6221873,66.91,3001,5723283,61.55,15354,3805957,40.93,0,0,0,63.99,0.05,35.96
2021-10-13T00:00:00.000Z,3482,6225355,66.94,2446,5725729,61.57,13580,3819537,41.07,0,0,0,64.09,0.05,35.86
2021-10-14T00:00:00.000Z,3865,6229220,66.99,2681,5728410,61.6,16562,3836099,41.25,0,0,0,64.19,0.06,35.75
2021-10-15T00:00:00.000Z,1696,6230916,67,1679,5730089,61.62,9005,3845104,41.35,0,0,0,64.23,0.07,35.7
2021-10-16T00:00:00.000Z,725,6231641,67.01,951,5731040,61.63,4034,3849138,41.39,0,0,0,64.25,0.08,35.67
2021-10-17T00:00:00.000Z,3087,6234728,67.05,2520,5733560,61.66,12792,3861930,41.53,0,0,0,64.36,0.09,35.56
2021-10-18T00:00:00.000Z,2454,6237182,67.07,1682,5735242,61.67,10065,3871995,41.64,0,0,0,64.43,0.1,35.47
2021-10-19T00:00:00.000Z,2393,6239575,67.1,1277,5736519,61.69,9296,3881291,41.74,0,0,0,64.49,0.1,35.4
2021-10-20T00:00:00.000Z,2431,6242006,67.12,2302,5738821,61.71,10090,3891381,41.85,0,0,0,64.14,0.52,35.34
2021-10-21T00:00:00.000Z,3031,6245037,67.16,3089,5741910,61.75,12159,3903540,41.98,0,0,0,54.23,10.41,35.36
2021-10-22T00:00:00.000Z,1274,6246311,67.17,1428,5743338,61.76,5827,3909367,42.04,0,0,0,54.36,10.26,35.38
2021-10-23T00:00:00.000Z,570,6246881,67.18,1262,5744600,61.77,2560,3911927,42.07,0,0,0,54.42,10.19,35.39
2021-10-24T00:00:00.000Z,2512,6249393,67.2,2652,5747252,61.8,9852,3921779,42.17,0,0,0,54.22,10.43,35.35
2021-10-25T00:00:00.000Z,2632,6252025,67.23,2741,5749993,61.83,8503,3930282,42.26,0,0,0,54.59,10.22,35.19
2021-10-26T00:00:00.000Z,2374,6254399,67.26,2045,5752038,61.85,8516,3938798,42.36,0,0,0,54.64,10.26,35.1
2021-10-27T00:00:00.000Z,2285,6256684,67.28,2560,5754598,61.88,7950,3946748,42.44,0,0,0,54.58,10.37,35.06
2021-10-28T00:00:00.000Z,2496,6259180,67.31,2771,5757369,61.91,8660,3955408,42.53,0,0,0,54.69,10.76,34.55
2021-10-29T00:00:00.000Z,897,6260077,67.32,1144,5758513,61.92,4129,3959537,42.58,0,0,0,54.73,10.75,34.52
2021-10-30T00:00:00.000Z,363,6260440,67.32,529,5759042,61.93,1709,3961246,42.6,0,0,0,54.68,10.81,34.52
2021-10-31T00:00:00.000Z,2258,6262698,67.35,2490,5761532,61.96,8250,3969496,42.69,0,0,0,54.83,10.7,34.47
2021-11-01T00:00:00.000Z,1733,6264431,67.36,2088,5763620,61.98,6476,3975972,42.76,0,0,0,54.95,10.63,34.42
2021-11-02T00:00:00.000Z,2024,6266455,67.39,2042,5765662,62,6284,3982256,42.82,0,0,0,54.89,10.69,34.42
2021-11-03T00:00:00.000Z,1757,6268212,67.41,1888,5767550,62.02,5550,3987806,42.88,0,0,0,54.86,10.75,34.39
2021-11-04T00:00:00.000Z,2105,6270317,67.43,2796,5770346,62.05,7126,3994932,42.96,0,0,0,54.85,10.81,34.33
2021-11-05T00:00:00.000Z,783,6271100,67.44,898,5771244,62.06,3477,3998409,43,0,0,0,54.85,10.83,34.32
2021-11-06T00:00:00.000Z,344,6271444,67.44,384,5771628,62.07,1371,3999780,43.01,0,0,0,54.82,10.86,34.32
2021-11-07T00:00:00.000Z,1579,6273023,67.46,1768,5773396,62.08,6130,4005910,43.08,0,0,0,54.92,10.8,34.28
2021-11-08T00:00:00.000Z,1516,6274539,67.47,1598,5774994,62.1,5405,4011315,43.14,0,0,0,55.01,10.75,34.24
2021-11-09T00:00:00.000Z,1427,6275966,67.49,1602,5776596,62.12,5327,4016642,43.19,0,0,0,55.05,10.74,34.21
2021-11-10T00:00:00.000Z,1421,6277387,67.5,1653,5778249,62.14,4776,4021418,43.24,0,0,0,55.08,10.73,34.19
2021-11-11T00:00:00.000Z,1624,6279011,67.52,1941,5780190,62.16,5706,4027124,43.31,0,0,0,55.15,10.69,34.15
2021-11-12T00:00:00.000Z,632,6279643,67.53,820,5781010,62.17,2920,4030044,43.34,0,0,0,55.17,10.69,34.14
2021-11-13T00:00:00.000Z,252,6279895,67.53,284,5781294,62.17,1126,4031170,43.35,0,0,0,55.14,10.72,34.14
2021-11-14T00:00:00.000Z,1536,6281431,67.55,1636,5782930,62.19,5108,4036278,43.4,0,0,0,55.21,10.68,34.11
2021-11-15T00:00:00.000Z,1272,6282703,67.56,1616,5784546,62.2,4767,4041045,43.46,0,0,0,55.28,10.63,34.09
2021-11-16T00:00:00.000Z,1270,6283973,67.57,1407,5785953,62.22,4339,4045384,43.5,0,0,0,55.32,10.62,34.07
2021-11-17T00:00:00.000Z,1201,6285174,67.59,1559,5787512,62.24,3908,4049292,43.54,0,0,0,55.35,10.6,34.05
2021-11-18T00:00:00.000Z,1358,6286532,67.6,1685,5789197,62.25,5004,4054296,43.6,0,0,0,55.41,10.58,34.02
2021-11-19T00:00:00.000Z,588,6287120,67.61,758,5789955,62.26,2451,4056747,43.62,0,0,0,55.42,10.57,34.01
2021-11-20T00:00:00.000Z,236,6287356,67.61,254,5790209,62.27,926,4057673,43.63,0,0,0,55.41,10.58,34
2021-11-21T00:00:00.000Z,1410,6288766,67.63,1536,5791745,62.28,4875,4062548,43.69,0,0,0,55.47,10.54,33.98
2021-11-22T00:00:00.000Z,1680,6290446,67.64,1516,5793261,62.3,4233,4066781,43.73,0,0,0,55.54,10.5,33.96
2021-11-23T00:00:00.000Z,8615,6299061,67.74,1677,5794938,62.32,3999,4070780,43.78,0,0,0,55.57,10.48,33.95
2021-11-24T00:00:00.000Z,9348,6308409,67.84,1312,5796250,62.33,3918,4074698,43.82,0,0,0,55.6,10.44,33.95
2021-11-25T00:00:00.000Z,9809,6318218,67.94,1598,5797848,62.35,4832,4079530,43.87,0,0,0,55.64,10.43,33.93
2021-11-26T00:00:00.000Z,5611,6323829,68,745,5798593,62.36,2797,4082327,43.9,0,0,0,55.63,10.45,33.92
2021-11-27T00:00:00.000Z,4777,6328606,68.05,321,5798914,62.36,1160,4083487,43.91,0,0,0,55.62,10.46,33.92
2021-11-28T00:00:00.000Z,10148,6338754,68.16,1476,5800390,62.37,4896,4088383,43.96,0,0,0,55.67,10.43,33.9
2021-11-29T00:00:00.000Z,9039,6347793,68.26,1129,5801519,62.39,4367,4092750,44.01,0,0,0,55.73,10.39,33.88
2021-11-30T00:00:00.000Z,10041,6357834,68.37,1029,5802548,62.4,4081,4096831,44.06,0,0,0,55.77,10.37,33.86
2021-12-01T00:00:00.000Z,8624,6366458,68.46,1092,5803640,62.41,4435,4101266,44.1,5,5,0,55.79,10.36,33.84
2021-12-02T00:00:00.000Z,9169,6375627,68.56,1448,5805088,62.43,5117,4106383,44.16,6,11,0,55.84,10.34,33.82
2021-12-03T00:00:00.000Z,6331,6381958,68.63,670,5805758,62.43,2859,4109242,44.19,1,12,0,55.86,10.33,33.81
2021-12-04T00:00:00.000Z,2508,6384466,68.66,232,5805990,62.43,915,4110157,44.2,3,15,0,55.85,10.34,33.81
2021-12-05T00:00:00.000Z,8333,6392799,68.75,1251,5807241,62.45,4679,4114836,44.25,1,16,0,55.9,10.31,33.79
2021-12-06T00:00:00.000Z,6722,6399521,68.82,1194,5808435,62.46,4346,4119182,44.3,4,20,0,55.95,10.27,33.78
2021-12-07T00:00:00.000Z,5553,6405074,68.88,1497,5809932,62.48,3956,4123138,44.34,9,29,0,55.99,10.25,33.76
2021-12-08T00:00:00.000Z,4929,6410003,68.93,1198,5811130,62.49,3874,4127012,44.38,10,39,0,56.03,10.22,33.75
2021-12-09T00:00:00.000Z,6237,6416240,69,1234,5812364,62.5,4499,4131511,44.43,8,47,0,56.08,10.19,33.73
2021-12-10T00:00:00.000Z,3005,6419245,69.03,699,5813063,62.51,2676,4134187,44.46,4,51,0,56.1,10.18,33.72
2021-12-11T00:00:00.000Z,1491,6420736,69.05,251,5813314,62.51,1012,4135199,44.47,0,51,0,56.1,10.18,33.71
2021-12-12T00:00:00.000Z,7273,6428009,69.12,1442,5814756,62.53,5245,4140444,44.52,3,54,0,56.16,10.15,33.69
2021-12-13T00:00:00.000Z,6176,6434185,69.19,1371,5816127,62.54,4346,4144790,44.57,5,59,0,56.21,10.11,33.67
2021-12-14T00:00:00.000Z,7315,6441500,69.27,6099,5822226,62.61,4928,4149718,44.62,11,70,0,56.27,10.09,33.65
2021-12-15T00:00:00.000Z,7201,6448701,69.35,7401,5829627,62.69,5439,4155157,44.68,7,77,0,56.34,10.06,33.6
2021-12-16T00:00:00.000Z,8079,6456780,69.43,8609,5838236,62.78,6552,4161709,44.75,8,85,0,56.53,10.05,33.42
2021-12-17T00:00:00.000Z,4403,6461183,69.48,5135,5843371,62.84,3946,4165655,44.8,3,88,0,56.64,10.05,33.3
2021-12-18T00:00:00.000Z,3940,6465123,69.52,2913,5846284,62.87,1353,4167008,44.81,2,90,0,56.73,10.07,33.2
2021-12-19T00:00:00.000Z,6980,6472103,69.6,9331,5855615,62.97,6267,4173275,44.88,5,95,0,56.92,10.04,33.04
2021-12-20T00:00:00.000Z,7969,6480072,69.68,7514,5863129,63.05,5437,4178712,44.94,9,104,0,57.07,10.02,32.91
2021-12-21T00:00:00.000Z,9547,6489619,69.79,8644,5871773,63.14,6477,4185189,45.01,8,112,0,57.27,10.01,32.71
2021-12-22T00:00:00.000Z,9665,6499284,69.89,8148,5879921,63.23,6240,4191429,45.07,12,124,0,57.49,10,32.52
2021-12-23T00:00:00.000Z,11540,6510824,70.01,10261,5890182,63.34,8137,4199566,45.16,15,139,0,57.7,9.97,32.33
2021-12-24T00:00:00.000Z,5868,6516692,70.08,6240,5896422,63.41,5274,4204840,45.22,12,151,0,57.83,9.96,32.21
2021-12-25T00:00:00.000Z,3338,6520030,70.11,2565,5898987,63.43,2020,4206860,45.24,6,157,0,57.9,9.96,32.15
2021-12-26T00:00:00.000Z,10653,6530683,70.23,8907,5907894,63.53,8193,4215053,45.33,8,165,0,58.1,9.92,31.98
2021-12-27T00:00:00.000Z,10368,6541051,70.34,7143,5915037,63.61,8182,4223235,45.41,21,186,0,58.27,9.9,31.83
2021-12-28T00:00:00.000Z,11373,6552424,70.46,7451,5922488,63.69,9626,4232861,45.52,24,210,0,58.46,9.88,31.66
2021-12-29T00:00:00.000Z,9934,6562358,70.57,5959,5928447,63.75,8362,4241223,45.61,17,227,0,58.64,9.85,31.51
2021-12-30T00:00:00.000Z,11008,6573366,70.69,7734,5936181,63.83,12237,4253460,45.74,10,237,0,58.84,9.82,31.34
2021-12-31T00:00:00.000Z,4828,6578194,70.74,3671,5939852,63.87,7291,4260751,45.82,134,371,0,58.9,9.79,31.3
2022-01-01T00:00:00.000Z,1992,6580186,70.76,1591,5941443,63.89,2741,4263492,45.85,65,436,0,58.93,9.79,31.28
2022-01-02T00:00:00.000Z,10215,6590401,70.87,6486,5947929,63.96,13000,4276492,45.99,590,1026,0.01,59.14,9.76,31.1
2022-01-03T00:00:00.000Z,9381,6599782,70.97,5257,5953186,64.02,11328,4287820,46.11,25055,26081,0.28,59.29,9.71,31
2022-01-04T00:00:00.000Z,8969,6608751,71.07,5943,5959129,64.08,10519,4298339,46.22,50652,76733,0.83,59.46,9.68,30.86
2022-01-05T00:00:00.000Z,8551,6617302,71.16,5736,5964865,64.14,10486,4308825,46.34,59578,136311,1.47,59.56,9.65,30.79
2022-01-06T00:00:00.000Z,10339,6627641,71.27,7960,5972825,64.23,13526,4322351,46.48,63993,200304,2.15,59.81,9.63,30.56
2022-01-07T00:00:00.000Z,4752,6632393,71.32,4555,5977380,64.28,8151,4330502,46.57,31133,231437,2.49,59.89,9.61,30.49
2022-01-08T00:00:00.000Z,2750,6635143,71.35,2451,5979831,64.3,5499,4336001,46.63,27628,259065,2.79,59.9,9.64,30.46
2022-01-09T00:00:00.000Z,9308,6644451,71.45,7721,5987552,64.39,11862,4347863,46.75,66760,325825,3.5,60.06,9.59,30.35
2022-01-10T00:00:00.000Z,8353,6652804,71.54,7650,5995202,64.47,11865,4359728,46.88,64760,390585,4.2,60.21,9.54,30.25
2022-01-11T00:00:00.000Z,8103,6660907,71.63,8622,6003824,64.56,11963,4371691,47.01,56652,447237,4.81,60.38,9.49,30.13
2022-01-12T00:00:00.000Z,7279,6668186,71.71,8306,6012130,64.65,11107,4382798,47.13,44623,491860,5.29,60.51,9.45,30.04
2022-01-13T00:00:00.000Z,7512,6675698,71.79,9617,6021747,64.75,11537,4394335,47.25,34749,526609,5.66,60.7,9.35,29.94
2022-01-14T00:00:00.000Z,2555,6678253,71.81,4931,6026678,64.81,6138,4400473,47.32,11138,537747,5.78,60.79,9.31,29.9
2022-01-15T00:00:00.000Z,1466,6679719,71.83,3166,6029844,64.84,3878,4404351,47.36,5715,543462,5.84,60.83,9.29,29.87
2022-01-16T00:00:00.000Z,3818,6683537,71.87,8523,6038367,64.93,7678,4412029,47.44,19989,563451,6.06,60.97,9.2,29.82
2022-01-17T00:00:00.000Z,2808,6686345,71.9,7045,6045412,65.01,6165,4418194,47.51,17834,581285,6.25,61.09,9.13,29.78
2022-01-18T00:00:00.000Z,2475,6688820,71.93,7381,6052793,65.09,5522,4423716,47.57,14813,596098,6.41,61.23,9.07,29.7
2022-01-19T00:00:00.000Z,1915,6690735,71.95,6363,6059156,65.16,4514,4428230,47.62,8456,604554,6.5,61.37,8.98,29.65
2022-01-20T00:00:00.000Z,1779,6692514,71.97,6965,6066121,65.23,4785,4433015,47.67,8040,612594,6.59,61.44,8.85,29.71
2022-01-21T00:00:00.000Z,904,6693418,71.98,3725,6069846,65.27,2636,4435651,47.7,3358,615952,6.62,61.51,8.81,29.68
2022-01-22T00:00:00.000Z,328,6693746,71.98,1461,6071307,65.29,1059,4436710,47.71,1113,617065,6.64,61.51,8.75,29.74
2022-01-23T00:00:00.000Z,1066,6694812,71.99,5628,6076935,65.35,2874,4439584,47.74,6081,623146,6.7,61.61,8.7,29.69
2022-01-24T00:00:00.000Z,758,6695570,72,4480,6081415,65.4,2259,4441843,47.77,5054,628200,6.76,61.73,8.62,29.65
2022-01-25T00:00:00.000Z,741,6696311,72.01,4398,6085813,65.44,2171,4444014,47.79,7102,635302,6.83,61.9,8.51,29.59
2022-01-26T00:00:00.000Z,614,6696925,72.02,3283,6089096,65.48,1604,4445618,47.81,4261,639563,6.88,62.02,8.42,29.57
2022-01-27T00:00:00.000Z,797,6697722,72.02,4405,6093501,65.53,2001,4447619,47.83,5439,645002,6.94,62.12,8.35,29.52
2022-01-28T00:00:00.000Z,394,6698116,72.03,2372,6095873,65.55,1169,4448788,47.84,3449,648451,6.97,62.16,8.33,29.5
2022-01-29T00:00:00.000Z,124,6698240,72.03,1045,6096918,65.56,424,4449212,47.84,1160,649611,6.99,62.23,8.29,29.48
2022-01-30T00:00:00.000Z,768,6699008,72.04,4719,6101637,65.61,2016,4451228,47.87,8098,657709,7.07,62.3,8.24,29.46
2022-01-31T00:00:00.000Z,528,6699536,72.04,3184,6104821,65.65,1608,4452836,47.88,6472,664181,7.14,62.39,8.17,29.43
2022-02-01T00:00:00.000Z,477,6700013,72.05,2804,6107625,65.68,1517,4454353,47.9,5719,669900,7.2,62.45,8.15,29.4
2022-02-02T00:00:00.000Z,373,6700386,72.05,2390,6110015,65.7,1377,4455730,47.91,5073,674973,7.26,62.28,8.13,29.59
2022-02-03T00:00:00.000Z,445,6700831,72.06,2775,6112790,65.73,1453,4457183,47.93,5605,680578,7.32,62.34,8.08,29.57
2022-02-04T00:00:00.000Z,174,6701005,72.06,989,6113779,65.74,753,4457936,47.94,2454,683032,7.35,62.37,8.06,29.57
2022-02-05T00:00:00.000Z,62,6701067,72.06,340,6114119,65.75,215,4458151,47.94,420,683452,7.35,62.34,8.09,29.56
2022-02-06T00:00:00.000Z,407,6701474,72.06,2322,6116441,65.77,1342,4459493,47.96,5684,689136,7.41,62.41,8.05,29.55
2022-02-07T00:00:00.000Z,282,6701756,72.07,1306,6117747,65.79,980,4460473,47.97,5960,695096,7.47,62.47,8.01,29.52
2022-02-08T00:00:00.000Z,315,6702071,72.07,1497,6119244,65.8,1063,4461536,47.98,6137,701233,7.54,62.54,7.97,29.49
2022-02-09T00:00:00.000Z,253,6702324,72.07,1102,6120346,65.82,941,4462477,47.99,4570,705803,7.59,62.6,7.95,29.45
2022-02-10T00:00:00.000Z,270,6702594,72.08,1293,6121639,65.83,930,4463407,48,4815,710618,7.64,62.63,7.93,29.44
2022-02-11T00:00:00.000Z,211,6702805,72.08,554,6122193,65.83,514,4463921,48,2534,713152,7.67,62.67,7.91,29.42
2022-02-12T00:00:00.000Z,31,6702836,72.08,90,6122283,65.84,126,4464047,48,268,713420,7.67,62.67,7.91,29.41
2022-02-13T00:00:00.000Z,286,6703122,72.08,945,6123228,65.85,965,4465012,48.01,4995,718415,7.73,62.73,7.87,29.39
2022-02-14T00:00:00.000Z,179,6703301,72.08,625,6123853,65.85,747,4465759,48.02,3143,721558,7.76,62.89,7.74,29.36
2022-02-15T00:00:00.000Z,265,6703566,72.09,764,6124617,65.86,929,4466688,48.03,3815,725373,7.8,62.92,7.73,29.35
2022-02-16T00:00:00.000Z,179,6703745,72.09,577,6125194,65.87,800,4467488,48.04,2487,727860,7.83,62.95,7.72,29.34
2022-02-17T00:00:00.000Z,247,6703992,72.09,738,6125932,65.88,771,4468259,48.05,3057,730917,7.86,62.96,7.7,29.34
2022-02-18T00:00:00.000Z,128,6704120,72.09,333,6126265,65.88,433,4468692,48.05,1118,732035,7.87,62.98,7.69,29.33
2022-02-19T00:00:00.000Z,33,6704153,72.09,83,6126348,65.88,79,4468771,48.05,79,732114,7.87,62.99,7.69,29.32
2022-02-20T00:00:00.000Z,202,6704355,72.1,604,6126952,65.89,717,4469488,48.06,2574,734688,7.9,63.01,7.67,29.32
2022-02-21T00:00:00.000Z,173,6704528,72.1,412,6127364,65.89,488,4469976,48.07,1542,736230,7.92,63.04,7.65,29.31
2022-02-22T00:00:00.000Z,158,6704686,72.1,452,6127816,65.9,561,4470537,48.07,1870,738100,7.94,63.05,7.65,29.3
2022-02-23T00:00:00.000Z,109,6704795,72.1,352,6128168,65.9,450,4470987,48.08,1152,739252,7.95,63.06,7.65,29.29
2022-02-24T00:00:00.000Z,138,6704933,72.1,454,6128622,65.9,563,4471550,48.08,1492,740744,7.97,63.05,7.66,29.29
2022-02-25T00:00:00.000Z,58,6704991,72.1,139,6128761,65.91,188,4471738,48.09,455,741199,7.97,63.06,7.66,29.28
2022-02-26T00:00:00.000Z,15,6705006,72.1,28,6128789,65.91,156,4471894,48.09,35,741234,7.97,63.05,7.67,29.28
2022-02-27T00:00:00.000Z,111,6705117,72.1,341,6129130,65.91,448,4472342,48.09,1118,742352,7.98,63.05,7.67,29.28
2022-02-28T00:00:00.000Z,109,6705226,72.1,271,6129401,65.91,419,4472761,48.1,906,743258,7.99,63.07,7.65,29.28
2022-03-01T00:00:00.000Z,96,6705322,72.11,280,6129681,65.92,372,4473133,48.1,796,744054,8,63.1,7.63,29.27
2022-03-02T00:00:00.000Z,77,6705399,72.11,198,6129879,65.92,323,4473456,48.11,694,744748,8.01,63.11,7.62,29.27
2022-03-03T00:00:00.000Z,156,6705555,72.11,369,6130248,65.92,496,4473952,48.11,985,745733,8.02,63.05,7.67,29.27
2022-03-04T00:00:00.000Z,52,6705607,72.11,167,6130415,65.92,164,4474116,48.11,227,745960,8.02,63.05,7.68,29.27
2022-03-05T00:00:00.000Z,3,6705610,72.11,25,6130440,65.92,43,4474159,48.11,31,745991,8.02,63.04,7.69,29.27
2022-03-06T00:00:00.000Z,98,6705708,72.11,258,6130698,65.93,413,4474572,48.12,759,746750,8.03,63.04,7.69,29.27
2022-03-07T00:00:00.000Z,87,6705795,72.11,259,6130957,65.93,346,4474918,48.12,604,747354,8.04,63.05,7.69,29.26
2022-03-08T00:00:00.000Z,98,6705893,72.11,263,6131220,65.93,333,4475251,48.12,550,747904,8.04,63.04,7.7,29.26
2022-03-09T00:00:00.000Z,88,6705981,72.11,212,6131432,65.93,332,4475583,48.13,492,748396,8.05,63.02,7.72,29.25
2022-03-10T00:00:00.000Z,113,6706094,72.11,373,6131805,65.94,425,4476008,48.13,616,749012,8.05,63.01,7.74,29.25
2022-03-11T00:00:00.000Z,24,6706118,72.11,86,6131891,65.94,122,4476130,48.13,144,749156,8.06,63,7.75,29.25
2022-03-12T00:00:00.000Z,10,6706128,72.11,10,6131901,65.94,31,4476161,48.13,27,749183,8.06,62.98,7.77,29.24
2022-03-13T00:00:00.000Z,100,6706228,72.12,271,6132172,65.94,358,4476519,48.14,594,749777,8.06,62.98,7.78,29.24
2022-03-14T00:00:00.000Z,65,6706293,72.12,252,6132424,65.95,316,4476835,48.14,559,750336,8.07,62.98,7.78,29.24
2022-03-15T00:00:00.000Z,79,6706372,72.12,183,6132607,65.95,291,4477126,48.14,587,750923,8.08,62.95,7.81,29.24
2022-03-16T00:00:00.000Z,75,6706447,72.12,205,6132812,65.95,300,4477426,48.15,669,751592,8.08,62.94,7.82,29.24
2022-03-17T00:00:00.000Z,65,6706512,72.12,121,6132933,65.95,286,4477712,48.15,613,752205,8.09,62.94,7.82,29.24
2022-03-18T00:00:00.000Z,19,6706531,72.12,54,6132987,65.95,99,4477811,48.15,234,752439,8.09,62.94,7.82,29.24
2022-03-19T00:00:00.000Z,5,6706536,72.12,10,6132997,65.95,27,4477838,48.15,38,752477,8.09,62.89,7.88,29.23
2022-03-20T00:00:00.000Z,119,6706655,72.12,258,6133255,65.95,486,4478324,48.16,1428,753905,8.11,62.87,7.89,29.23
2022-03-21T00:00:00.000Z,97,6706752,72.12,246,6133501,65.96,374,4478698,48.16,1132,755037,8.12,62.87,7.9,29.23
2022-03-22T00:00:00.000Z,140,6706892,72.12,341,6133842,65.96,504,4479202,48.17,1769,756806,8.14,62.84,7.94,29.23
2022-03-23T00:00:00.000Z,109,6707001,72.12,210,6134052,65.96,461,4479663,48.17,1674,758480,8.16,62.81,7.97,29.22
2022-03-24T00:00:00.000Z,175,6707176,72.13,345,6134397,65.97,765,4480428,48.18,2359,760839,8.18,62.78,8,29.22
2022-03-25T00:00:00.000Z,38,6707214,72.13,79,6134476,65.97,156,4480584,48.18,628,761467,8.19,62.78,8,29.23
2022-03-26T00:00:00.000Z,12,6707226,72.13,11,6134487,65.97,33,4480617,48.18,91,761558,8.19,62.77,8,29.22
2022-03-27T00:00:00.000Z,165,6707391,72.13,343,6134830,65.97,757,4481374,48.19,3191,764749,8.22,62.75,8.02,29.22
2022-03-28T00:00:00.000Z,113,6707504,72.13,269,6135099,65.97,621,4481995,48.2,2414,767163,8.25,62.75,8.03,29.22
2022-03-29T00:00:00.000Z,125,6707629,72.13,257,6135356,65.98,640,4482635,48.2,2770,769933,8.28,62.7,8.07,29.22
2022-03-30T00:00:00.000Z,132,6707761,72.13,207,6135563,65.98,538,4483173,48.21,2369,772302,8.31,62.81,8.11,29.07
2022-03-31T00:00:00.000Z,166,6707927,72.13,301,6135864,65.98,729,4483902,48.22,2847,775149,8.34,62.79,8.11,29.1
2022-04-01T00:00:00.000Z,121,6708048,72.14,159,6136023,65.98,274,4484176,48.22,583,775732,8.34,62.72,8.13,29.15
2022-04-02T00:00:00.000Z,6,6708054,72.14,6,6136029,65.98,35,4484211,48.22,52,775784,8.34,62.69,8.15,29.16
2022-04-03T00:00:00.000Z,159,6708213,72.14,269,6136298,65.99,569,4484780,48.23,2474,778258,8.37,62.65,8.16,29.19
2022-04-04T00:00:00.000Z,103,6708316,72.14,206,6136504,65.99,482,4485262,48.23,2218,780476,8.39,62.62,8.16,29.22
2022-04-05T00:00:00.000Z,123,6708439,72.14,219,6136723,65.99,512,4485774,48.24,2241,782717,8.42,62.57,8.19,29.25
2022-04-06T00:00:00.000Z,92,6708531,72.14,155,6136878,65.99,380,4486154,48.24,2017,784734,8.44,62.55,8.2,29.25
2022-04-07T00:00:00.000Z,190,6708721,72.14,215,6137093,66,641,4486795,48.25,2553,787287,8.47,62.56,8.2,29.24
2022-04-08T00:00:00.000Z,30,6708751,72.14,60,6137153,66,151,4486946,48.25,477,787764,8.47,62.54,8.22,29.23
2022-04-09T00:00:00.000Z,6,6708757,72.14,17,6137170,66,26,4486972,48.25,46,787810,8.47,62.52,8.25,29.23
2022-04-10T00:00:00.000Z,102,6708859,72.14,264,6137434,66,429,4487401,48.26,1845,789655,8.49,62.51,8.26,29.23
2022-04-11T00:00:00.000Z,78,6708937,72.14,201,6137635,66,370,4487771,48.26,1425,791080,8.51,62.54,8.26,29.2
2022-04-12T00:00:00.000Z,204,6709141,72.15,168,6137803,66,372,4488143,48.26,1359,792439,8.52,62.58,8.29,29.12
2022-04-13T00:00:00.000Z,119,6709260,72.15,150,6137953,66,296,4488439,48.27,1215,793654,8.53,62.58,8.31,29.1
2022-04-14T00:00:00.000Z,84,6709344,72.15,221,6138174,66.01,320,4488759,48.27,1068,794722,8.55,62.57,8.33,29.1
2022-04-15T00:00:00.000Z,9,6709353,72.15,51,6138225,66.01,47,4488806,48.27,80,794802,8.55,62.55,8.35,29.1
2022-04-16T00:00:00.000Z,3,6709356,72.15,8,6138233,66.01,21,4488827,48.27,29,794831,8.55,62.53,8.37,29.1
2022-04-17T00:00:00.000Z,62,6709418,72.15,131,6138364,66.01,228,4489055,48.27,807,795638,8.56,62.52,8.38,29.1
2022-04-18T00:00:00.000Z,69,6709487,72.15,107,6138471,66.01,251,4489306,48.28,749,796387,8.56,62.51,8.38,29.1
2022-04-19T00:00:00.000Z,60,6709547,72.15,143,6138614,66.01,272,4489578,48.28,840,797227,8.57,62.5,8.4,29.1
2022-04-20T00:00:00.000Z,60,6709607,72.15,117,6138731,66.01,235,4489813,48.28,651,797878,8.58,62.48,8.42,29.1
2022-04-21T00:00:00.000Z,52,6709659,72.15,107,6138838,66.01,193,4490006,48.28,479,798357,8.59,62.47,8.43,29.1
2022-04-22T00:00:00.000Z,2,6709661,72.15,16,6138854,66.01,18,4490024,48.28,16,798373,8.59,62.45,8.44,29.11
2022-04-23T00:00:00.000Z,6,6709667,72.15,9,6138863,66.01,14,4490038,48.28,13,798386,8.59,62.43,8.46,29.11
2022-04-24T00:00:00.000Z,92,6709759,72.15,250,6139113,66.02,329,4490367,48.29,870,799256,8.59,62.43,8.47,29.1
2022-04-25T00:00:00.000Z,105,6709864,72.15,191,6139304,66.02,315,4490682,48.29,738,799994,8.6,62.43,8.47,29.1
2022-04-26T00:00:00.000Z,75,6709939,72.16,175,6139479,66.02,302,4490984,48.29,786,800780,8.61,62.42,8.48,29.1
2022-04-27T00:00:00.000Z,55,6709994,72.16,160,6139639,66.02,227,4491211,48.3,638,801418,8.62,62.41,8.49,29.1
2022-04-28T00:00:00.000Z,96,6710090,72.16,232,6139871,66.03,326,4491537,48.3,869,802287,8.63,62.41,8.5,29.1
2022-04-29T00:00:00.000Z,108,6710198,72.16,158,6140029,66.03,182,4491719,48.3,196,802483,8.63,62.39,8.51,29.1
2022-04-30T00:00:00.000Z,1,6710199,72.16,3,6140032,66.03,24,4491743,48.3,20,802503,8.63,62.38,8.52,29.1
2022-05-01T00:00:00.000Z,135,6710334,72.16,185,6140217,66.03,316,4492059,48.31,630,803133,8.64,62.38,8.53,29.09
2022-05-02T00:00:00.000Z,62,6710396,72.16,152,6140369,66.03,235,4492294,48.31,489,803622,8.64,62.37,8.54,29.09
2022-05-03T00:00:00.000Z,72,6710468,72.16,151,6140520,66.03,287,4492581,48.31,505,804127,8.65,62.36,8.55,29.09
2022-05-04T00:00:00.000Z,23,6710491,72.16,55,6140575,66.03,63,4492644,48.31,125,804252,8.65,62.35,8.57,29.08
2022-05-05T00:00:00.000Z,4,6710495,72.16,1,6140576,66.03,5,4492649,48.31,11,804263,8.65,62.34,8.58,29.08
2022-05-06T00:00:00.000Z,19,6710514,72.16,59,6140635,66.03,64,4492713,48.31,151,804414,8.65,62.33,8.59,29.08
2022-05-07T00:00:00.000Z,0,6710514,72.16,6,6140641,66.03,25,4492738,48.31,24,804438,8.65,62.32,8.6,29.08
2022-05-08T00:00:00.000Z,118,6710632,72.16,207,6140848,66.04,270,4493008,48.32,456,804894,8.66,62.31,8.61,29.08
2022-05-09T00:00:00.000Z,59,6710691,72.16,162,6141010,66.04,251,4493259,48.32,503,805397,8.66,62.31,8.61,29.08
2022-05-10T00:00:00.000Z,131,6710822,72.16,168,6141178,66.04,260,4493519,48.32,508,805905,8.67,62.3,8.62,29.08
2022-05-11T00:00:00.000Z,58,6710880,72.17,116,6141294,66.04,179,4493698,48.32,463,806368,8.67,62.3,8.63,29.08
2022-05-12T00:00:00.000Z,118,6710998,72.17,200,6141494,66.04,275,4493973,48.33,663,807031,8.68,62.29,8.64,29.07
2022-05-13T00:00:00.000Z,11,6711009,72.17,42,6141536,66.04,70,4494043,48.33,108,807139,8.68,62.28,8.65,29.07
2022-05-14T00:00:00.000Z,6,6711015,72.17,12,6141548,66.04,10,4494053,48.33,22,807161,8.68,62.26,8.66,29.07
2022-05-15T00:00:00.000Z,89,6711104,72.17,175,6141723,66.05,243,4494296,48.33,663,807824,8.69,62.26,8.67,29.07
2022-05-16T00:00:00.000Z,68,6711172,72.17,142,6141865,66.05,229,4494525,48.33,508,808332,8.69,62.19,8.65,29.16
2022-05-17T00:00:00.000Z,73,6711245,72.17,155,6142020,66.05,265,4494790,48.33,616,808948,8.7,62.18,8.66,29.16
2022-05-18T00:00:00.000Z,43,6711288,72.17,98,6142118,66.05,169,4494959,48.34,445,809393,8.7,62.17,8.67,29.16
2022-05-19T00:00:00.000Z,64,6711352,72.17,170,6142288,66.05,211,4495170,48.34,498,809891,8.71,62.16,8.68,29.16
2022-05-20T00:00:00.000Z,72,6711424,72.17,112,6142400,66.05,127,4495297,48.34,138,810029,8.71,62.15,8.69,29.16
2022-05-21T00:00:00.000Z,4,6711428,72.17,7,6142407,66.05,13,4495310,48.34,18,810047,8.71,62.14,8.7,29.16
2022-05-22T00:00:00.000Z,87,6711515,72.17,188,6142595,66.05,216,4495526,48.34,425,810472,8.72,62.14,8.71,29.16
2022-05-23T00:00:00.000Z,64,6711579,72.17,120,6142715,66.06,154,4495680,48.34,343,810815,8.72,62.14,8.71,29.16
2022-05-24T00:00:00.000Z,43,6711622,72.17,119,6142834,66.06,155,4495835,48.35,393,811208,8.72,62.13,8.71,29.15
2022-05-25T00:00:00.000Z,61,6711683,72.17,103,6142937,66.06,165,4496000,48.35,337,811545,8.73,62.12,8.72,29.15
2022-05-26T00:00:00.000Z,72,6711755,72.17,136,6143073,66.06,184,4496184,48.35,348,811893,8.73,62.11,8.73,29.16
2022-05-27T00:00:00.000Z,11,6711766,72.17,28,6143101,66.06,43,4496227,48.35,59,811952,8.73,62.1,8.74,29.16
2022-05-28T00:00:00.000Z,1,6711767,72.17,4,6143105,66.06,7,4496234,48.35,12,811964,8.73,62.09,8.75,29.16
2022-05-29T00:00:00.000Z,89,6711856,72.18,152,6143257,66.06,163,4496397,48.35,314,812278,8.73,62.09,8.75,29.16
2022-05-30T00:00:00.000Z,56,6711912,72.18,132,6143389,66.06,124,4496521,48.35,291,812569,8.74,62.09,8.76,29.16
2022-05-31T00:00:00.000Z,45,6711957,72.18,104,6143493,66.06,153,4496674,48.35,350,812919,8.74,62.07,8.78,29.15
2022-06-01T00:00:00.000Z,63,6712020,72.18,89,6143582,66.07,117,4496791,48.36,274,813193,8.74,61.95,8.9,29.16
2022-06-02T00:00:00.000Z,76,6712096,72.18,156,6143738,66.07,174,4496965,48.36,254,813447,8.75,45.96,24.88,29.15
2022-06-03T00:00:00.000Z,10,6712106,72.18,23,6143761,66.07,21,4496986,48.36,32,813479,8.75,45.9,24.95,29.16
2022-06-04T00:00:00.000Z,0,6712106,72.18,7,6143768,66.07,7,4496993,48.36,5,813484,8.75,45.84,25,29.16
2022-06-05T00:00:00.000Z,11,6712117,72.18,14,6143782,66.07,6,4496999,48.36,2,813486,8.75,45.8,25.05,29.16
2022-06-06T00:00:00.000Z,58,6712175,72.18,144,6143926,66.07,161,4497160,48.36,262,813748,8.75,39.96,30.89,29.16
2022-06-07T00:00:00.000Z,54,6712229,72.18,133,6144059,66.07,141,4497301,48.36,375,814123,8.75,39.92,30.93,29.15
2022-06-08T00:00:00.000Z,57,6712286,72.18,105,6144164,66.07,130,4497431,48.36,495,814618,8.76,39.89,30.96,29.15
2022-06-09T00:00:00.000Z,84,6712370,72.18,206,6144370,66.07,234,4497665,48.37,641,815259,8.77,39.86,30.99,29.15
2022-06-10T00:00:00.000Z,14,6712384,72.18,51,6144421,66.07,59,4497724,48.37,138,815397,8.77,39.83,31.02,29.15
2022-06-11T00:00:00.000Z,0,6712384,72.18,3,6144424,66.07,7,4497731,48.37,19,815416,8.77,39.8,31.05,29.15
2022-06-12T00:00:00.000Z,108,6712492,72.18,199,6144623,66.08,191,4497922,48.37,767,816183,8.78,39.8,31.05,29.15
2022-06-13T00:00:00.000Z,81,6712573,72.18,142,6144765,66.08,166,4498088,48.37,625,816808,8.78,39.81,31.04,29.15
2022-06-14T00:00:00.000Z,116,6712689,72.18,172,6144937,66.08,208,4498296,48.37,759,817567,8.79,39.79,31.06,29.15
2022-06-15T00:00:00.000Z,72,6712761,72.19,141,6145078,66.08,207,4498503,48.37,696,818263,8.8,39.78,31.08,29.15
2022-06-16T00:00:00.000Z,92,6712853,72.19,136,6145214,66.08,217,4498720,48.38,740,819003,8.81,39.74,31.11,29.14
2022-06-17T00:00:00.000Z,16,6712869,72.19,63,6145277,66.08,52,4498772,48.38,122,819125,8.81,39.72,31.14,29.15
2022-06-18T00:00:00.000Z,3,6712872,72.19,4,6145281,66.08,11,4498783,48.38,15,819140,8.81,39.68,31.17,29.14
2022-06-19T00:00:00.000Z,115,6712987,72.19,207,6145488,66.09,317,4499100,48.38,877,820017,8.82,39.53,31.33,29.15
2022-06-20T00:00:00.000Z,99,6713086,72.19,152,6145640,66.09,306,4499406,48.38,922,820939,8.83,33.92,36.85,29.23
2022-06-21T00:00:00.000Z,94,6713180,72.19,155,6145795,66.09,375,4499781,48.39,1228,822167,8.84,33.58,37.19,29.23
2022-06-22T00:00:00.000Z,110,6713290,72.19,133,6145928,66.09,339,4500120,48.39,894,823061,8.85,33.28,37.49,29.23
2022-06-23T00:00:00.000Z,133,6713423,72.19,216,6146144,66.09,524,4500644,48.4,1146,824207,8.86,32.84,37.92,29.23
2022-06-24T00:00:00.000Z,19,6713442,72.19,35,6146179,66.09,109,4500753,48.4,207,824414,8.87,32.43,38.34,29.24
2022-06-25T00:00:00.000Z,1,6713443,72.19,1,6146180,66.09,12,4500765,48.4,16,824430,8.87,32.04,38.72,29.24
2022-06-26T00:00:00.000Z,107,6713550,72.19,158,6146338,66.09,379,4501144,48.4,933,825363,8.88,31.63,39.13,29.24
2022-06-27T00:00:00.000Z,85,6713635,72.2,172,6146510,66.1,391,4501535,48.41,1027,826390,8.89,31.29,39.47,29.24
2022-06-28T00:00:00.000Z,84,6713719,72.2,151,6146661,66.1,362,4501897,48.41,930,827320,8.9,30.86,39.91,29.24
2022-06-29T00:00:00.000Z,76,6713795,72.2,106,6146767,66.1,262,4502159,48.41,814,828134,8.91,30.48,40.28,29.24
2022-06-30T00:00:00.000Z,84,6713879,72.2,164,6146931,66.1,355,4502514,48.42,1058,829192,8.92,30.05,40.71,29.24
2022-07-01T00:00:00.000Z,21,6713900,72.2,28,6146959,66.1,54,4502568,48.42,77,829269,8.92,29.62,41.14,29.24
2022-07-02T00:00:00.000Z,0,6713900,72.2,2,6146961,66.1,6,4502574,48.42,18,829287,8.92,29.2,41.56,29.24
2022-07-03T00:00:00.000Z,91,6713991,72.2,177,6147138,66.1,318,4502892,48.42,637,829924,8.92,28.81,41.95,29.24
2022-07-04T00:00:00.000Z,76,6714067,72.2,140,6147278,66.1,275,4503167,48.42,747,830671,8.93,28.5,42.26,29.24
2022-07-05T00:00:00.000Z,58,6714125,72.2,142,6147420,66.11,301,4503468,48.43,688,831359,8.94,28.06,42.7,29.24
2022-07-06T00:00:00.000Z,78,6714203,72.2,125,6147545,66.11,211,4503679,48.43,643,832002,8.95,27.39,43.37,29.24
2022-07-07T00:00:00.000Z,81,6714284,72.2,163,6147708,66.11,266,4503945,48.43,722,832724,8.95,26.48,44.28,29.24
2022-07-08T00:00:00.000Z,17,6714301,72.2,33,6147741,66.11,68,4504013,48.43,131,832855,8.96,25.47,45.29,29.24
2022-07-09T00:00:00.000Z,0,6714301,72.2,1,6147742,66.11,1,4504014,48.43,1,832856,8.96,24.42,46.34,29.24
2022-07-10T00:00:00.000Z,88,6714389,72.2,164,6147906,66.11,229,4504243,48.44,469,833325,8.96,23.77,46.99,29.24
2022-07-11T00:00:00.000Z,64,6714453,72.2,140,6148046,66.11,245,4504488,48.44,571,833896,8.97,23.22,47.54,29.24
2022-07-12T00:00:00.000Z,69,6714522,72.2,128,6148174,66.11,207,4504695,48.44,556,834452,8.97,22.13,48.63,29.24
2022-07-13T00:00:00.000Z,43,6714565,72.21,100,6148274,66.12,163,4504858,48.44,488,834940,8.98,21.1,49.66,29.24
2022-07-14T00:00:00.000Z,69,6714634,72.21,147,6148421,66.12,208,4505066,48.45,511,835451,8.98,20.12,50.63,29.24
2022-07-15T00:00:00.000Z,57,6714691,72.21,83,6148504,66.12,129,4505195,48.45,166,835617,8.99,19.27,51.48,29.25
2022-07-16T00:00:00.000Z,0,6714691,72.21,6,6148510,66.12,7,4505202,48.45,7,835624,8.99,18.29,52.46,29.25
2022-07-17T00:00:00.000Z,75,6714766,72.21,182,6148692,66.12,241,4505443,48.45,468,836092,8.99,17.83,52.92,29.25
2022-07-18T00:00:00.000Z,62,6714828,72.21,157,6148849,66.12,206,4505649,48.45,510,836602,9,17.48,53.26,29.26
2022-07-19T00:00:00.000Z,61,6714889,72.21,146,6148995,66.12,174,4505823,48.45,368,836970,9,16.77,53.97,29.26
2022-07-20T00:00:00.000Z,52,6714941,72.21,133,6149128,66.12,136,4505959,48.45,421,837391,9,16.09,54.64,29.26
2022-07-21T00:00:00.000Z,63,6715004,72.21,155,6149283,66.13,175,4506134,48.46,340,837731,9.01,15.43,55.3,29.27
2022-07-22T00:00:00.000Z,10,6715014,72.21,36,6149319,66.13,41,4506175,48.46,56,837787,9.01,14.64,56.08,29.28
2022-07-23T00:00:00.000Z,0,6715014,72.21,3,6149322,66.13,4,4506179,48.46,9,837796,9.01,14.17,56.55,29.28
2022-07-24T00:00:00.000Z,58,6715072,72.21,126,6149448,66.13,196,4506375,48.46,363,838159,9.01,13.55,57.16,29.29
2022-07-25T00:00:00.000Z,48,6715120,72.21,107,6149555,66.13,170,4506545,48.46,336,838495,9.02,13.09,57.61,29.3
2022-07-26T00:00:00.000Z,47,6715167,72.21,100,6149655,66.13,109,4506654,48.46,270,838765,9.02,12.46,58.23,29.3
2022-07-27T00:00:00.000Z,44,6715211,72.21,125,6149780,66.13,131,4506785,48.46,242,839007,9.02,11.89,58.8,29.31
2022-07-28T00:00:00.000Z,62,6715273,72.21,140,6149920,66.13,147,4506932,48.47,219,839226,9.02,11.35,59.34,29.31
2022-07-29T00:00:00.000Z,10,6715283,72.21,25,6149945,66.13,27,4506959,48.47,30,839256,9.02,10.85,59.83,29.32
2022-07-30T00:00:00.000Z,0,6715283,72.21,0,6149945,66.13,1,4506960,48.47,1,839257,9.03,10.34,60.33,29.33
2022-07-31T00:00:00.000Z,58,6715341,72.21,134,6150079,66.13,131,4507091,48.47,252,839509,9.03,9.97,60.7,29.33
2022-08-01T00:00:00.000Z,54,6715395,72.21,75,6150154,66.14,88,4507179,48.47,152,839661,9.03,9.47,61.19,29.34
2022-08-02T00:00:00.000Z,111,6715506,72.22,119,6150273,66.14,155,4507334,48.47,264,839925,9.03,8.92,61.73,29.35
2022-08-03T00:00:00.000Z,76,6715582,72.22,70,6150343,66.14,92,4507426,48.47,177,840102,9.03,8.46,62.19,29.35
2022-08-04T00:00:00.000Z,126,6715708,72.22,133,6150476,66.14,111,4507537,48.47,244,840346,9.04,8.04,62.61,29.36
2022-08-05T00:00:00.000Z,30,6715738,72.22,22,6150498,66.14,13,4507550,48.47,23,840369,9.04,7.71,62.93,29.36
2022-08-06T00:00:00.000Z,1,6715739,72.22,2,6150500,66.14,1,4507551,48.47,5,840374,9.04,7.32,63.32,29.36
2022-08-07T00:00:00.000Z,76,6715815,72.22,85,6150585,66.14,66,4507617,48.47,168,840542,9.04,6.92,63.71,29.37
2022-08-08T00:00:00.000Z,76,6715891,72.22,92,6150677,66.14,122,4507739,48.47,171,840713,9.04,6.74,63.89,29.37
2022-08-09T00:00:00.000Z,96,6715987,72.22,87,6150764,66.14,99,4507838,48.48,213,840926,9.04,6.25,64.37,29.38
2022-08-10T00:00:00.000Z,76,6716063,72.22,58,6150822,66.14,75,4507913,48.48,115,841041,9.04,5.91,64.71,29.38
2022-08-11T00:00:00.000Z,54,6716117,72.22,101,6150923,66.14,91,4508004,48.48,154,841195,9.05,5.59,65.03,29.38
2022-08-12T00:00:00.000Z,8,6716125,72.22,12,6150935,66.14,17,4508021,48.48,27,841222,9.05,5.35,65.27,29.38
2022-08-13T00:00:00.000Z,0,6716125,72.22,1,6150936,66.14,2,4508023,48.48,3,841225,9.05,5.1,65.52,29.38
2022-08-14T00:00:00.000Z,73,6716198,72.22,75,6151011,66.14,82,4508105,48.48,150,841375,9.05,4.87,65.75,29.39
2022-08-15T00:00:00.000Z,68,6716266,72.22,81,6151092,66.15,93,4508198,48.48,142,841517,9.05,4.74,65.87,29.39
2022-08-16T00:00:00.000Z,81,6716347,72.22,84,6151176,66.15,83,4508281,48.48,186,841703,9.05,4.46,66.15,29.39
2022-08-17T00:00:00.000Z,48,6716395,72.22,55,6151231,66.15,36,4508317,48.48,114,841817,9.05,4.16,66.44,29.39
2022-08-18T00:00:00.000Z,64,6716459,72.23,93,6151324,66.15,119,4508436,48.48,173,841990,9.05,3.98,66.63,29.39
2022-08-19T00:00:00.000Z,73,6716532,72.23,55,6151379,66.15,55,4508491,48.48,45,842035,9.05,3.83,66.78,29.39
2022-08-20T00:00:00.000Z,1,6716533,72.23,1,6151380,66.15,3,4508494,48.48,3,842038,9.05,3.67,66.94,29.39
2022-08-21T00:00:00.000Z,50,6716583,72.23,86,6151466,66.15,84,4508578,48.48,193,842231,9.06,3.52,67.08,29.4
2022-08-22T00:00:00.000Z,90,6716673,72.23,74,6151540,66.15,102,4508680,48.48,142,842373,9.06,3.44,67.16,29.4
2022-08-23T00:00:00.000Z,72,6716745,72.23,106,6151646,66.15,83,4508763,48.48,179,842552,9.06,3.27,67.33,29.4
2022-08-24T00:00:00.000Z,38,6716783,72.23,80,6151726,66.15,48,4508811,48.49,132,842684,9.06,3.15,67.46,29.4
2022-08-25T00:00:00.000Z,54,6716837,72.23,75,6151801,66.15,91,4508902,48.49,192,842876,9.06,3.03,67.57,29.4
2022-08-26T00:00:00.000Z,4,6716841,72.23,15,6151816,66.15,9,4508911,48.49,14,842890,9.06,2.94,67.66,29.4
2022-08-27T00:00:00.000Z,0,6716841,72.23,0,6151816,66.15,0,4508911,48.49,0,842890,9.06,2.84,67.76,29.4
2022-08-28T00:00:00.000Z,55,6716896,72.23,79,6151895,66.15,84,4508995,48.49,102,842992,9.07,2.75,67.85,29.4
2022-08-29T00:00:00.000Z,48,6716944,72.23,68,6151963,66.16,89,4509084,48.49,107,843099,9.07,2.69,67.91,29.4
2022-08-30T00:00:00.000Z,87,6717031,72.23,111,6152074,66.16,84,4509168,48.49,128,843227,9.07,2.6,68,29.4
2022-08-31T00:00:00.000Z,44,6717075,72.23,86,6152160,66.16,69,4509237,48.49,91,843318,9.07,2.53,68.07,29.4
2022-09-01T00:00:00.000Z,27,6717102,72.23,84,6152244,66.16,57,4509294,48.49,109,843427,9.07,2.46,68.14,29.4
2022-09-02T00:00:00.000Z,6,6717108,72.23,20,6152264,66.16,13,4509307,48.49,9,843436,9.07,2.4,68.2,29.4
2022-09-03T00:00:00.000Z,2,6717110,72.23,0,6152264,66.16,3,4509310,48.49,1,843437,9.07,2.33,68.27,29.4
2022-09-04T00:00:00.000Z,50,6717160,72.23,118,6152382,66.16,78,4509388,48.49,119,843556,9.07,2.27,68.32,29.4
2022-09-05T00:00:00.000Z,43,6717203,72.23,77,6152459,66.16,57,4509445,48.49,87,843643,9.07,2.23,68.37,29.4
2022-09-06T00:00:00.000Z,59,6717262,72.23,104,6152563,66.16,77,4509522,48.49,124,843767,9.07,2.17,68.42,29.4
2022-09-07T00:00:00.000Z,27,6717289,72.23,62,6152625,66.16,52,4509574,48.49,90,843857,9.07,2.12,68.47,29.4
2022-09-08T00:00:00.000Z,19,6717308,72.23,30,6152655,66.16,26,4509600,48.49,52,843909,9.08,2.07,68.53,29.4
