Day_Date,vaccinated,vaccinated_cum,vaccinated_population_perc,vaccinated_seconde_dose,vaccinated_seconde_dose_cum,vaccinated_seconde_dose_population_perc,vaccinated_third_dose,vaccinated_third_dose_cum,vaccinated_third_dose_population_perc,vaccinated_fourth_dose,vaccinated_fourth_dose_cum,vaccinated_fourth_dose_population_perc,vaccinated_validity_perc,vaccinated_expired_perc,not_vaccinated_perc
2020-12-19T00:00:00.000Z,46,68,0,0,4,0,0,0,0,0,0,0,0,0,100
2020-12-20T00:00:00.000Z,7390,7458,0.08,0,4,0,0,0,0,0,0,0,0,0,100
2020-12-21T00:00:00.000Z,24918,32376,0.35,0,4,0,0,0,0,0,0,0,0,0,100
2020-12-22T00:00:00.000Z,44654,77030,0.83,0,4,0,0,0,0,0,0,0,0,0,100
2020-12-23T00:00:00.000Z,62906,139936,1.5,0,4,0,0,0,0,0,0,0,0,0,100
2020-12-24T00:00:00.000Z,73412,213348,2.29,0,4,0,0,0,0,0,0,0,0,0,100
2020-12-25T00:00:00.000Z,38506,251854,2.71,0,4,0,0,0,0,0,0,0,0,0,100
2020-12-26T00:00:00.000Z,32611,284465,3.06,0,4,0,0,0,0,0,0,0,0,0,100
2020-12-27T00:00:00.000Z,104544,389009,4.18,0,4,0,0,0,0,0,0,0,0,0,100
2020-12-28T00:00:00.000Z,134995,524004,5.63,0,4,0,0,0,0,0,0,0,0,0,100
2020-12-29T00:00:00.000Z,156267,680271,7.32,2,6,0,0,0,0,0,0,0,0,0,100
2020-12-30T00:00:00.000Z,153123,833394,8.96,0,6,0,0,0,0,0,0,0,0,0,100
2020-12-31T00:00:00.000Z,158520,991914,10.67,0,6,0,0,0,0,0,0,0,0,0,100
2021-01-01T00:00:00.000Z,71405,1063319,11.43,0,6,0,0,0,0,0,0,0,0,0,100
2021-01-02T00:00:00.000Z,71713,1135032,12.21,0,6,0,0,0,0,0,0,0,0,0,100
2021-01-03T00:00:00.000Z,149703,1284735,13.82,0,6,0,0,0,0,0,0,0,0,0,100
2021-01-04T00:00:00.000Z,152152,1436887,15.45,1,7,0,0,0,0,0,0,0,0,0,100
2021-01-05T00:00:00.000Z,125147,1562034,16.8,3,10,0,0,0,0,0,0,0,0,0,100
2021-01-06T00:00:00.000Z,103302,1665336,17.91,2,12,0,0,0,0,0,0,0,0,0,100
2021-01-07T00:00:00.000Z,116000,1781336,19.16,9,21,0,0,0,0,0,0,0,0,0,100
2021-01-08T00:00:00.000Z,66426,1847762,19.87,4,25,0,0,0,0,0,0,0,0,0,100
2021-01-09T00:00:00.000Z,44521,1892283,20.35,24,49,0,0,0,0,0,0,0,0,0,100
2021-01-10T00:00:00.000Z,37628,1929911,20.75,5997,6046,0.07,0,0,0,0,0,0,0,0,100
2021-01-11T00:00:00.000Z,21148,1951059,20.98,19259,25305,0.27,0,0,0,0,0,0,0,0,100
2021-01-12T00:00:00.000Z,24047,1975106,21.24,35666,60971,0.66,0,0,0,0,0,0,0,0,100
2021-01-13T00:00:00.000Z,52040,2027146,21.8,56866,117837,1.27,0,0,0,0,0,0,0,0,100
2021-01-14T00:00:00.000Z,56434,2083580,22.41,68826,186663,2.01,0,0,0,0,0,0,0,0,100
2021-01-15T00:00:00.000Z,30747,2114327,22.74,35930,222593,2.39,0,0,0,0,0,0,0,0,100
2021-01-16T00:00:00.000Z,29455,2143782,23.05,26004,248597,2.67,0,0,0,0,0,0,0,0,100
2021-01-17T00:00:00.000Z,68409,2212191,23.79,84581,333178,3.58,0,0,0,0,0,0,0.36,0,99.64
2021-01-18T00:00:00.000Z,69768,2281959,24.54,120404,453582,4.88,0,0,0,0,0,0,0.64,0,99.36
2021-01-19T00:00:00.000Z,72854,2354813,25.32,137808,591390,6.36,0,0,0,0,0,0,1.16,0,98.84
2021-01-20T00:00:00.000Z,76864,2431677,26.15,143727,735117,7.91,0,0,0,0,0,0,1.98,0,98.02
2021-01-21T00:00:00.000Z,69966,2501643,26.9,164402,899519,9.67,0,0,0,0,0,0,2.98,0,97.02
2021-01-22T00:00:00.000Z,37896,2539539,27.31,71111,970630,10.44,0,0,0,0,0,0,3.5,0,96.5
2021-01-23T00:00:00.000Z,39952,2579491,27.74,53569,1024199,11.01,0,0,0,0,0,0,3.89,0,96.11
2021-01-24T00:00:00.000Z,69098,2648589,28.48,140667,1164866,12.53,0,0,0,0,0,0,5.1,0,94.9
2021-01-25T00:00:00.000Z,80896,2729485,29.35,139484,1304350,14.03,0,0,0,0,0,0,6.78,0,93.22
2021-01-26T00:00:00.000Z,78685,2808170,30.2,126389,1430739,15.39,0,0,0,0,0,0,8.65,0,91.35
2021-01-27T00:00:00.000Z,77934,2886104,31.04,125025,1555764,16.73,0,0,0,0,0,0,10.56,0,89.44
2021-01-28T00:00:00.000Z,79533,2965637,31.89,130582,1686346,18.13,0,0,0,0,0,0,12.69,0,87.31
2021-01-29T00:00:00.000Z,36673,3002310,32.29,64769,1751115,18.83,0,0,0,0,0,0,13.61,0,86.39
2021-01-30T00:00:00.000Z,34386,3036696,32.66,42750,1793865,19.29,0,0,0,0,0,0,14.3,0,85.7
2021-01-31T00:00:00.000Z,73309,3110005,33.44,59483,1853348,19.93,0,0,0,0,0,0,16.07,0,83.93
2021-02-01T00:00:00.000Z,82470,3192475,34.33,35330,1888678,20.31,0,0,0,0,0,0,17.81,0,82.19
2021-02-02T00:00:00.000Z,70065,3262540,35.08,31051,1919729,20.64,0,0,0,0,0,0,19.35,0,80.65
2021-02-03T00:00:00.000Z,60275,3322815,35.73,51413,1971142,21.2,0,0,0,0,0,0,20.84,0,79.16
2021-02-04T00:00:00.000Z,72597,3395412,36.51,58068,2029210,21.82,0,0,0,0,0,0,22.39,0,77.61
2021-02-05T00:00:00.000Z,33911,3429323,36.88,28787,2057997,22.13,0,0,0,0,0,0,23.15,0,76.85
2021-02-06T00:00:00.000Z,21604,3450927,37.11,22220,2080217,22.37,0,0,0,0,0,0,23.64,0,76.36
2021-02-07T00:00:00.000Z,54066,3504993,37.69,68712,2148929,23.11,0,0,0,0,0,0,24.4,0,75.6
2021-02-08T00:00:00.000Z,58615,3563608,38.32,65439,2214368,23.81,0,0,0,0,0,0,24.95,0,75.05
2021-02-09T00:00:00.000Z,66316,3629924,39.03,67546,2281914,24.54,0,0,0,0,0,0,25.48,0,74.52
2021-02-10T00:00:00.000Z,70532,3700456,39.79,72284,2354198,25.32,0,0,0,0,0,0,26.23,0,73.77
2021-02-11T00:00:00.000Z,81137,3781593,40.67,72078,2426276,26.09,0,0,0,0,0,0,27.08,0,72.92
2021-02-12T00:00:00.000Z,39081,3820674,41.09,37570,2463846,26.5,0,0,0,0,0,0,27.5,0,72.5
2021-02-13T00:00:00.000Z,27451,3848125,41.38,30424,2494270,26.82,0,0,0,0,0,0,27.82,0,72.18
2021-02-14T00:00:00.000Z,74886,3923011,42.19,69058,2563328,27.56,0,0,0,0,0,0,28.76,0,71.24
2021-02-15T00:00:00.000Z,81515,4004526,43.06,75677,2639005,28.38,0,0,0,0,0,0,29.69,0,70.31
2021-02-16T00:00:00.000Z,83397,4087923,43.96,78260,2717265,29.22,0,0,0,0,0,0,30.64,0,69.36
2021-02-17T00:00:00.000Z,61956,4149879,44.63,75603,2792868,30.03,0,0,0,0,0,0,31.56,0,68.44
2021-02-18T00:00:00.000Z,69130,4219009,45.37,79713,2872581,30.89,0,0,0,0,0,0,32.51,0,67.49
2021-02-19T00:00:00.000Z,39648,4258657,45.8,38135,2910716,31.3,0,0,0,0,0,0,33.02,0,66.98
2021-02-20T00:00:00.000Z,31643,4290300,46.14,28719,2939435,31.61,0,0,0,0,0,0,33.43,0,66.57
2021-02-21T00:00:00.000Z,79412,4369712,46.99,78421,3017856,32.45,0,0,0,0,0,0,34.39,0,65.61
2021-02-22T00:00:00.000Z,85038,4454750,47.9,80575,3098431,33.32,0,0,0,0,0,0,35.44,0,64.56
2021-02-23T00:00:00.000Z,77310,4532060,48.74,70456,3168887,34.08,0,0,0,0,0,0,36.47,0,63.53
2021-02-24T00:00:00.000Z,61038,4593098,49.39,63111,3231998,34.76,0,0,0,0,0,0,37.4,0,62.6
2021-02-25T00:00:00.000Z,51700,4644798,49.95,64777,3296775,35.45,0,0,0,0,0,0,38.31,0,61.69
2021-02-26T00:00:00.000Z,25890,4670688,50.23,32016,3328791,35.8,0,0,0,0,0,0,38.76,0,61.24
2021-02-27T00:00:00.000Z,18335,4689023,50.42,21191,3349982,36.02,0,0,0,0,0,0,39.08,0,60.92
2021-02-28T00:00:00.000Z,40336,4729359,50.86,55859,3405841,36.62,0,0,0,0,0,0,39.92,0,60.08
2021-03-01T00:00:00.000Z,45716,4775075,51.35,61421,3467262,37.29,0,0,0,0,0,0,40.78,0,59.22
2021-03-02T00:00:00.000Z,41163,4816238,51.79,64766,3532028,37.98,0,0,0,0,0,0,41.54,0,58.46
2021-03-03T00:00:00.000Z,41998,4858236,52.24,66754,3598782,38.7,0,0,0,0,0,0,42.25,0,57.75
2021-03-04T00:00:00.000Z,39684,4897920,52.67,79097,3677879,39.55,0,0,0,0,0,0,42.95,0,57.05
2021-03-05T00:00:00.000Z,17335,4915255,52.86,40448,3718327,39.99,0,0,0,0,0,0,43.28,0,56.72
2021-03-06T00:00:00.000Z,10701,4925956,52.97,25337,3743664,40.26,0,0,0,0,0,0,43.5,0,56.5
2021-03-07T00:00:00.000Z,31131,4957087,53.31,72825,3816489,41.04,0,0,0,0,0,0,44.09,0,55.91
2021-03-08T00:00:00.000Z,27349,4984436,53.6,73271,3889760,41.83,0,0,0,0,0,0,44.71,0,55.29
2021-03-09T00:00:00.000Z,26723,5011159,53.89,76580,3966340,42.65,0,0,0,0,0,0,45.37,0,54.63
2021-03-10T00:00:00.000Z,23322,5034481,54.14,58656,4024996,43.28,0,0,0,0,0,0,46.03,0,53.97
2021-03-11T00:00:00.000Z,23272,5057753,54.39,69068,4094064,44.03,0,0,0,0,0,0,46.76,0,53.24
2021-03-12T00:00:00.000Z,11251,5069004,54.51,41396,4135460,44.47,0,0,0,0,0,0,47.12,0,52.88
2021-03-13T00:00:00.000Z,7927,5076931,54.59,25233,4160693,44.74,0,0,0,0,0,0,47.35,0,52.65
2021-03-14T00:00:00.000Z,20959,5097890,54.82,73924,4234617,45.54,0,0,0,0,0,0,47.99,0,52.01
2021-03-15T00:00:00.000Z,20113,5118003,55.04,78251,4312868,46.38,0,0,0,0,0,0,48.61,0,51.39
2021-03-16T00:00:00.000Z,18728,5136731,55.24,71457,4384325,47.15,0,0,0,0,0,0,49.23,0,50.77
2021-03-17T00:00:00.000Z,17668,5154399,55.43,58986,4443311,47.78,0,0,0,0,0,0,49.72,0,50.28
2021-03-18T00:00:00.000Z,16014,5170413,55.6,58113,4501424,48.41,0,0,0,0,0,0,50.26,0,49.74
2021-03-19T00:00:00.000Z,6927,5177340,55.67,27966,4529390,48.71,0,0,0,0,0,0,50.56,0,49.44
2021-03-20T00:00:00.000Z,5208,5182548,55.73,15289,4544679,48.87,0,0,0,0,0,0,50.74,0,49.26
2021-03-21T00:00:00.000Z,13144,5195692,55.87,40485,4585164,49.31,0,0,0,0,0,0,51.27,0,48.73
2021-03-22T00:00:00.000Z,13551,5209243,56.02,40518,4625682,49.74,0,0,0,0,0,0,51.81,0,48.19
2021-03-23T00:00:00.000Z,2811,5212054,56.05,7281,4632963,49.82,0,0,0,0,0,0,52.24,0,47.76
2021-03-24T00:00:00.000Z,10985,5223039,56.17,46531,4679494,50.32,0,0,0,0,0,0,52.65,0,47.35
2021-03-25T00:00:00.000Z,10228,5233267,56.28,35407,4714901,50.7,0,0,0,0,0,0,53.04,0,46.96
2021-03-26T00:00:00.000Z,4164,5237431,56.32,13319,4728220,50.84,0,0,0,0,0,0,53.22,0,46.78
2021-03-27T00:00:00.000Z,1773,5239204,56.34,4259,4732479,50.89,0,0,0,0,0,0,53.31,0,46.69
2021-03-28T00:00:00.000Z,2096,5241300,56.36,4599,4737078,50.94,0,0,0,0,0,0,53.55,0,46.45
2021-03-29T00:00:00.000Z,6886,5248186,56.44,29998,4767076,51.26,0,0,0,0,0,0,53.81,0,46.19
2021-03-30T00:00:00.000Z,7859,5256045,56.52,22421,4789497,51.5,0,0,0,0,0,0,53.9,0,46.1
2021-03-31T00:00:00.000Z,8121,5264166,56.61,19458,4808955,51.71,0,0,0,0,0,0,54.2,0,45.8
2021-04-01T00:00:00.000Z,8165,5272331,56.7,18676,4827631,51.91,0,0,0,0,0,0,54.43,0,45.57
2021-04-02T00:00:00.000Z,2913,5275244,56.73,8111,4835742,52,0,0,0,0,0,0,54.52,0,45.48
2021-04-03T00:00:00.000Z,1413,5276657,56.74,2959,4838701,52.03,0,0,0,0,0,0,54.55,0,45.45
2021-04-04T00:00:00.000Z,9608,5286265,56.85,22817,4861518,52.28,0,0,0,0,0,0,54.64,0,45.36
2021-04-05T00:00:00.000Z,10329,5296594,56.96,21240,4882758,52.51,0,0,0,0,0,0,54.86,0,45.14
2021-04-06T00:00:00.000Z,8995,5305589,57.05,16760,4899518,52.69,0,0,0,0,0,0,55.03,0,44.97
2021-04-07T00:00:00.000Z,8891,5314480,57.15,15272,4914790,52.85,0,0,0,0,0,0,55.18,0,44.82
2021-04-08T00:00:00.000Z,9390,5323870,57.25,16976,4931766,53.03,0,0,0,0,0,0,55.34,0,44.66
2021-04-09T00:00:00.000Z,3577,5327447,57.29,6219,4937985,53.1,0,0,0,0,0,0,55.4,0,44.6
2021-04-10T00:00:00.000Z,1617,5329064,57.31,3502,4941487,53.14,0,0,0,0,0,0,55.43,0,44.57
2021-04-11T00:00:00.000Z,9017,5338081,57.4,14225,4955712,53.29,0,0,0,0,0,0,55.61,0,44.39
2021-04-12T00:00:00.000Z,8910,5346991,57.5,13209,4968921,53.43,0,0,0,0,0,0,55.77,0,44.23
2021-04-13T00:00:00.000Z,5812,5352803,57.56,4929,4973850,53.49,0,0,0,0,0,0,55.9,0,44.1
2021-04-14T00:00:00.000Z,3616,5356419,57.6,5283,4979133,53.54,0,0,0,0,0,0,56,0,44
2021-04-15T00:00:00.000Z,670,5357089,57.61,558,4979691,53.55,0,0,0,0,0,0,56.1,0,43.9
2021-04-16T00:00:00.000Z,3384,5360473,57.64,6625,4986316,53.62,0,0,0,0,0,0,56.15,0,43.85
2021-04-17T00:00:00.000Z,804,5361277,57.65,1962,4988278,53.64,0,0,0,0,0,0,56.17,0,43.83
2021-04-18T00:00:00.000Z,7085,5368362,57.73,7419,4995697,53.72,0,0,0,0,0,0,56.29,0,43.71
2021-04-19T00:00:00.000Z,6376,5374738,57.8,7104,5002801,53.8,0,0,0,0,0,0,56.4,0,43.6
2021-04-20T00:00:00.000Z,6254,5380992,57.86,6855,5009656,53.87,0,0,0,0,0,0,56.47,0,43.53
2021-04-21T00:00:00.000Z,6347,5387339,57.93,7074,5016730,53.95,0,0,0,0,0,0,56.54,0,43.46
2021-04-22T00:00:00.000Z,5920,5393259,58,7663,5024393,54.03,0,0,0,0,0,0,56.58,0,43.42
2021-04-23T00:00:00.000Z,2738,5395997,58.03,3364,5027757,54.07,0,0,0,0,0,0,56.63,0,43.37
2021-04-24T00:00:00.000Z,756,5396753,58.03,1276,5029033,54.08,0,0,0,0,0,0,56.64,0,43.36
2021-04-25T00:00:00.000Z,4819,5401572,58.09,6908,5035941,54.15,0,0,0,0,0,0,56.71,0,43.29
2021-04-26T00:00:00.000Z,5459,5407031,58.14,7872,5043813,54.24,0,0,0,0,0,0,56.79,0,43.21
2021-04-27T00:00:00.000Z,4487,5411518,58.19,6603,5050416,54.31,0,0,0,0,0,0,56.85,0,43.15
2021-04-28T00:00:00.000Z,4470,5415988,58.24,7288,5057704,54.39,0,0,0,0,0,0,56.92,0,43.08
2021-04-29T00:00:00.000Z,4346,5420334,58.29,7257,5064961,54.47,0,0,0,0,0,0,56.99,0,43.01
2021-04-30T00:00:00.000Z,1903,5422237,58.31,3165,5068126,54.5,0,0,0,0,0,0,57.02,0,42.98
2021-05-01T00:00:00.000Z,448,5422685,58.31,887,5069013,54.51,0,0,0,0,0,0,57.03,0,42.97
2021-05-02T00:00:00.000Z,3216,5425901,58.35,6069,5075082,54.57,0,0,0,0,0,0,57.08,0,42.92
2021-05-03T00:00:00.000Z,3528,5429429,58.39,5798,5080880,54.64,0,0,0,0,0,0,57.15,0,42.85
2021-05-04T00:00:00.000Z,3566,5432995,58.42,4706,5085586,54.69,0,0,0,0,0,0,57.2,0,42.8
2021-05-05T00:00:00.000Z,3268,5436263,58.46,4058,5089644,54.73,0,0,0,0,0,0,57.26,0,42.74
2021-05-06T00:00:00.000Z,3620,5439883,58.5,3114,5092758,54.77,0,0,0,0,0,0,57.32,0,42.68
2021-05-07T00:00:00.000Z,1807,5441690,58.52,2477,5095235,54.79,0,0,0,0,0,0,57.35,0,42.65
2021-05-08T00:00:00.000Z,230,5441920,58.52,493,5095728,54.8,0,0,0,0,0,0,57.35,0,42.65
2021-05-09T00:00:00.000Z,2836,5444756,58.55,4736,5100464,54.85,0,0,0,0,0,0,57.4,0,42.6
2021-05-10T00:00:00.000Z,2883,5447639,58.58,4684,5105148,54.9,0,0,0,0,0,0,57.45,0,42.55
2021-05-11T00:00:00.000Z,2604,5450243,58.61,3854,5109002,54.94,0,0,0,0,0,0,57.49,0,42.51
2021-05-12T00:00:00.000Z,2001,5452244,58.63,3307,5112309,54.98,0,0,0,0,0,0,57.53,0,42.47
2021-05-13T00:00:00.000Z,2025,5454269,58.65,3653,5115962,55.01,0,0,0,0,0,0,57.56,0,42.44
2021-05-14T00:00:00.000Z,952,5455221,58.66,1469,5117431,55.03,0,0,0,0,0,0,57.57,0,42.43
2021-05-15T00:00:00.000Z,239,5455460,58.67,239,5117670,55.03,0,0,0,0,0,0,57.58,0,42.42
2021-05-16T00:00:00.000Z,522,5455982,58.67,1196,5118866,55.05,0,0,0,0,0,0,57.6,0,42.4
2021-05-17T00:00:00.000Z,286,5456268,58.67,830,5119696,55.05,0,0,0,0,0,0,57.63,0,42.37
2021-05-18T00:00:00.000Z,1946,5458214,58.69,4920,5124616,55.11,0,0,0,0,0,0,57.66,0,42.34
2021-05-19T00:00:00.000Z,2206,5460420,58.72,5021,5129637,55.16,0,0,0,0,0,0,57.69,0,42.31
2021-05-20T00:00:00.000Z,2299,5462719,58.74,3859,5133496,55.2,0,0,0,0,0,0,57.72,0,42.28
2021-05-21T00:00:00.000Z,1166,5463885,58.76,1383,5134879,55.22,0,0,0,0,0,0,57.74,0,42.26
2021-05-22T00:00:00.000Z,204,5464089,58.76,385,5135264,55.22,0,0,0,0,0,0,57.74,0,42.26
2021-05-23T00:00:00.000Z,2267,5466356,58.78,3208,5138472,55.26,0,0,0,0,0,0,57.76,0,42.24
2021-05-24T00:00:00.000Z,2112,5468468,58.81,3579,5142051,55.3,0,0,0,0,0,0,57.78,0,42.22
2021-05-25T00:00:00.000Z,1808,5470276,58.82,2570,5144621,55.32,0,0,0,0,0,0,57.81,0,42.19
2021-05-26T00:00:00.000Z,1389,5471665,58.84,2479,5147100,55.35,0,0,0,0,0,0,57.85,0,42.15
2021-05-27T00:00:00.000Z,1829,5473494,58.86,3164,5150264,55.38,0,0,0,0,0,0,57.88,0,42.12
2021-05-28T00:00:00.000Z,760,5474254,58.87,1386,5151650,55.4,0,0,0,0,0,0,57.89,0,42.11
2021-05-29T00:00:00.000Z,171,5474425,58.87,217,5151867,55.4,0,0,0,0,0,0,57.89,0,42.11
2021-05-30T00:00:00.000Z,1631,5476056,58.89,1922,5153789,55.42,0,0,0,0,0,0,57.92,0,42.08
2021-05-31T00:00:00.000Z,1714,5477770,58.91,2078,5155867,55.44,0,0,0,0,0,0,57.95,0,42.05
2021-06-01T00:00:00.000Z,1356,5479126,58.92,1806,5157673,55.46,0,0,0,0,0,0,57.97,0,42.03
2021-06-02T00:00:00.000Z,1485,5480611,58.94,1590,5159263,55.48,0,0,0,0,0,0,57.99,0,42.01
2021-06-03T00:00:00.000Z,1661,5482272,58.95,1472,5160735,55.5,0,0,0,0,0,0,58.01,0,41.99
2021-06-04T00:00:00.000Z,1073,5483345,58.97,763,5161498,55.5,0,0,0,0,0,0,58.03,0,41.97
2021-06-05T00:00:00.000Z,174,5483519,58.97,150,5161648,55.51,0,0,0,0,0,0,58.03,0,41.97
2021-06-06T00:00:00.000Z,4276,5487795,59.01,988,5162636,55.52,0,0,0,0,0,0,58.07,0,41.93
2021-06-07T00:00:00.000Z,4413,5492208,59.06,796,5163432,55.53,0,0,0,0,0,0,58.1,0,41.9
2021-06-08T00:00:00.000Z,3718,5495926,59.1,1150,5164582,55.54,0,0,0,0,0,0,58.14,0,41.86
2021-06-09T00:00:00.000Z,3575,5499501,59.14,1299,5165881,55.55,0,0,0,0,0,0,58.17,0,41.83
2021-06-10T00:00:00.000Z,3328,5502829,59.17,1276,5167157,55.57,0,0,0,0,0,0,58.2,0,41.8
2021-06-11T00:00:00.000Z,1372,5504201,59.19,567,5167724,55.57,0,0,0,0,0,0,58.21,0,41.79
2021-06-12T00:00:00.000Z,206,5504407,59.19,160,5167884,55.57,0,0,0,0,0,0,58.21,0,41.79
2021-06-13T00:00:00.000Z,3093,5507500,59.22,1246,5169130,55.59,0,0,0,0,0,0,58.24,0,41.76
2021-06-14T00:00:00.000Z,3032,5510532,59.26,1513,5170643,55.6,0,0,0,0,0,0,58.26,0,41.74
2021-06-15T00:00:00.000Z,3124,5513656,59.29,1351,5171994,55.62,0,0,0,0,0,0,58.28,0,41.72
2021-06-16T00:00:00.000Z,2705,5516361,59.32,977,5172971,55.63,0,0,0,0,0,0,58.31,0,41.69
2021-06-17T00:00:00.000Z,2708,5519069,59.35,1177,5174148,55.64,0,0,0,0,0,0,58.33,0,41.67
2021-06-18T00:00:00.000Z,1242,5520311,59.36,482,5174630,55.65,0,0,0,0,0,0,58.34,0,41.66
2021-06-19T00:00:00.000Z,217,5520528,59.37,135,5174765,55.65,0,0,0,0,0,0,58.34,0,41.66
2021-06-20T00:00:00.000Z,3306,5523834,59.4,1318,5176083,55.66,0,0,0,0,0,0,58.37,0,41.63
2021-06-21T00:00:00.000Z,5229,5529063,59.46,1194,5177277,55.67,0,0,0,0,0,0,58.41,0,41.59
2021-06-22T00:00:00.000Z,6903,5535966,59.53,1083,5178360,55.69,0,0,0,0,0,0,58.46,0,41.54
2021-06-23T00:00:00.000Z,10715,5546681,59.65,1275,5179635,55.7,0,0,0,0,0,0,58.54,0,41.46
2021-06-24T00:00:00.000Z,12010,5558691,59.78,1449,5181084,55.71,0,0,0,0,0,0,58.62,0,41.38
2021-06-25T00:00:00.000Z,7083,5565774,59.85,912,5181996,55.72,0,0,0,0,0,0,58.67,0,41.33
2021-06-26T00:00:00.000Z,2258,5568032,59.88,188,5182184,55.73,0,0,0,0,0,0,58.68,0,41.32
2021-06-27T00:00:00.000Z,13611,5581643,60.02,3428,5185612,55.76,0,0,0,0,0,0,58.78,0,41.22
2021-06-28T00:00:00.000Z,14495,5596138,60.18,3654,5189266,55.8,0,0,0,0,0,0,58.88,0,41.12
2021-06-29T00:00:00.000Z,16689,5612827,60.36,3718,5192984,55.84,0,0,0,0,0,0,58.99,0,41.01
2021-06-30T00:00:00.000Z,16457,5629284,60.53,3375,5196359,55.88,0,0,0,0,0,0,59.11,0,40.89
2021-07-01T00:00:00.000Z,16788,5646072,60.72,3347,5199706,55.92,75,75,0,0,0,0,59.23,0,40.77
2021-07-02T00:00:00.000Z,9810,5655882,60.82,1574,5201280,55.93,4,79,0,0,0,0,59.3,0,40.7
2021-07-03T00:00:00.000Z,2657,5658539,60.85,290,5201570,55.94,1,80,0,0,0,0,59.32,0,40.68
2021-07-04T00:00:00.000Z,17715,5676254,61.04,3147,5204717,55.97,1,81,0,0,0,0,59.46,0,40.54
2021-07-05T00:00:00.000Z,17831,5694085,61.23,3019,5207736,56,4,85,0,0,0,0,59.6,0,40.4
2021-07-06T00:00:00.000Z,17818,5711903,61.42,3389,5211125,56.04,10,95,0,0,0,0,59.74,0,40.26
2021-07-07T00:00:00.000Z,15504,5727407,61.59,2671,5213796,56.07,11,106,0,0,0,0,59.87,0,40.13
2021-07-08T00:00:00.000Z,16562,5743969,61.77,2838,5216634,56.1,15,121,0,0,0,0,60,0,40
2021-07-09T00:00:00.000Z,11107,5755076,61.89,1508,5218142,56.11,3,124,0,0,0,0,60.09,0,39.91
2021-07-10T00:00:00.000Z,4966,5760042,61.94,373,5218515,56.12,5,129,0,0,0,0,60.13,0,39.87
2021-07-11T00:00:00.000Z,1451,5761493,61.96,2839,5221354,56.15,5,134,0,0,0,0,60.16,0,39.84
2021-07-12T00:00:00.000Z,2402,5763895,61.98,3668,5225022,56.19,50,184,0,0,0,0,60.2,0,39.8
2021-07-13T00:00:00.000Z,2942,5766837,62.01,5434,5230456,56.25,124,308,0,0,0,0,60.25,0,39.75
2021-07-14T00:00:00.000Z,2718,5769555,62.04,7493,5237949,56.33,440,748,0.01,0,0,0,60.29,0,39.71
2021-07-15T00:00:00.000Z,2971,5772526,62.07,9264,5247213,56.43,373,1121,0.01,0,0,0,60.34,0,39.66
2021-07-16T00:00:00.000Z,1263,5773789,62.09,5864,5253077,56.49,65,1186,0.01,0,0,0,60.36,0,39.64
2021-07-17T00:00:00.000Z,352,5774141,62.09,1376,5254453,56.5,6,1192,0.01,0,0,0,60.37,0,39.63
2021-07-18T00:00:00.000Z,2051,5776192,62.11,9760,5264213,56.61,235,1427,0.02,0,0,0,60.4,0,39.6
2021-07-19T00:00:00.000Z,3186,5779378,62.15,11320,5275533,56.73,457,1884,0.02,0,0,0,60.44,0,39.56
2021-07-20T00:00:00.000Z,2655,5782033,62.18,11886,5287419,56.86,370,2254,0.02,0,0,0,60.42,0.07,39.51
2021-07-21T00:00:00.000Z,2366,5784399,62.2,11852,5299271,56.99,322,2576,0.03,0,0,0,60.26,0.28,39.46
2021-07-22T00:00:00.000Z,2855,5787254,62.23,13234,5312505,57.13,389,2965,0.03,0,0,0,59.93,0.67,39.4
2021-07-23T00:00:00.000Z,2014,5789268,62.25,8203,5320708,57.22,103,3068,0.03,0,0,0,59.35,1.29,39.36
2021-07-24T00:00:00.000Z,620,5789888,62.26,1463,5322171,57.23,6,3074,0.03,0,0,0,58.61,2.04,39.35
2021-07-25T00:00:00.000Z,4409,5794297,62.31,15473,5337644,57.4,223,3297,0.04,0,0,0,58.29,2.43,39.28
2021-07-26T00:00:00.000Z,5150,5799447,62.36,13502,5351146,57.54,322,3619,0.04,0,0,0,58.1,2.71,39.19
2021-07-27T00:00:00.000Z,5463,5804910,62.42,13535,5364681,57.69,413,4032,0.04,0,0,0,57.27,3.63,39.1
2021-07-28T00:00:00.000Z,3967,5808877,62.47,12313,5376994,57.82,470,4502,0.05,0,0,0,56.05,4.93,39.02
2021-07-29T00:00:00.000Z,4639,5813516,62.52,14153,5391147,57.97,527,5029,0.05,0,0,0,54.65,6.41,38.93
2021-07-30T00:00:00.000Z,2636,5816152,62.54,10828,5401975,58.09,4116,9145,0.1,0,0,0,53.18,7.92,38.9
2021-07-31T00:00:00.000Z,1392,5817544,62.56,3536,5405511,58.13,6154,15299,0.16,0,0,0,51.46,9.64,38.9
2021-08-01T00:00:00.000Z,3064,5820608,62.59,3348,5408859,58.16,31042,46341,0.5,0,0,0,50.94,10.15,38.92
2021-08-02T00:00:00.000Z,3109,5823717,62.63,3152,5412011,58.2,58500,104841,1.13,0,0,0,50.72,10.24,39.03
2021-08-03T00:00:00.000Z,3366,5827083,62.66,3297,5415308,58.23,78954,183795,1.98,0,0,0,49.7,11.07,39.23
2021-08-04T00:00:00.000Z,3509,5830592,62.7,3226,5418534,58.27,80753,264548,2.84,0,0,0,48.7,11.86,39.44
2021-08-05T00:00:00.000Z,4495,5835087,62.75,3550,5422084,58.31,88432,352980,3.8,0,0,0,47.92,12.4,39.68
2021-08-06T00:00:00.000Z,2401,5837488,62.77,1826,5423910,58.33,44738,397718,4.28,0,0,0,46.97,13.26,39.77
2021-08-07T00:00:00.000Z,1017,5838505,62.78,666,5424576,58.33,27349,425067,4.57,0,0,0,45.82,14.34,39.84
2021-08-08T00:00:00.000Z,4990,5843495,62.84,3055,5427631,58.37,80072,505139,5.43,0,0,0,45.73,14.27,40
2021-08-09T00:00:00.000Z,5326,5848821,62.9,3034,5430665,58.4,76477,581616,6.25,0,0,0,45.97,13.98,40.05
2021-08-10T00:00:00.000Z,5537,5854358,62.95,3169,5433834,58.43,75416,657032,7.07,0,0,0,46.18,13.81,40.01
2021-08-11T00:00:00.000Z,5675,5860033,63.02,2924,5436758,58.46,62622,719654,7.74,0,0,0,46.57,13.52,39.91
2021-08-12T00:00:00.000Z,7014,5867047,63.09,3270,5440028,58.5,59452,779106,8.38,0,0,0,47.05,13.21,39.74
2021-08-13T00:00:00.000Z,3796,5870843,63.13,2050,5442078,58.52,43856,822962,8.85,0,0,0,47.01,13.29,39.7
2021-08-14T00:00:00.000Z,2246,5873089,63.16,837,5442915,58.53,44472,867434,9.33,0,0,0,46.77,13.49,39.74
2021-08-15T00:00:00.000Z,7155,5880244,63.23,4518,5447433,58.58,97948,965382,10.38,0,0,0,47.43,12.85,39.72
2021-08-16T00:00:00.000Z,6976,5887220,63.31,4723,5452156,58.63,89495,1054877,11.34,0,0,0,48.08,12.25,39.68
2021-08-17T00:00:00.000Z,7572,5894792,63.39,5116,5457272,58.68,83289,1138166,12.24,0,0,0,48.24,12.15,39.61
2021-08-18T00:00:00.000Z,8629,5903421,63.48,4592,5461864,58.73,69236,1207402,12.98,0,0,0,48.3,12.17,39.53
2021-08-19T00:00:00.000Z,10063,5913484,63.59,5195,5467059,58.79,65955,1273357,13.69,0,0,0,48.32,12.24,39.44
2021-08-20T00:00:00.000Z,4734,5918218,63.64,2795,5469854,58.82,60430,1333787,14.34,0,0,0,48.14,12.41,39.44
2021-08-21T00:00:00.000Z,3487,5921705,63.68,1559,5471413,58.84,50709,1384496,14.89,0,0,0,47.9,12.68,39.42
2021-08-22T00:00:00.000Z,9831,5931536,63.78,4786,5476199,58.89,105071,1489567,16.02,0,0,0,48.58,12.09,39.32
2021-08-23T00:00:00.000Z,10928,5942464,63.9,4427,5480626,58.94,93979,1583546,17.03,0,0,0,49.21,11.58,39.21
2021-08-24T00:00:00.000Z,11728,5954192,64.03,4689,5485315,58.99,98486,1682032,18.09,0,0,0,49.46,11.42,39.12
2021-08-25T00:00:00.000Z,9623,5963815,64.13,4466,5489781,59.03,99459,1781491,19.16,0,0,0,49.56,11.37,39.07
2021-08-26T00:00:00.000Z,10106,5973921,64.24,5031,5494812,59.09,101159,1882650,20.25,0,0,0,49.63,11.33,39.04
2021-08-27T00:00:00.000Z,4318,5978239,64.29,2763,5497575,59.12,56664,1939314,20.85,0,0,0,49.51,11.55,38.95
2021-08-28T00:00:00.000Z,3694,5981933,64.33,1481,5499056,59.13,33514,1972828,21.21,0,0,0,49.19,11.98,38.84
2021-08-29T00:00:00.000Z,10342,5992275,64.44,5929,5504985,59.2,79476,2052304,22.07,0,0,0,49.75,11.65,38.61
2021-08-30T00:00:00.000Z,12340,6004615,64.57,7002,5511987,59.27,115948,2168252,23.32,0,0,0,50.44,11.05,38.51
2021-08-31T00:00:00.000Z,12086,6016701,64.7,6502,5518489,59.34,114804,2283056,24.55,0,0,0,50.77,10.82,38.41
2021-09-01T00:00:00.000Z,9051,6025752,64.8,5999,5524488,59.41,112430,2395486,25.76,0,0,0,51.06,10.58,38.36
2021-09-02T00:00:00.000Z,8793,6034545,64.89,7155,5531643,59.48,111469,2506955,26.96,0,0,0,51.47,10.22,38.31
2021-09-03T00:00:00.000Z,3742,6038287,64.93,4092,5535735,59.53,58854,2565809,27.59,0,0,0,51.53,10.2,38.27
2021-09-04T00:00:00.000Z,2690,6040977,64.96,2009,5537744,59.55,29932,2595741,27.91,0,0,0,51.36,10.4,38.23
2021-09-05T00:00:00.000Z,7008,6047985,65.04,6448,5544192,59.62,73286,2669027,28.7,1,1,0,51.84,10.03,38.14
2021-09-06T00:00:00.000Z,2822,6050807,65.07,2681,5546873,59.65,22782,2691809,28.95,0,1,0,52.27,9.9,37.83
2021-09-07T00:00:00.000Z,1187,6051994,65.08,860,5547733,59.66,5384,2697193,29,0,1,0,52.37,10.13,37.5
2021-09-08T00:00:00.000Z,1377,6053371,65.09,1168,5548901,59.67,6608,2703801,29.08,0,1,0,52.44,10.39,37.17
2021-09-09T00:00:00.000Z,7100,6060471,65.17,12542,5561443,59.8,73802,2777603,29.87,0,1,0,52.79,10.21,36.99
2021-09-10T00:00:00.000Z,3243,6063714,65.21,4984,5566427,59.86,37917,2815520,30.28,0,1,0,52.75,10.34,36.91
2021-09-11T00:00:00.000Z,2107,6065821,65.23,2491,5568918,59.89,14803,2830323,30.44,0,1,0,52.38,10.77,36.85
2021-09-12T00:00:00.000Z,6118,6071939,65.29,8579,5577497,59.98,54094,2884417,31.02,0,1,0,52.69,10.57,36.74
2021-09-13T00:00:00.000Z,5621,6077560,65.36,8240,5585737,60.07,47933,2932350,31.53,0,1,0,52.86,10.37,36.76
2021-09-14T00:00:00.000Z,4956,6082516,65.41,7400,5593137,60.15,48823,2981173,32.06,0,1,0,52.63,10.52,36.85
2021-09-15T00:00:00.000Z,1738,6084254,65.43,2695,5595832,60.17,16671,2997844,32.24,0,1,0,52.21,10.93,36.86
2021-09-16T00:00:00.000Z,334,6084588,65.43,537,5596369,60.18,1738,2999582,32.26,0,1,0,51.98,11.42,36.59
2021-09-17T00:00:00.000Z,3675,6088263,65.47,7002,5603371,60.26,42873,3042455,32.72,0,1,0,51.93,11.5,36.57
2021-09-18T00:00:00.000Z,2250,6090513,65.49,2931,5606302,60.29,12777,3055232,32.85,0,1,0,51.53,11.93,36.54
2021-09-19T00:00:00.000Z,5965,6096478,65.56,10701,5617003,60.4,44288,3099520,33.33,0,1,0,51.73,11.82,36.44
2021-09-20T00:00:00.000Z,3239,6099717,65.59,4624,5621627,60.45,16685,3116205,33.51,0,1,0,51.86,11.84,36.3
2021-09-21T00:00:00.000Z,1328,6101045,65.61,2041,5623668,60.47,3467,3119672,33.55,0,1,0,51.53,12.34,36.13
2021-09-22T00:00:00.000Z,4253,6105298,65.65,7230,5630898,60.55,25045,3144717,33.82,0,1,0,51.13,12.74,36.12
2021-09-23T00:00:00.000Z,4399,6109697,65.7,5889,5636787,60.62,27800,3172517,34.12,0,1,0,50.75,13.08,36.17
2021-09-24T00:00:00.000Z,3197,6112894,65.73,4174,5640961,60.66,27700,3200217,34.41,0,1,0,50.65,13.27,36.08
2021-09-25T00:00:00.000Z,2080,6114974,65.76,2245,5643206,60.68,10424,3210641,34.53,0,1,0,50.32,13.63,36.05
2021-09-26T00:00:00.000Z,5618,6120592,65.82,5963,5649169,60.75,36236,3246877,34.92,0,1,0,50.56,13.48,35.95
2021-09-27T00:00:00.000Z,4697,6125289,65.87,4446,5653615,60.8,30427,3277304,35.24,1,2,0,50.72,13.33,35.95
2021-09-28T00:00:00.000Z,1461,6126750,65.88,1165,5654780,60.81,6236,3283540,35.31,0,2,0,50.48,13.59,35.94
2021-09-29T00:00:00.000Z,9635,6136385,65.99,8330,5663110,60.9,60279,3343819,35.96,0,2,0,50.67,13.36,35.97
2021-09-30T00:00:00.000Z,10968,6147353,66.11,8552,5671662,60.99,79662,3423481,36.81,0,2,0,51.24,12.7,36.07
2021-10-01T00:00:00.000Z,5117,6152470,66.16,3849,5675511,61.03,46495,3469976,37.31,0,2,0,51.32,12.6,36.08
2021-10-02T00:00:00.000Z,2863,6155333,66.19,2116,5677627,61.05,22412,3492388,37.56,0,2,0,51.24,12.67,36.09
2021-10-03T00:00:00.000Z,11667,6167000,66.32,7257,5684884,61.13,70699,3563087,38.32,0,2,0,51.81,12.09,36.11
2021-10-04T00:00:00.000Z,10320,6177320,66.43,6737,5691621,61.2,51862,3614949,38.87,0,2,0,52.28,11.63,36.09
2021-10-05T00:00:00.000Z,8452,6185772,66.52,5290,5696911,61.26,40442,3655391,39.31,0,2,0,52.55,11.31,36.15
2021-10-06T00:00:00.000Z,7558,6193330,66.6,4163,5701074,61.31,34083,3689474,39.67,0,2,0,52.9,11.14,35.96
2021-10-07T00:00:00.000Z,6905,6200235,66.67,3987,5705061,61.35,34009,3723483,40.04,0,2,0,53.39,10.91,35.7
2021-10-08T00:00:00.000Z,3088,6203323,66.71,2621,5707682,61.38,19209,3742692,40.25,0,2,0,53.62,10.82,35.56
2021-10-09T00:00:00.000Z,1338,6204661,66.72,1428,5709110,61.39,7424,3750116,40.33,0,2,0,53.66,10.85,35.49
2021-10-10T00:00:00.000Z,4683,6209344,66.77,3734,5712844,61.43,21493,3771609,40.56,0,2,0,54.13,10.63,35.24
2021-10-11T00:00:00.000Z,4296,6213640,66.82,2930,5715774,61.46,17239,3788848,40.74,0,2,0,54.51,10.44,35.05
2021-10-12T00:00:00.000Z,3971,6217611,66.86,2986,5718760,61.5,15334,3804182,40.91,0,2,0,54.66,10.42,34.91
2021-10-13T00:00:00.000Z,3495,6221106,66.9,2434,5721194,61.52,13540,3817722,41.05,0,2,0,54.81,10.41,34.78
2021-10-14T00:00:00.000Z,3867,6224973,66.94,2673,5723867,61.55,16531,3834253,41.23,0,2,0,55,10.34,34.66
2021-10-15T00:00:00.000Z,1695,6226668,66.96,1662,5725529,61.57,8983,3843236,41.33,0,2,0,55.07,10.34,34.59
2021-10-16T00:00:00.000Z,729,6227397,66.97,938,5726467,61.58,4021,3847257,41.37,0,2,0,55.02,10.42,34.56
2021-10-17T00:00:00.000Z,3103,6230500,67,2514,5728981,61.61,12766,3860023,41.51,0,2,0,55.21,10.31,34.48
2021-10-18T00:00:00.000Z,2455,6232955,67.03,1664,5730645,61.62,10038,3870061,41.62,0,2,0,55.36,10.23,34.41
2021-10-19T00:00:00.000Z,2384,6235339,67.05,1264,5731909,61.64,9275,3879336,41.72,0,2,0,55.42,10.23,34.35
2021-10-20T00:00:00.000Z,2435,6237774,67.08,2280,5734189,61.66,10060,3889396,41.82,0,2,0,55.49,10.21,34.3
2021-10-21T00:00:00.000Z,3028,6240802,67.11,3071,5737260,61.7,12117,3901513,41.95,0,2,0,55.64,10.12,34.24
2021-10-22T00:00:00.000Z,1274,6242076,67.12,1412,5738672,61.71,5800,3907313,42.02,0,2,0,55.7,10.09,34.21
2021-10-23T00:00:00.000Z,559,6242635,67.13,1254,5739926,61.72,2553,3909866,42.04,0,2,0,55.74,10.07,34.2
2021-10-24T00:00:00.000Z,2510,6245145,67.16,2651,5742577,61.75,9835,3919701,42.15,0,2,0,55.84,10.01,34.15
2021-10-25T00:00:00.000Z,2630,6247775,67.19,2721,5745298,61.78,8481,3928182,42.24,0,2,0,55.95,9.94,34.11
2021-10-26T00:00:00.000Z,2371,6250146,67.21,2033,5747331,61.8,8495,3936677,42.33,0,2,0,56.02,9.9,34.08
2021-10-27T00:00:00.000Z,2295,6252441,67.24,2546,5749877,61.83,7924,3944601,42.42,0,2,0,56.09,9.87,34.04
2021-10-28T00:00:00.000Z,2493,6254934,67.26,2751,5752628,61.86,8638,3953239,42.51,0,2,0,56.17,9.83,33.99
2021-10-29T00:00:00.000Z,885,6255819,67.27,1124,5753752,61.87,4107,3957346,42.56,0,2,0,56.19,9.84,33.98
2021-10-30T00:00:00.000Z,354,6256173,67.28,519,5754271,61.88,1698,3959044,42.57,0,2,0,56.16,9.87,33.96
2021-10-31T00:00:00.000Z,2264,6258437,67.3,2483,5756754,61.91,8230,3967274,42.66,0,2,0,56.26,9.81,33.93
2021-11-01T00:00:00.000Z,1730,6260167,67.32,2083,5758837,61.93,6446,3973720,42.73,0,2,0,56.35,9.76,33.89
2021-11-02T00:00:00.000Z,2020,6262187,67.34,2024,5760861,61.95,6259,3979979,42.8,1,3,0,56.4,9.74,33.86
2021-11-03T00:00:00.000Z,1762,6263949,67.36,1875,5762736,61.97,5517,3985496,42.86,0,3,0,56.43,9.74,33.83
2021-11-04T00:00:00.000Z,2108,6266057,67.38,2783,5765519,62,7088,3992584,42.93,0,3,0,56.49,9.72,33.79
2021-11-05T00:00:00.000Z,772,6266829,67.39,883,5766402,62.01,3437,3996021,42.97,0,3,0,56.48,9.73,33.78
2021-11-06T00:00:00.000Z,339,6267168,67.39,379,5766781,62.01,1363,3997384,42.99,0,3,0,56.45,9.77,33.77
2021-11-07T00:00:00.000Z,1584,6268752,67.41,1766,5768547,62.03,6112,4003496,43.05,0,3,0,56.53,9.73,33.74
2021-11-08T00:00:00.000Z,1513,6270265,67.43,1579,5770126,62.05,5380,4008876,43.11,0,3,0,56.6,9.68,33.72
2021-11-09T00:00:00.000Z,1427,6271692,67.44,1583,5771709,62.07,5306,4014182,43.17,0,3,0,56.63,9.67,33.7
2021-11-10T00:00:00.000Z,1426,6273118,67.46,1638,5773347,62.08,4739,4018921,43.22,0,3,0,56.66,9.67,33.68
2021-11-11T00:00:00.000Z,1631,6274749,67.48,1921,5775268,62.1,5665,4024586,43.28,3,6,0,56.71,9.64,33.65
2021-11-12T00:00:00.000Z,624,6275373,67.48,807,5776075,62.11,2887,4027473,43.31,0,6,0,56.72,9.64,33.64
2021-11-13T00:00:00.000Z,252,6275625,67.48,279,5776354,62.12,1110,4028583,43.32,0,6,0,56.71,9.66,33.63
2021-11-14T00:00:00.000Z,1544,6277169,67.5,1624,5777978,62.13,5088,4033671,43.38,1,7,0,56.77,9.62,33.61
2021-11-15T00:00:00.000Z,1263,6278432,67.52,1605,5779583,62.15,4746,4038417,43.43,0,7,0,56.83,9.58,33.59
2021-11-16T00:00:00.000Z,1276,6279708,67.53,1391,5780974,62.17,4302,4042719,43.47,0,7,0,56.86,9.57,33.57
2021-11-17T00:00:00.000Z,1208,6280916,67.54,1542,5782516,62.18,3858,4046577,43.51,0,7,0,56.89,9.57,33.55
2021-11-18T00:00:00.000Z,1356,6282272,67.56,1673,5784189,62.2,4975,4051552,43.57,0,7,0,56.93,9.54,33.53
2021-11-19T00:00:00.000Z,585,6282857,67.56,742,5784931,62.21,2420,4053972,43.59,0,7,0,56.94,9.54,33.52
2021-11-20T00:00:00.000Z,233,6283090,67.57,238,5785169,62.21,911,4054883,43.6,1,8,0,56.93,9.56,33.51
2021-11-21T00:00:00.000Z,1421,6284511,67.58,1518,5786687,62.23,4854,4059737,43.66,0,8,0,56.98,9.52,33.5
2021-11-22T00:00:00.000Z,1675,6286186,67.6,1505,5788192,62.24,4198,4063935,43.7,1,9,0,57.04,9.48,33.47
2021-11-23T00:00:00.000Z,8617,6294803,67.69,1662,5789854,62.26,3967,4067902,43.74,0,9,0,57.14,9.46,33.4
2021-11-24T00:00:00.000Z,9352,6304155,67.79,1299,5791153,62.28,3881,4071783,43.79,0,9,0,57.23,9.44,33.33
2021-11-25T00:00:00.000Z,9818,6313973,67.9,1578,5792731,62.29,4803,4076586,43.84,0,9,0,57.31,9.44,33.25
2021-11-26T00:00:00.000Z,5606,6319579,67.96,730,5793461,62.3,2739,4079325,43.87,0,9,0,57.34,9.46,33.21
2021-11-27T00:00:00.000Z,4777,6324356,68.01,313,5793774,62.3,1140,4080465,43.88,0,9,0,57.35,9.48,33.17
2021-11-28T00:00:00.000Z,10152,6334508,68.12,1473,5795247,62.32,4873,4085338,43.93,0,9,0,57.46,9.45,33.09
2021-11-29T00:00:00.000Z,9038,6343546,68.22,1125,5796372,62.33,4332,4089670,43.98,0,9,0,57.57,9.42,33.01
2021-11-30T00:00:00.000Z,10044,6353590,68.32,1006,5797378,62.34,4045,4093715,44.02,1,10,0,57.65,9.42,32.93
2021-12-01T00:00:00.000Z,8624,6362214,68.42,1083,5798461,62.35,4397,4098112,44.07,2,12,0,57.73,9.42,32.86
2021-12-02T00:00:00.000Z,9171,6371385,68.51,1432,5799893,62.37,5057,4103169,44.12,5,17,0,57.82,9.4,32.78
2021-12-03T00:00:00.000Z,6337,6377722,68.58,656,5800549,62.38,2822,4105991,44.15,1,18,0,57.87,9.4,32.73
2021-12-04T00:00:00.000Z,2505,6380227,68.61,231,5800780,62.38,900,4106891,44.16,1,19,0,57.88,9.41,32.71
2021-12-05T00:00:00.000Z,8337,6388564,68.7,1251,5802031,62.39,4654,4111545,44.21,0,19,0,57.98,9.39,32.63
2021-12-06T00:00:00.000Z,6725,6395289,68.77,1184,5803215,62.4,4304,4115849,44.26,2,21,0,58.07,9.36,32.57
2021-12-07T00:00:00.000Z,5552,6400841,68.83,1489,5804704,62.42,3924,4119773,44.3,3,24,0,58.13,9.35,32.52
2021-12-08T00:00:00.000Z,4932,6405773,68.88,1187,5805891,62.43,3825,4123598,44.34,5,29,0,58.19,9.33,32.48
2021-12-09T00:00:00.000Z,6243,6412016,68.95,1220,5807111,62.45,4465,4128063,44.39,7,36,0,58.27,9.31,32.42
2021-12-10T00:00:00.000Z,3006,6415022,68.98,674,5807785,62.45,2639,4130702,44.42,2,38,0,58.31,9.3,32.39
2021-12-11T00:00:00.000Z,1491,6416513,69,248,5808033,62.46,989,4131691,44.43,0,38,0,58.32,9.3,32.38
2021-12-12T00:00:00.000Z,7279,6423792,69.08,1430,5809463,62.47,5218,4136909,44.49,2,40,0,58.42,9.27,32.32
2021-12-13T00:00:00.000Z,6181,6429973,69.14,1359,5810822,62.49,4306,4141215,44.53,2,42,0,58.5,9.24,32.26
2021-12-14T00:00:00.000Z,7323,6437296,69.22,6090,5816912,62.55,4892,4146107,44.59,8,50,0,58.59,9.21,32.2
2021-12-15T00:00:00.000Z,7206,6444502,69.3,7398,5824310,62.63,5397,4151504,44.64,1,51,0,58.68,9.18,32.14
2021-12-16T00:00:00.000Z,8081,6452583,69.39,8601,5832911,62.72,6509,4158013,44.71,5,56,0,58.78,9.15,32.07
2021-12-17T00:00:00.000Z,4395,6456978,69.44,5118,5838029,62.78,3894,4161907,44.76,3,59,0,58.83,9.14,32.04
2021-12-18T00:00:00.000Z,3937,6460915,69.48,2903,5840932,62.81,1328,4163235,44.77,2,61,0,58.86,9.14,32.01
2021-12-19T00:00:00.000Z,6986,6467901,69.55,9327,5850259,62.91,6236,4169471,44.84,3,64,0,58.96,9.1,31.94
2021-12-20T00:00:00.000Z,7980,6475881,69.64,7507,5857766,62.99,5369,4174840,44.89,6,70,0,59.05,9.08,31.87
2021-12-21T00:00:00.000Z,9553,6485434,69.74,8636,5866402,63.08,6419,4181259,44.96,4,74,0,59.18,9.05,31.77
2021-12-22T00:00:00.000Z,9667,6495101,69.85,8132,5874534,63.17,6198,4187457,45.03,8,82,0,59.31,9.03,31.66
2021-12-23T00:00:00.000Z,11546,6506647,69.97,10257,5884791,63.28,8085,4195542,45.12,13,95,0,59.46,9,31.54
2021-12-24T00:00:00.000Z,5885,6512532,70.03,6235,5891026,63.35,5221,4200763,45.17,4,99,0,59.55,8.98,31.47
2021-12-25T00:00:00.000Z,3337,6515869,70.07,2565,5893591,63.38,2015,4202778,45.19,3,102,0,59.59,8.98,31.44
2021-12-26T00:00:00.000Z,10660,6526529,70.18,8911,5902502,63.47,8177,4210955,45.28,5,107,0,59.75,8.93,31.32
2021-12-27T00:00:00.000Z,10372,6536901,70.29,7136,5909638,63.55,8143,4219098,45.37,80,187,0,59.9,8.89,31.21
2021-12-28T00:00:00.000Z,11379,6548280,70.42,7437,5917075,63.63,9585,4228683,45.47,89,276,0,60.05,8.86,31.09
2021-12-29T00:00:00.000Z,9953,6558233,70.52,5958,5923033,63.69,8311,4236994,45.56,10,286,0,60.19,8.83,30.98
2021-12-30T00:00:00.000Z,11018,6569251,70.64,7727,5930760,63.78,12200,4249194,45.69,5,291,0,60.36,8.79,30.86
2021-12-31T00:00:00.000Z,4837,6574088,70.69,3668,5934428,63.82,7260,4256454,45.77,83,374,0,60.44,8.77,30.8
2022-01-01T00:00:00.000Z,1991,6576079,70.72,1589,5936017,63.83,2737,4259191,45.8,35,409,0,60.46,8.76,30.77
2022-01-02T00:00:00.000Z,10226,6586305,70.83,6487,5942504,63.9,12975,4272166,45.94,332,741,0.01,60.63,8.71,30.66
2022-01-03T00:00:00.000Z,9390,6595695,70.93,5245,5947749,63.96,11290,4283456,46.06,24798,25539,0.27,60.78,8.66,30.56
2022-01-04T00:00:00.000Z,8969,6604664,71.02,5941,5953690,64.02,10483,4293939,46.17,50333,75872,0.82,60.91,8.64,30.46
2022-01-05T00:00:00.000Z,8556,6613220,71.12,5728,5959418,64.08,10436,4304375,46.29,59594,135466,1.46,61.03,8.61,30.37
2022-01-06T00:00:00.000Z,10344,6623564,71.23,7957,5967375,64.17,13494,4317869,46.43,63989,199455,2.14,61.18,8.56,30.26
2022-01-07T00:00:00.000Z,4756,6628320,71.28,4543,5971918,64.22,8110,4325979,46.52,31132,230587,2.48,61.25,8.54,30.21
2022-01-08T00:00:00.000Z,2750,6631070,71.31,2447,5974365,64.25,5472,4331451,46.58,27624,258211,2.78,61.28,8.53,30.19
2022-01-09T00:00:00.000Z,9315,6640385,71.41,7726,5982091,64.33,11852,4343303,46.71,66821,325032,3.5,61.43,8.48,30.09
2022-01-10T00:00:00.000Z,8366,6648751,71.5,7648,5989739,64.41,11829,4355132,46.83,64847,389879,4.19,61.57,8.43,30
2022-01-11T00:00:00.000Z,8108,6656859,71.58,8618,5998357,64.5,11932,4367064,46.96,56683,446562,4.8,61.69,8.4,29.91
2022-01-12T00:00:00.000Z,7275,6664134,71.66,8313,6006670,64.59,11075,4378139,47.08,44597,491159,5.28,61.81,8.35,29.83
2022-01-13T00:00:00.000Z,7515,6671649,71.74,9615,6016285,64.7,11496,4389635,47.2,34763,525922,5.66,62,8.27,29.73
2022-01-14T00:00:00.000Z,2555,6674204,71.77,4925,6021210,64.75,6111,4395746,47.27,11165,537087,5.78,62.08,8.23,29.69
2022-01-15T00:00:00.000Z,1463,6675667,71.79,3162,6024372,64.78,3853,4399599,47.31,5713,542800,5.84,62.12,8.21,29.66
2022-01-16T00:00:00.000Z,3820,6679487,71.83,8518,6032890,64.87,7658,4407257,47.39,19998,562798,6.05,62.26,8.14,29.6
2022-01-17T00:00:00.000Z,2808,6682295,71.86,7042,6039932,64.95,6143,4413400,47.46,17836,580634,6.24,62.4,8.06,29.54
2022-01-18T00:00:00.000Z,2475,6684770,71.88,7368,6047300,65.03,5487,4418887,47.52,14846,595480,6.4,62.53,8,29.47
2022-01-19T00:00:00.000Z,1887,6686657,71.91,6356,6053656,65.1,4487,4423374,47.57,8445,603925,6.49,62.7,7.89,29.41
2022-01-20T00:00:00.000Z,1779,6688436,71.92,6957,6060613,65.17,4764,4428138,47.62,8036,611961,6.58,62.8,7.85,29.35
2022-01-21T00:00:00.000Z,900,6689336,71.93,3722,6064335,65.21,2608,4430746,47.65,3352,615313,6.62,62.92,7.77,29.32
2022-01-22T00:00:00.000Z,329,6689665,71.94,1456,6065791,65.23,1044,4431790,47.66,1110,616423,6.63,63,7.71,29.29
2022-01-23T00:00:00.000Z,1064,6690729,71.95,5624,6071415,65.29,2861,4434651,47.69,6080,622503,6.69,63.13,7.63,29.24
2022-01-24T00:00:00.000Z,755,6691484,71.96,4481,6075896,65.34,2239,4436890,47.71,5058,627561,6.75,63.22,7.58,29.2
2022-01-25T00:00:00.000Z,740,6692224,71.96,4395,6080291,65.38,2158,4439048,47.74,7093,634654,6.82,63.28,7.56,29.17
2022-01-26T00:00:00.000Z,612,6692836,71.97,3282,6083573,65.42,1588,4440636,47.75,4260,638914,6.87,63.37,7.5,29.13
2022-01-27T00:00:00.000Z,792,6693628,71.98,4402,6087975,65.47,1975,4442611,47.77,5432,644346,6.93,63.45,7.46,29.09
2022-01-28T00:00:00.000Z,393,6694021,71.98,2371,6090346,65.49,1143,4443754,47.79,3442,647788,6.97,63.49,7.44,29.06
2022-01-29T00:00:00.000Z,124,6694145,71.99,1039,6091385,65.5,406,4444160,47.79,1162,648950,6.98,63.57,7.39,29.05
2022-01-30T00:00:00.000Z,772,6694917,71.99,4713,6096098,65.55,2003,4446163,47.81,8094,657044,7.07,63.66,7.32,29.01
2022-01-31T00:00:00.000Z,527,6695444,72,3182,6099280,65.59,1589,4447752,47.83,6463,663507,7.14,63.84,7.19,28.98
2022-02-01T00:00:00.000Z,475,6695919,72,2777,6102057,65.62,1495,4449247,47.84,5710,669217,7.2,63.87,7.18,28.95
2022-02-02T00:00:00.000Z,376,6696295,72.01,2381,6104438,65.64,1355,4450602,47.86,5057,674274,7.25,63.88,7.19,28.93
2022-02-03T00:00:00.000Z,443,6696738,72.01,2774,6107212,65.67,1435,4452037,47.88,5600,679874,7.31,63.91,7.18,28.91
2022-02-04T00:00:00.000Z,174,6696912,72.02,984,6108196,65.68,731,4452768,47.88,2447,682321,7.34,63.94,7.17,28.89
2022-02-05T00:00:00.000Z,59,6696971,72.02,337,6108533,65.69,204,4452972,47.89,418,682739,7.34,63.91,7.2,28.89
2022-02-06T00:00:00.000Z,405,6697376,72.02,2317,6110850,65.71,1329,4454301,47.9,5678,688417,7.4,63.98,7.16,28.86
2022-02-07T00:00:00.000Z,279,6697655,72.02,1305,6112155,65.73,957,4455258,47.91,5946,694363,7.47,64.04,7.12,28.84
2022-02-08T00:00:00.000Z,311,6697966,72.03,1494,6113649,65.74,1045,4456303,47.92,6127,700490,7.53,64.09,7.09,28.83
2022-02-09T00:00:00.000Z,244,6698210,72.03,1094,6114743,65.75,918,4457221,47.93,4570,705060,7.58,64.12,7.07,28.81
2022-02-10T00:00:00.000Z,268,6698478,72.03,1289,6116032,65.77,918,4458139,47.94,4812,709872,7.63,64.15,7.05,28.8
2022-02-11T00:00:00.000Z,189,6698667,72.03,540,6116572,65.77,501,4458640,47.95,2527,712399,7.66,64.19,7.02,28.79
2022-02-12T00:00:00.000Z,27,6698694,72.03,89,6116661,65.78,111,4458751,47.95,262,712661,7.66,64.2,7.02,28.79
2022-02-13T00:00:00.000Z,286,6698980,72.04,945,6117606,65.79,960,4459711,47.96,4992,717653,7.72,64.24,6.98,28.78
2022-02-14T00:00:00.000Z,179,6699159,72.04,621,6118227,65.79,736,4460447,47.97,3130,720783,7.75,64.31,6.92,28.77
2022-02-15T00:00:00.000Z,266,6699425,72.04,762,6118989,65.8,911,4461358,47.98,3810,724593,7.79,64.34,6.91,28.76
2022-02-16T00:00:00.000Z,181,6699606,72.04,576,6119565,65.81,788,4462146,47.98,2477,727070,7.82,64.35,6.9,28.75
2022-02-17T00:00:00.000Z,247,6699853,72.05,736,6120301,65.81,758,4462904,47.99,3048,730118,7.85,64.37,6.89,28.74
2022-02-18T00:00:00.000Z,128,6699981,72.05,324,6120625,65.82,423,4463327,48,1111,731229,7.86,64.39,6.87,28.74
2022-02-19T00:00:00.000Z,17,6699998,72.05,80,6120705,65.82,72,4463399,48,74,731303,7.86,64.39,6.87,28.74
2022-02-20T00:00:00.000Z,204,6700202,72.05,604,6121309,65.83,712,4464111,48,2565,733868,7.89,64.42,6.85,28.73
2022-02-21T00:00:00.000Z,168,6700370,72.05,408,6121717,65.83,469,4464580,48.01,1537,735405,7.91,64.44,6.83,28.72
2022-02-22T00:00:00.000Z,155,6700525,72.05,451,6122168,65.83,556,4465136,48.02,1861,737266,7.93,64.45,6.83,28.72
2022-02-23T00:00:00.000Z,109,6700634,72.06,350,6122518,65.84,445,4465581,48.02,1150,738416,7.94,64.45,6.84,28.71
2022-02-24T00:00:00.000Z,136,6700770,72.06,452,6122970,65.84,556,4466137,48.03,1487,739903,7.96,64.44,6.85,28.71
2022-02-25T00:00:00.000Z,57,6700827,72.06,137,6123107,65.84,184,4466321,48.03,451,740354,7.96,64.44,6.85,28.71
2022-02-26T00:00:00.000Z,15,6700842,72.06,26,6123133,65.85,147,4466468,48.03,34,740388,7.96,64.43,6.86,28.71
2022-02-27T00:00:00.000Z,109,6700951,72.06,338,6123471,65.85,447,4466915,48.03,1119,741507,7.97,64.44,6.86,28.7
2022-02-28T00:00:00.000Z,109,6701060,72.06,262,6123733,65.85,408,4467323,48.04,902,742409,7.98,64.45,6.85,28.7
2022-03-01T00:00:00.000Z,94,6701154,72.06,277,6124010,65.85,359,4467682,48.04,793,743202,7.99,64.44,6.86,28.7
2022-03-02T00:00:00.000Z,74,6701228,72.06,200,6124210,65.86,316,4467998,48.05,693,743895,8,64.43,6.87,28.69
2022-03-03T00:00:00.000Z,147,6701375,72.06,367,6124577,65.86,490,4468488,48.05,986,744881,8.01,64.43,6.88,28.69
2022-03-04T00:00:00.000Z,45,6701420,72.06,149,6124726,65.86,156,4468644,48.05,226,745107,8.01,64.42,6.89,28.69
2022-03-05T00:00:00.000Z,1,6701421,72.06,23,6124749,65.86,40,4468684,48.05,29,745136,8.01,64.41,6.9,28.69
2022-03-06T00:00:00.000Z,93,6701514,72.06,258,6125007,65.87,409,4469093,48.06,761,745897,8.02,64.41,6.91,28.69
2022-03-07T00:00:00.000Z,89,6701603,72.07,255,6125262,65.87,343,4469436,48.06,605,746502,8.03,64.41,6.9,28.68
2022-03-08T00:00:00.000Z,100,6701703,72.07,264,6125526,65.87,330,4469766,48.07,542,747044,8.03,64.4,6.92,28.68
2022-03-09T00:00:00.000Z,88,6701791,72.07,212,6125738,65.87,329,4470095,48.07,489,747533,8.04,64.38,6.94,28.68
2022-03-10T00:00:00.000Z,114,6701905,72.07,368,6126106,65.88,418,4470513,48.07,614,748147,8.05,64.36,6.96,28.68
2022-03-11T00:00:00.000Z,24,6701929,72.07,85,6126191,65.88,115,4470628,48.07,142,748289,8.05,64.35,6.98,28.68
2022-03-12T00:00:00.000Z,7,6701936,72.07,9,6126200,65.88,26,4470654,48.08,27,748316,8.05,64.33,7,28.67
2022-03-13T00:00:00.000Z,93,6702029,72.07,270,6126470,65.88,356,4471010,48.08,593,748909,8.05,64.32,7.01,28.67
2022-03-14T00:00:00.000Z,64,6702093,72.07,249,6126719,65.88,313,4471323,48.08,557,749466,8.06,64.32,7.01,28.67
2022-03-15T00:00:00.000Z,78,6702171,72.07,181,6126900,65.89,284,4471607,48.09,580,750046,8.07,64.3,7.03,28.67
2022-03-16T00:00:00.000Z,73,6702244,72.07,205,6127105,65.89,300,4471907,48.09,667,750713,8.07,64.29,7.04,28.67
2022-03-17T00:00:00.000Z,63,6702307,72.07,120,6127225,65.89,280,4472187,48.09,601,751314,8.08,64.29,7.04,28.66
2022-03-18T00:00:00.000Z,18,6702325,72.07,53,6127278,65.89,97,4472284,48.09,226,751540,8.08,64.29,7.05,28.66
2022-03-19T00:00:00.000Z,5,6702330,72.07,10,6127288,65.89,25,4472309,48.09,37,751577,8.08,64.23,7.1,28.66
2022-03-20T00:00:00.000Z,117,6702447,72.07,257,6127545,65.89,479,4472788,48.1,1426,753003,8.1,64.22,7.12,28.66
2022-03-21T00:00:00.000Z,97,6702544,72.08,241,6127786,65.9,369,4473157,48.1,1121,754124,8.11,64.21,7.13,28.66
2022-03-22T00:00:00.000Z,142,6702686,72.08,339,6128125,65.9,494,4473651,48.11,1766,755890,8.13,64.18,7.16,28.66
2022-03-23T00:00:00.000Z,107,6702793,72.08,209,6128334,65.9,452,4474103,48.11,1673,757563,8.15,64.15,7.2,28.65
2022-03-24T00:00:00.000Z,176,6702969,72.08,343,6128677,65.9,756,4474859,48.12,2360,759923,8.17,64.13,7.22,28.65
2022-03-25T00:00:00.000Z,35,6703004,72.08,76,6128753,65.91,151,4475010,48.12,621,760544,8.18,64.13,7.22,28.65
2022-03-26T00:00:00.000Z,11,6703015,72.08,11,6128764,65.91,31,4475041,48.12,88,760632,8.18,64.12,7.23,28.65
2022-03-27T00:00:00.000Z,155,6703170,72.08,334,6129098,65.91,758,4475799,48.13,3186,763818,8.21,64.1,7.25,28.65
2022-03-28T00:00:00.000Z,111,6703281,72.08,266,6129364,65.91,613,4476412,48.14,2398,766216,8.24,64.1,7.25,28.65
2022-03-29T00:00:00.000Z,128,6703409,72.09,254,6129618,65.91,631,4477043,48.14,2761,768977,8.27,64.06,7.29,28.65
2022-03-30T00:00:00.000Z,136,6703545,72.09,207,6129825,65.92,529,4477572,48.15,2351,771328,8.29,64.04,7.32,28.64
2022-03-31T00:00:00.000Z,163,6703708,72.09,286,6130111,65.92,726,4478298,48.16,2826,774154,8.32,64.03,7.32,28.64
2022-04-01T00:00:00.000Z,115,6703823,72.09,144,6130255,65.92,263,4478561,48.16,578,774732,8.33,64.01,7.35,28.64
2022-04-02T00:00:00.000Z,6,6703829,72.09,4,6130259,65.92,27,4478588,48.16,46,774778,8.33,64,7.36,28.64
2022-04-03T00:00:00.000Z,151,6703980,72.09,247,6130506,65.92,563,4479151,48.17,2452,777230,8.36,63.99,7.37,28.64
2022-04-04T00:00:00.000Z,106,6704086,72.09,201,6130707,65.93,477,4479628,48.17,2185,779415,8.38,63.99,7.38,28.64
2022-04-05T00:00:00.000Z,121,6704207,72.09,217,6130924,65.93,512,4480140,48.18,2229,781644,8.41,63.97,7.4,28.63
2022-04-06T00:00:00.000Z,92,6704299,72.09,153,6131077,65.93,369,4480509,48.18,1994,783638,8.43,63.95,7.42,28.63
2022-04-07T00:00:00.000Z,182,6704481,72.1,201,6131278,65.93,624,4481133,48.19,2540,786178,8.45,63.96,7.41,28.63
2022-04-08T00:00:00.000Z,28,6704509,72.1,53,6131331,65.93,143,4481276,48.19,460,786638,8.46,63.93,7.44,28.63
2022-04-09T00:00:00.000Z,6,6704515,72.1,15,6131346,65.93,23,4481299,48.19,40,786678,8.46,63.9,7.48,28.63
2022-04-10T00:00:00.000Z,97,6704612,72.1,236,6131582,65.94,373,4481672,48.19,1645,788323,8.48,63.89,7.48,28.63
