Day_Date,vaccinated,vaccinated_cum,vaccinated_population_perc,vaccinated_seconde_dose,vaccinated_seconde_dose_cum,vaccinated_seconde_dose_population_perc,vaccinated_third_dose,vaccinated_third_dose_cum,vaccinated_third_dose_population_perc,vaccinated_validity_perc,vaccinated_expired_perc,not_vaccinated_perc
2020-12-19T00:00:00.000Z,46,73,0,0,1,0,0,0,0,0,0,100
2020-12-20T00:00:00.000Z,7385,7458,0.08,0,1,0,0,0,0,0,0,100
2020-12-21T00:00:00.000Z,24909,32367,0.35,0,1,0,0,0,0,0,0,100
2020-12-22T00:00:00.000Z,44636,77003,0.83,0,1,0,0,0,0,0,0,100
2020-12-23T00:00:00.000Z,62893,139896,1.5,0,1,0,0,0,0,0,0,100
2020-12-24T00:00:00.000Z,73401,213297,2.29,0,1,0,0,0,0,0,0,100
2020-12-25T00:00:00.000Z,38500,251797,2.71,0,1,0,0,0,0,0,0,100
2020-12-26T00:00:00.000Z,32608,284405,3.06,0,1,0,0,0,0,0,0,100
2020-12-27T00:00:00.000Z,104532,388937,4.18,0,1,0,0,0,0,0,0,100
2020-12-28T00:00:00.000Z,134986,523923,5.63,0,1,0,0,0,0,0,0,100
2020-12-29T00:00:00.000Z,156247,680170,7.31,0,1,0,0,0,0,0,0,100
2020-12-30T00:00:00.000Z,153083,833253,8.96,0,1,0,0,0,0,0,0,100
2020-12-31T00:00:00.000Z,158501,991754,10.66,0,1,0,0,0,0,0,0,100
2021-01-01T00:00:00.000Z,71399,1063153,11.43,0,1,0,0,0,0,0,0,100
2021-01-02T00:00:00.000Z,71717,1134870,12.2,0,1,0,0,0,0,0,0,100
2021-01-03T00:00:00.000Z,149703,1284573,13.81,0,1,0,0,0,0,0,0,100
2021-01-04T00:00:00.000Z,152130,1436703,15.45,1,2,0,0,0,0,0,0,100
2021-01-05T00:00:00.000Z,125127,1561830,16.8,1,3,0,0,0,0,0,0,100
2021-01-06T00:00:00.000Z,103294,1665124,17.91,2,5,0,0,0,0,0,0,100
2021-01-07T00:00:00.000Z,116011,1781135,19.15,5,10,0,0,0,0,0,0,100
2021-01-08T00:00:00.000Z,66431,1847566,19.87,3,13,0,0,0,0,0,0,100
2021-01-09T00:00:00.000Z,44522,1892088,20.35,25,38,0,0,0,0,0,0,100
2021-01-10T00:00:00.000Z,37616,1929704,20.75,5993,6031,0.06,0,0,0,0,0,100
2021-01-11T00:00:00.000Z,21126,1950830,20.98,19253,25284,0.27,0,0,0,0,0,100
2021-01-12T00:00:00.000Z,24017,1974847,21.24,35655,60939,0.66,0,0,0,0,0,100
2021-01-13T00:00:00.000Z,52021,2026868,21.8,56859,117798,1.27,0,0,0,0,0,100
2021-01-14T00:00:00.000Z,56433,2083301,22.4,68818,186616,2.01,0,0,0,0,0,100
2021-01-15T00:00:00.000Z,30723,2114024,22.73,35922,222538,2.39,0,0,0,0,0,100
2021-01-16T00:00:00.000Z,29431,2143455,23.05,26003,248541,2.67,0,0,0,0,0,100
2021-01-17T00:00:00.000Z,68381,2211836,23.79,84566,333107,3.58,0,0,0,0.36,0,99.64
2021-01-18T00:00:00.000Z,69705,2281541,24.53,120377,453484,4.88,0,0,0,0.64,0,99.36
2021-01-19T00:00:00.000Z,72785,2354326,25.32,137770,591254,6.36,0,0,0,1.16,0,98.84
2021-01-20T00:00:00.000Z,76774,2431100,26.14,143676,734930,7.9,0,0,0,1.98,0,98.02
2021-01-21T00:00:00.000Z,69884,2500984,26.89,164333,899263,9.67,0,0,0,2.98,0,97.02
2021-01-22T00:00:00.000Z,37844,2538828,27.3,71072,970335,10.43,0,0,0,3.5,0,96.5
2021-01-23T00:00:00.000Z,39918,2578746,27.73,53554,1023889,11.01,0,0,0,3.89,0,96.11
2021-01-24T00:00:00.000Z,69049,2647795,28.47,140626,1164515,12.52,0,0,0,5.1,0,94.9
2021-01-25T00:00:00.000Z,80841,2728636,29.34,139427,1303942,14.02,0,0,0,6.78,0,93.22
2021-01-26T00:00:00.000Z,78634,2807270,30.19,126332,1430274,15.38,0,0,0,8.65,0,91.35
2021-01-27T00:00:00.000Z,77868,2885138,31.03,124957,1555231,16.72,0,0,0,10.56,0,89.44
2021-01-28T00:00:00.000Z,79475,2964613,31.88,130529,1685760,18.13,0,0,0,12.69,0,87.31
2021-01-29T00:00:00.000Z,36623,3001236,32.27,64743,1750503,18.82,0,0,0,13.61,0,86.39
2021-01-30T00:00:00.000Z,34356,3035592,32.64,42732,1793235,19.28,0,0,0,14.3,0,85.7
2021-01-31T00:00:00.000Z,73282,3108874,33.43,59456,1852691,19.92,0,0,0,16.07,0,83.93
2021-02-01T00:00:00.000Z,82434,3191308,34.32,35304,1887995,20.3,0,0,0,17.81,0,82.19
2021-02-02T00:00:00.000Z,70011,3261319,35.07,31019,1919014,20.64,0,0,0,19.35,0,80.65
2021-02-03T00:00:00.000Z,60226,3321545,35.72,51370,1970384,21.19,0,0,0,20.84,0,79.16
2021-02-04T00:00:00.000Z,72539,3394084,36.5,58031,2028415,21.81,0,0,0,22.39,0,77.61
2021-02-05T00:00:00.000Z,33870,3427954,36.86,28746,2057161,22.12,0,0,0,23.15,0,76.85
2021-02-06T00:00:00.000Z,21581,3449535,37.09,22195,2079356,22.36,0,0,0,23.64,0,76.36
2021-02-07T00:00:00.000Z,54037,3503572,37.68,68674,2148030,23.1,0,0,0,24.4,0,75.6
2021-02-08T00:00:00.000Z,58575,3562147,38.31,65391,2213421,23.8,0,0,0,24.95,0,75.05
2021-02-09T00:00:00.000Z,66280,3628427,39.02,67480,2280901,24.53,0,0,0,25.48,0,74.52
2021-02-10T00:00:00.000Z,70479,3698906,39.78,72203,2353104,25.3,0,0,0,26.23,0,73.77
2021-02-11T00:00:00.000Z,81083,3779989,40.65,72007,2425111,26.08,0,0,0,27.08,0,72.92
2021-02-12T00:00:00.000Z,39041,3819030,41.07,37529,2462640,26.48,0,0,0,27.5,0,72.5
2021-02-13T00:00:00.000Z,27419,3846449,41.36,30397,2493037,26.81,0,0,0,27.82,0,72.18
2021-02-14T00:00:00.000Z,74851,3921300,42.17,69018,2562055,27.55,0,0,0,28.76,0,71.24
2021-02-15T00:00:00.000Z,81470,4002770,43.04,75629,2637684,28.36,0,0,0,29.69,0,70.31
2021-02-16T00:00:00.000Z,83357,4086127,43.94,78208,2715892,29.21,0,0,0,30.64,0,69.36
2021-02-17T00:00:00.000Z,61907,4148034,44.61,75562,2791454,30.02,0,0,0,31.56,0,68.44
2021-02-18T00:00:00.000Z,69082,4217116,45.35,79672,2871126,30.87,0,0,0,32.51,0,67.49
2021-02-19T00:00:00.000Z,39603,4256719,45.77,38097,2909223,31.28,0,0,0,33.02,0,66.98
2021-02-20T00:00:00.000Z,31618,4288337,46.11,28691,2937914,31.59,0,0,0,33.43,0,66.57
2021-02-21T00:00:00.000Z,79379,4367716,46.97,78384,3016298,32.44,0,0,0,34.39,0,65.61
2021-02-22T00:00:00.000Z,84987,4452703,47.88,80534,3096832,33.3,0,0,0,35.44,0,64.56
2021-02-23T00:00:00.000Z,77256,4529959,48.71,70402,3167234,34.06,0,0,0,36.47,0,63.53
2021-02-24T00:00:00.000Z,60998,4590957,49.37,63054,3230288,34.74,0,0,0,37.4,0,62.6
2021-02-25T00:00:00.000Z,51658,4642615,49.92,64724,3295012,35.43,0,0,0,38.31,0,61.69
2021-02-26T00:00:00.000Z,25836,4668451,50.2,31978,3326990,35.78,0,0,0,38.76,0,61.24
2021-02-27T00:00:00.000Z,18301,4686752,50.4,21175,3348165,36,0,0,0,39.08,0,60.92
2021-02-28T00:00:00.000Z,40292,4727044,50.83,55834,3403999,36.6,0,0,0,39.92,0,60.08
2021-03-01T00:00:00.000Z,45662,4772706,51.32,61378,3465377,37.27,0,0,0,40.78,0,59.22
2021-03-02T00:00:00.000Z,41114,4813820,51.77,64724,3530101,37.96,0,0,0,41.54,0,58.46
2021-03-03T00:00:00.000Z,41939,4855759,52.22,66710,3596811,38.68,0,0,0,42.25,0,57.75
2021-03-04T00:00:00.000Z,39611,4895370,52.64,79039,3675850,39.53,0,0,0,42.95,0,57.05
2021-03-05T00:00:00.000Z,17278,4912648,52.83,40414,3716264,39.96,0,0,0,43.28,0,56.72
2021-03-06T00:00:00.000Z,10655,4923303,52.94,25320,3741584,40.24,0,0,0,43.5,0,56.5
2021-03-07T00:00:00.000Z,31078,4954381,53.28,72800,3814384,41.02,0,0,0,44.09,0,55.91
2021-03-08T00:00:00.000Z,27296,4981677,53.57,73227,3887611,41.81,0,0,0,44.71,0,55.29
2021-03-09T00:00:00.000Z,26664,5008341,53.86,76545,3964156,42.63,0,0,0,45.37,0,54.63
2021-03-10T00:00:00.000Z,23254,5031595,54.11,58613,4022769,43.26,0,0,0,46.03,0,53.97
2021-03-11T00:00:00.000Z,23221,5054816,54.36,69003,4091772,44,0,0,0,46.76,0,53.24
2021-03-12T00:00:00.000Z,11203,5066019,54.48,41350,4133122,44.45,0,0,0,47.12,0,52.88
2021-03-13T00:00:00.000Z,7907,5073926,54.56,25213,4158335,44.72,0,0,0,47.35,0,52.65
2021-03-14T00:00:00.000Z,20907,5094833,54.79,73891,4232226,45.51,0,0,0,47.99,0,52.01
2021-03-15T00:00:00.000Z,20067,5114900,55,78199,4310425,46.35,0,0,0,48.61,0,51.39
2021-03-16T00:00:00.000Z,18673,5133573,55.2,71414,4381839,47.12,0,0,0,49.23,0,50.77
2021-03-17T00:00:00.000Z,17621,5151194,55.39,58953,4440792,47.75,0,0,0,49.72,0,50.28
2021-03-18T00:00:00.000Z,15968,5167162,55.57,58067,4498859,48.38,0,0,0,50.26,0,49.74
2021-03-19T00:00:00.000Z,6874,5174036,55.64,27926,4526785,48.68,0,0,0,50.56,0,49.44
2021-03-20T00:00:00.000Z,5176,5179212,55.69,15266,4542051,48.84,0,0,0,50.74,0,49.26
2021-03-21T00:00:00.000Z,13110,5192322,55.84,40453,4582504,49.28,0,0,0,51.27,0,48.73
2021-03-22T00:00:00.000Z,13481,5205803,55.98,40475,4622979,49.71,0,0,0,51.81,0,48.19
2021-03-23T00:00:00.000Z,2750,5208553,56.01,7238,4630217,49.79,0,0,0,52.24,0,47.76
2021-03-24T00:00:00.000Z,10923,5219476,56.13,46485,4676702,50.29,0,0,0,52.65,0,47.35
2021-03-25T00:00:00.000Z,10169,5229645,56.24,35364,4712066,50.67,0,0,0,53.04,0,46.96
2021-03-26T00:00:00.000Z,4108,5233753,56.28,13282,4725348,50.81,0,0,0,53.22,0,46.78
2021-03-27T00:00:00.000Z,1752,5235505,56.3,4239,4729587,50.86,0,0,0,53.31,0,46.69
2021-03-28T00:00:00.000Z,2077,5237582,56.32,4585,4734172,50.91,0,0,0,53.55,0,46.45
2021-03-29T00:00:00.000Z,6841,5244423,56.4,29963,4764135,51.23,0,0,0,53.81,0,46.19
2021-03-30T00:00:00.000Z,7792,5252215,56.48,22372,4786507,51.47,0,0,0,53.9,0,46.1
2021-03-31T00:00:00.000Z,8074,5260289,56.57,19392,4805899,51.68,0,0,0,54.2,0,45.8
2021-04-01T00:00:00.000Z,8083,5268372,56.65,18617,4824516,51.88,0,0,0,54.43,0,45.57
2021-04-02T00:00:00.000Z,2867,5271239,56.68,8067,4832583,51.97,0,0,0,54.52,0,45.48
2021-04-03T00:00:00.000Z,1388,5272627,56.7,2929,4835512,52,0,0,0,54.55,0,45.45
2021-04-04T00:00:00.000Z,9598,5282225,56.8,22787,4858299,52.24,0,0,0,54.64,0,45.36
2021-04-05T00:00:00.000Z,10283,5292508,56.91,21196,4879495,52.47,0,0,0,54.86,0,45.14
2021-04-06T00:00:00.000Z,8931,5301439,57.01,16705,4896200,52.65,0,0,0,55.03,0,44.97
2021-04-07T00:00:00.000Z,8834,5310273,57.1,15211,4911411,52.81,0,0,0,55.18,0,44.82
2021-04-08T00:00:00.000Z,9303,5319576,57.2,16917,4928328,53,0,0,0,55.34,0,44.66
2021-04-09T00:00:00.000Z,3506,5323082,57.24,6165,4934493,53.06,0,0,0,55.4,0,44.6
2021-04-10T00:00:00.000Z,1582,5324664,57.26,3480,4937973,53.1,0,0,0,55.43,0,44.57
2021-04-11T00:00:00.000Z,8981,5333645,57.36,14200,4952173,53.25,0,0,0,55.61,0,44.39
2021-04-12T00:00:00.000Z,8849,5342494,57.45,13161,4965334,53.39,0,0,0,55.77,0,44.23
2021-04-13T00:00:00.000Z,5743,5348237,57.51,4889,4970223,53.45,0,0,0,55.9,0,44.1
2021-04-14T00:00:00.000Z,3547,5351784,57.55,5229,4975452,53.5,0,0,0,56,0,44
2021-04-15T00:00:00.000Z,594,5352378,57.56,528,4975980,53.51,0,0,0,56.1,0,43.9
2021-04-16T00:00:00.000Z,3327,5355705,57.59,6589,4982569,53.58,0,0,0,56.15,0,43.85
2021-04-17T00:00:00.000Z,785,5356490,57.6,1947,4984516,53.6,0,0,0,56.17,0,43.83
2021-04-18T00:00:00.000Z,7046,5363536,57.68,7402,4991918,53.68,0,0,0,56.29,0,43.71
2021-04-19T00:00:00.000Z,6328,5369864,57.74,7059,4998977,53.76,0,0,0,56.4,0,43.6
2021-04-20T00:00:00.000Z,6184,5376048,57.81,6814,5005791,53.83,0,0,0,56.47,0,43.53
2021-04-21T00:00:00.000Z,6268,5382316,57.88,7028,5012819,53.91,0,0,0,56.54,0,43.46
2021-04-22T00:00:00.000Z,5861,5388177,57.94,7598,5020417,53.99,0,0,0,56.58,0,43.42
2021-04-23T00:00:00.000Z,2673,5390850,57.97,3318,5023735,54.02,0,0,0,56.63,0,43.37
2021-04-24T00:00:00.000Z,719,5391569,57.98,1249,5024984,54.04,0,0,0,56.64,0,43.36
2021-04-25T00:00:00.000Z,4778,5396347,58.03,6880,5031864,54.11,0,0,0,56.71,0,43.29
2021-04-26T00:00:00.000Z,5409,5401756,58.09,7825,5039689,54.19,0,0,0,56.79,0,43.21
2021-04-27T00:00:00.000Z,4443,5406199,58.14,6550,5046239,54.26,0,0,0,56.85,0,43.15
2021-04-28T00:00:00.000Z,4411,5410610,58.18,7241,5053480,54.34,0,0,0,56.92,0,43.08
2021-04-29T00:00:00.000Z,4286,5414896,58.23,7202,5060682,54.42,0,0,0,56.99,0,43.01
2021-04-30T00:00:00.000Z,1857,5416753,58.25,3117,5063799,54.45,0,0,0,57.02,0,42.98
2021-05-01T00:00:00.000Z,429,5417182,58.25,868,5064667,54.46,0,0,0,57.03,0,42.97
2021-05-02T00:00:00.000Z,3196,5420378,58.29,6042,5070709,54.53,0,0,0,57.08,0,42.92
2021-05-03T00:00:00.000Z,3477,5423855,58.33,5744,5076453,54.59,0,0,0,57.15,0,42.85
2021-05-04T00:00:00.000Z,3517,5427372,58.36,4645,5081098,54.64,0,0,0,57.2,0,42.8
2021-05-05T00:00:00.000Z,3202,5430574,58.4,4002,5085100,54.68,0,0,0,57.26,0,42.74
2021-05-06T00:00:00.000Z,3550,5434124,58.44,3052,5088152,54.72,0,0,0,57.32,0,42.68
2021-05-07T00:00:00.000Z,1753,5435877,58.45,2408,5090560,54.74,0,0,0,57.35,0,42.65
2021-05-08T00:00:00.000Z,205,5436082,58.46,470,5091030,54.75,0,0,0,57.35,0,42.65
2021-05-09T00:00:00.000Z,2802,5438884,58.49,4705,5095735,54.8,0,0,0,57.4,0,42.6
2021-05-10T00:00:00.000Z,2835,5441719,58.52,4630,5100365,54.85,0,0,0,57.45,0,42.55
2021-05-11T00:00:00.000Z,2524,5444243,58.54,3791,5104156,54.89,0,0,0,57.49,0,42.51
2021-05-12T00:00:00.000Z,1937,5446180,58.57,3229,5107385,54.92,0,0,0,57.53,0,42.47
2021-05-13T00:00:00.000Z,1965,5448145,58.59,3592,5110977,54.96,0,0,0,57.56,0,42.44
2021-05-14T00:00:00.000Z,887,5449032,58.6,1421,5112398,54.98,0,0,0,57.57,0,42.43
2021-05-15T00:00:00.000Z,200,5449232,58.6,214,5112612,54.98,0,0,0,57.58,0,42.42
2021-05-16T00:00:00.000Z,488,5449720,58.6,1181,5113793,54.99,0,0,0,57.6,0,42.4
2021-05-17T00:00:00.000Z,246,5449966,58.61,800,5114593,55,0,0,0,57.63,0,42.37
2021-05-18T00:00:00.000Z,1903,5451869,58.63,4885,5119478,55.05,0,0,0,57.66,0,42.34
2021-05-19T00:00:00.000Z,2138,5454007,58.65,4970,5124448,55.11,0,0,0,57.69,0,42.31
2021-05-20T00:00:00.000Z,2219,5456226,58.67,3805,5128253,55.15,0,0,0,57.72,0,42.28
2021-05-21T00:00:00.000Z,1098,5457324,58.69,1329,5129582,55.16,0,0,0,57.74,0,42.26
2021-05-22T00:00:00.000Z,185,5457509,58.69,356,5129938,55.16,0,0,0,57.74,0,42.26
2021-05-23T00:00:00.000Z,2239,5459748,58.71,3184,5133122,55.2,0,0,0,57.76,0,42.24
2021-05-24T00:00:00.000Z,2050,5461798,58.73,3541,5136663,55.24,0,0,0,57.78,0,42.22
2021-05-25T00:00:00.000Z,1745,5463543,58.75,2523,5139186,55.26,0,0,0,57.81,0,42.19
2021-05-26T00:00:00.000Z,1337,5464880,58.77,2438,5141624,55.29,0,0,0,57.85,0,42.15
2021-05-27T00:00:00.000Z,1753,5466633,58.79,3110,5144734,55.32,0,0,0,57.88,0,42.12
2021-05-28T00:00:00.000Z,701,5467334,58.79,1329,5146063,55.34,0,0,0,57.89,0,42.11
2021-05-29T00:00:00.000Z,138,5467472,58.79,198,5146261,55.34,0,0,0,57.89,0,42.11
2021-05-30T00:00:00.000Z,1588,5469060,58.81,1895,5148156,55.36,0,0,0,57.92,0,42.08
2021-05-31T00:00:00.000Z,1635,5470695,58.83,2038,5150194,55.38,0,0,0,57.95,0,42.05
2021-06-01T00:00:00.000Z,1275,5471970,58.84,1771,5151965,55.4,0,0,0,57.97,0,42.03
2021-06-02T00:00:00.000Z,1412,5473382,58.86,1545,5153510,55.42,0,0,0,57.99,0,42.01
2021-06-03T00:00:00.000Z,1592,5474974,58.88,1408,5154918,55.43,0,0,0,58.01,0,41.99
2021-06-04T00:00:00.000Z,999,5475973,58.89,693,5155611,55.44,0,0,0,58.03,0,41.97
2021-06-05T00:00:00.000Z,144,5476117,58.89,125,5155736,55.44,0,0,0,58.03,0,41.97
2021-06-06T00:00:00.000Z,4233,5480350,58.93,955,5156691,55.45,0,0,0,58.07,0,41.93
2021-06-07T00:00:00.000Z,4326,5484676,58.98,750,5157441,55.46,0,0,0,58.1,0,41.9
2021-06-08T00:00:00.000Z,3658,5488334,59.02,1108,5158549,55.47,0,0,0,58.14,0,41.86
2021-06-09T00:00:00.000Z,3522,5491856,59.06,1255,5159804,55.49,0,0,0,58.17,0,41.83
2021-06-10T00:00:00.000Z,3260,5495116,59.09,1228,5161032,55.5,0,0,0,58.2,0,41.8
2021-06-11T00:00:00.000Z,1314,5496430,59.11,505,5161537,55.5,0,0,0,58.21,0,41.79
2021-06-12T00:00:00.000Z,168,5496598,59.11,139,5161676,55.51,0,0,0,58.21,0,41.79
2021-06-13T00:00:00.000Z,3067,5499665,59.14,1213,5162889,55.52,0,0,0,58.24,0,41.76
2021-06-14T00:00:00.000Z,2973,5502638,59.17,1465,5164354,55.53,0,0,0,58.26,0,41.74
2021-06-15T00:00:00.000Z,3045,5505683,59.21,1297,5165651,55.55,0,0,0,58.28,0,41.72
2021-06-16T00:00:00.000Z,2641,5508324,59.23,925,5166576,55.56,0,0,0,58.31,0,41.69
2021-06-17T00:00:00.000Z,2631,5510955,59.26,1133,5167709,55.57,0,0,0,58.33,0,41.67
2021-06-18T00:00:00.000Z,1169,5512124,59.27,435,5168144,55.58,0,0,0,58.34,0,41.66
2021-06-19T00:00:00.000Z,174,5512298,59.28,115,5168259,55.58,0,0,0,58.34,0,41.66
2021-06-20T00:00:00.000Z,3267,5515565,59.31,1281,5169540,55.59,0,0,0,58.37,0,41.63
2021-06-21T00:00:00.000Z,5143,5520708,59.37,1150,5170690,55.6,0,0,0,58.41,0,41.59
2021-06-22T00:00:00.000Z,6829,5527537,59.44,1035,5171725,55.61,0,0,0,58.46,0,41.54
2021-06-23T00:00:00.000Z,10623,5538160,59.55,1234,5172959,55.63,0,0,0,58.54,0,41.46
2021-06-24T00:00:00.000Z,11910,5550070,59.68,1397,5174356,55.64,0,0,0,58.62,0,41.38
2021-06-25T00:00:00.000Z,6989,5557059,59.76,850,5175206,55.65,0,0,0,58.67,0,41.33
2021-06-26T00:00:00.000Z,2223,5559282,59.78,161,5175367,55.65,0,0,0,58.68,0,41.32
2021-06-27T00:00:00.000Z,13564,5572846,59.93,3396,5178763,55.69,0,0,0,58.78,0,41.22
2021-06-28T00:00:00.000Z,14399,5587245,60.08,3600,5182363,55.73,0,0,0,58.88,0,41.12
2021-06-29T00:00:00.000Z,16596,5603841,60.26,3653,5186016,55.77,0,0,0,58.99,0,41.01
2021-06-30T00:00:00.000Z,16352,5620193,60.44,3298,5189314,55.8,0,0,0,59.11,0,40.89
2021-07-01T00:00:00.000Z,16714,5636907,60.62,3297,5192611,55.84,11,11,0,59.23,0,40.77
2021-07-02T00:00:00.000Z,9730,5646637,60.72,1514,5194125,55.86,0,11,0,59.3,0,40.7
2021-07-03T00:00:00.000Z,2618,5649255,60.75,263,5194388,55.86,0,11,0,59.32,0,40.68
2021-07-04T00:00:00.000Z,17685,5666940,60.94,3117,5197505,55.89,0,11,0,59.46,0,40.54
2021-07-05T00:00:00.000Z,17759,5684699,61.13,2969,5200474,55.92,4,15,0,59.6,0,40.4
2021-07-06T00:00:00.000Z,17759,5702458,61.32,3325,5203799,55.96,7,22,0,59.74,0,40.26
2021-07-07T00:00:00.000Z,15411,5717869,61.49,2597,5206396,55.99,11,33,0,59.87,0,40.13
2021-07-08T00:00:00.000Z,16493,5734362,61.66,2770,5209166,56.02,12,45,0,60,0,40
2021-07-09T00:00:00.000Z,11064,5745426,61.78,1410,5210576,56.03,2,47,0,60.09,0,39.91
2021-07-10T00:00:00.000Z,4916,5750342,61.84,338,5210914,56.04,3,50,0,60.13,0,39.87
2021-07-11T00:00:00.000Z,1408,5751750,61.85,2801,5213715,56.07,4,54,0,60.16,0,39.84
2021-07-12T00:00:00.000Z,2349,5754099,61.88,3593,5217308,56.1,46,100,0,60.2,0,39.8
2021-07-13T00:00:00.000Z,2878,5756977,61.91,5351,5222659,56.16,120,220,0,60.25,0,39.75
2021-07-14T00:00:00.000Z,2654,5759631,61.94,7434,5230093,56.24,439,659,0.01,60.29,0,39.71
2021-07-15T00:00:00.000Z,2893,5762524,61.97,9173,5239266,56.34,371,1030,0.01,60.34,0,39.66
2021-07-16T00:00:00.000Z,1191,5763715,61.98,5797,5245063,56.4,62,1092,0.01,60.36,0,39.64
2021-07-17T00:00:00.000Z,311,5764026,61.98,1340,5246403,56.42,6,1098,0.01,60.37,0,39.63
2021-07-18T00:00:00.000Z,2018,5766044,62.01,9717,5256120,56.52,234,1332,0.01,60.4,0,39.6
2021-07-19T00:00:00.000Z,3124,5769168,62.04,11225,5267345,56.64,455,1787,0.02,60.44,0,39.56
2021-07-20T00:00:00.000Z,2586,5771754,62.07,11811,5279156,56.77,368,2155,0.02,60.42,0.07,39.51
2021-07-21T00:00:00.000Z,2303,5774057,62.09,11756,5290912,56.9,319,2474,0.03,60.26,0.28,39.46
2021-07-22T00:00:00.000Z,2811,5776868,62.12,13141,5304053,57.04,387,2861,0.03,59.93,0.67,39.4
2021-07-23T00:00:00.000Z,1960,5778828,62.14,8112,5312165,57.12,100,2961,0.03,59.35,1.29,39.36
2021-07-24T00:00:00.000Z,592,5779420,62.15,1414,5313579,57.14,6,2967,0.03,58.61,2.04,39.35
2021-07-25T00:00:00.000Z,4368,5783788,62.2,15429,5329008,57.31,222,3189,0.03,58.29,2.43,39.28
2021-07-26T00:00:00.000Z,5083,5788871,62.25,13398,5342406,57.45,320,3509,0.04,58.1,2.71,39.19
2021-07-27T00:00:00.000Z,5411,5794282,62.31,13438,5355844,57.59,410,3919,0.04,57.27,3.63,39.1
2021-07-28T00:00:00.000Z,3924,5798206,62.35,12222,5368066,57.73,459,4378,0.05,56.05,4.93,39.02
2021-07-29T00:00:00.000Z,4597,5802803,62.4,14043,5382109,57.88,517,4895,0.05,54.65,6.41,38.93
2021-07-30T00:00:00.000Z,2571,5805374,62.43,10732,5392841,57.99,4113,9008,0.1,53.18,7.92,38.9
2021-07-31T00:00:00.000Z,1371,5806745,62.44,3497,5396338,58.03,6149,15157,0.16,51.46,9.64,38.9
2021-08-01T00:00:00.000Z,3034,5809779,62.48,3303,5399641,58.07,31035,46192,0.5,50.94,10.15,38.92
2021-08-02T00:00:00.000Z,3055,5812834,62.51,3068,5402709,58.1,58480,104672,1.13,50.72,10.24,39.03
2021-08-03T00:00:00.000Z,3319,5816153,62.54,3204,5405913,58.13,78934,183606,1.97,49.7,11.07,39.23
2021-08-04T00:00:00.000Z,3475,5819628,62.58,3133,5409046,58.17,80715,264321,2.84,48.7,11.86,39.44
2021-08-05T00:00:00.000Z,4448,5824076,62.63,3486,5412532,58.2,88408,352729,3.79,47.92,12.4,39.68
2021-08-06T00:00:00.000Z,2375,5826451,62.65,1753,5414285,58.22,44723,397452,4.27,46.97,13.26,39.77
2021-08-07T00:00:00.000Z,994,5827445,62.67,628,5414913,58.23,27328,424780,4.57,45.82,14.34,39.84
2021-08-08T00:00:00.000Z,4984,5832429,62.72,3015,5417928,58.26,80042,504822,5.43,45.73,14.27,40
2021-08-09T00:00:00.000Z,5302,5837731,62.78,2949,5420877,58.29,76442,581264,6.25,45.97,13.98,40.05
2021-08-10T00:00:00.000Z,5523,5843254,62.84,3097,5423974,58.33,75372,656636,7.06,46.18,13.81,40.01
2021-08-11T00:00:00.000Z,5635,5848889,62.9,2847,5426821,58.36,62597,719233,7.73,46.57,13.52,39.91
2021-08-12T00:00:00.000Z,6992,5855881,62.97,3216,5430037,58.39,59421,778654,8.37,47.05,13.21,39.74
2021-08-13T00:00:00.000Z,3758,5859639,63.01,1989,5432026,58.41,43837,822491,8.84,47.01,13.29,39.7
2021-08-14T00:00:00.000Z,2227,5861866,63.04,789,5432815,58.42,44446,866937,9.32,46.77,13.49,39.74
2021-08-15T00:00:00.000Z,7153,5869019,63.11,4474,5437289,58.47,97910,964847,10.38,47.43,12.85,39.72
2021-08-16T00:00:00.000Z,6965,5875984,63.19,4643,5441932,58.52,89425,1054272,11.34,48.08,12.25,39.68
2021-08-17T00:00:00.000Z,7559,5883543,63.27,5051,5446983,58.57,83222,1137494,12.23,48.24,12.15,39.61
2021-08-18T00:00:00.000Z,8624,5892167,63.36,4524,5451507,58.62,69157,1206651,12.98,48.3,12.17,39.53
2021-08-19T00:00:00.000Z,10061,5902228,63.47,5145,5456652,58.68,65883,1272534,13.68,48.32,12.24,39.44
2021-08-20T00:00:00.000Z,4713,5906941,63.52,2736,5459388,58.71,60386,1332920,14.33,48.14,12.41,39.44
2021-08-21T00:00:00.000Z,3486,5910427,63.56,1516,5460904,58.72,50676,1383596,14.88,47.9,12.68,39.42
2021-08-22T00:00:00.000Z,9860,5920287,63.66,4772,5465676,58.78,104991,1488587,16.01,48.58,12.09,39.32
2021-08-23T00:00:00.000Z,10951,5931238,63.78,4351,5470027,58.82,93855,1582442,17.02,49.21,11.58,39.21
2021-08-24T00:00:00.000Z,11744,5942982,63.91,4634,5474661,58.87,98357,1680799,18.07,49.46,11.42,39.12
2021-08-25T00:00:00.000Z,9655,5952637,64.01,4395,5479056,58.92,99339,1780138,19.14,49.56,11.37,39.07
2021-08-26T00:00:00.000Z,10130,5962767,64.12,4985,5484041,58.97,101002,1881140,20.23,49.63,11.33,39.04
2021-08-27T00:00:00.000Z,4302,5967069,64.17,2713,5486754,59,56622,1937762,20.84,49.51,11.55,38.95
2021-08-28T00:00:00.000Z,3699,5970768,64.21,1443,5488197,59.02,33471,1971233,21.2,49.19,11.98,38.84
2021-08-29T00:00:00.000Z,10356,5981124,64.32,5897,5494094,59.08,79402,2050635,22.05,49.75,11.65,38.61
2021-08-30T00:00:00.000Z,12339,5993463,64.45,6941,5501035,59.16,115829,2166464,23.3,50.44,11.05,38.51
2021-08-31T00:00:00.000Z,12103,6005566,64.58,6440,5507475,59.22,114674,2281138,24.53,50.77,10.82,38.41
2021-09-01T00:00:00.000Z,9062,6014628,64.68,5931,5513406,59.29,112270,2393408,25.74,51.06,10.58,38.36
2021-09-02T00:00:00.000Z,8821,6023449,64.77,7106,5520512,59.36,111326,2504734,26.93,51.47,10.22,38.31
2021-09-03T00:00:00.000Z,3725,6027174,64.81,4040,5524552,59.41,58809,2563543,27.57,51.53,10.2,38.27
2021-09-04T00:00:00.000Z,2681,6029855,64.84,1970,5526522,59.43,29906,2593449,27.89,51.36,10.4,38.23
2021-09-05T00:00:00.000Z,7048,6036903,64.92,6427,5532949,59.5,73200,2666649,28.68,51.84,10.03,38.14
2021-09-06T00:00:00.000Z,2814,6039717,64.95,2635,5535584,59.53,22742,2689391,28.92,52.27,9.9,37.83
2021-09-07T00:00:00.000Z,1177,6040894,64.96,809,5536393,59.54,5364,2694755,28.98,52.37,10.13,37.5
2021-09-08T00:00:00.000Z,1362,6042256,64.98,1128,5537521,59.55,6595,2701350,29.05,52.44,10.39,37.17
2021-09-09T00:00:00.000Z,7114,6049370,65.05,12492,5550013,59.68,73710,2775060,29.84,52.79,10.21,36.99
2021-09-10T00:00:00.000Z,3228,6052598,65.09,4939,5554952,59.74,37868,2812928,30.25,52.75,10.34,36.91
2021-09-11T00:00:00.000Z,2106,6054704,65.11,2461,5557413,59.76,14780,2827708,30.41,52.38,10.77,36.85
2021-09-12T00:00:00.000Z,6143,6060847,65.18,8548,5565961,59.85,54031,2881739,30.99,52.69,10.57,36.74
2021-09-13T00:00:00.000Z,5667,6066514,65.24,8181,5574142,59.94,47823,2929562,31.5,52.86,10.37,36.76
2021-09-14T00:00:00.000Z,4966,6071480,65.29,7357,5581499,60.02,48758,2978320,32.03,52.63,10.52,36.85
2021-09-15T00:00:00.000Z,1729,6073209,65.31,2660,5584159,60.05,16646,2994966,32.21,52.21,10.93,36.86
2021-09-16T00:00:00.000Z,322,6073531,65.31,505,5584664,60.05,1724,2996690,32.22,51.98,11.42,36.59
2021-09-17T00:00:00.000Z,3679,6077210,65.35,6957,5591621,60.13,42830,3039520,32.69,51.93,11.5,36.57
2021-09-18T00:00:00.000Z,2243,6079453,65.38,2906,5594527,60.16,12763,3052283,32.82,51.53,11.93,36.54
2021-09-19T00:00:00.000Z,5971,6085424,65.44,10687,5605214,60.28,44242,3096525,33.3,51.73,11.82,36.44
2021-09-20T00:00:00.000Z,3223,6088647,65.47,4594,5609808,60.33,16657,3113182,33.48,51.86,11.84,36.3
2021-09-21T00:00:00.000Z,1309,6089956,65.49,2008,5611816,60.35,3432,3116614,33.51,51.53,12.34,36.13
2021-09-22T00:00:00.000Z,4263,6094219,65.53,7203,5619019,60.42,24987,3141601,33.78,51.13,12.74,36.12
2021-09-23T00:00:00.000Z,4397,6098616,65.58,5853,5624872,60.49,27747,3169348,34.08,50.75,13.08,36.17
2021-09-24T00:00:00.000Z,3189,6101805,65.62,4125,5628997,60.53,27655,3197003,34.38,50.65,13.27,36.08
2021-09-25T00:00:00.000Z,2072,6103877,65.64,2226,5631223,60.56,10400,3207403,34.49,50.32,13.63,36.05
2021-09-26T00:00:00.000Z,5639,6109516,65.7,5947,5637170,60.62,36187,3243590,34.88,50.56,13.48,35.95
2021-09-27T00:00:00.000Z,4690,6114206,65.75,4410,5641580,60.67,30379,3273969,35.21,50.72,13.33,35.95
2021-09-28T00:00:00.000Z,1451,6115657,65.76,1150,5642730,60.68,6202,3280171,35.27,50.48,13.59,35.94
2021-09-29T00:00:00.000Z,9663,6125320,65.87,8300,5651030,60.77,60196,3340367,35.92,50.67,13.36,35.97
2021-09-30T00:00:00.000Z,10999,6136319,65.99,8499,5659529,60.86,79563,3419930,36.78,51.24,12.7,36.07
2021-10-01T00:00:00.000Z,5131,6141450,66.04,3803,5663332,60.9,46429,3466359,37.28,51.32,12.6,36.08
2021-10-02T00:00:00.000Z,2868,6144318,66.07,2094,5665426,60.92,22379,3488738,37.52,51.24,12.67,36.09
2021-10-03T00:00:00.000Z,11710,6156028,66.2,7242,5672668,61,70619,3559357,38.28,51.81,12.09,36.11
2021-10-04T00:00:00.000Z,10337,6166365,66.31,6712,5679380,61.07,51796,3611153,38.83,52.28,11.63,36.09
2021-10-05T00:00:00.000Z,8461,6174826,66.4,5252,5684632,61.13,40378,3651531,39.27,52.55,11.31,36.15
2021-10-06T00:00:00.000Z,7603,6182429,66.48,4122,5688754,61.17,33979,3685510,39.63,52.9,11.14,35.96
2021-10-07T00:00:00.000Z,6928,6189357,66.56,3968,5692722,61.22,33928,3719438,40,53.39,10.91,35.7
2021-10-08T00:00:00.000Z,3100,6192457,66.59,2583,5695305,61.24,19158,3738596,40.2,53.62,10.82,35.56
2021-10-09T00:00:00.000Z,1339,6193796,66.61,1404,5696709,61.26,7396,3745992,40.28,53.66,10.85,35.49
2021-10-10T00:00:00.000Z,4692,6198488,66.66,3720,5700429,61.3,21462,3767454,40.51,54.13,10.63,35.24
2021-10-11T00:00:00.000Z,4295,6202783,66.7,2905,5703334,61.33,17190,3784644,40.7,54.51,10.44,35.05
2021-10-12T00:00:00.000Z,3981,6206764,66.74,2965,5706299,61.36,15283,3799927,40.86,54.66,10.42,34.91
2021-10-13T00:00:00.000Z,3502,6210266,66.78,2412,5708711,61.39,13476,3813403,41.01,54.81,10.41,34.78
2021-10-14T00:00:00.000Z,3871,6214137,66.82,2642,5711353,61.42,16472,3829875,41.18,55,10.34,34.66
2021-10-15T00:00:00.000Z,1691,6215828,66.84,1640,5712993,61.43,8942,3838817,41.28,55.07,10.34,34.59
2021-10-16T00:00:00.000Z,734,6216562,66.85,920,5713913,61.44,4002,3842819,41.32,55.02,10.42,34.56
2021-10-17T00:00:00.000Z,3118,6219680,66.88,2503,5716416,61.47,12741,3855560,41.46,55.21,10.31,34.48
2021-10-18T00:00:00.000Z,2463,6222143,66.91,1629,5718045,61.49,9981,3865541,41.57,55.36,10.23,34.41
2021-10-19T00:00:00.000Z,2381,6224524,66.94,1235,5719280,61.5,9241,3874782,41.67,55.42,10.23,34.35
2021-10-20T00:00:00.000Z,2445,6226969,66.96,2260,5721540,61.53,10002,3884784,41.78,55.49,10.21,34.3
2021-10-21T00:00:00.000Z,3023,6229992,66.99,3051,5724591,61.56,12072,3896856,41.9,55.64,10.12,34.24
2021-10-22T00:00:00.000Z,1270,6231262,67.01,1389,5725980,61.57,5743,3902599,41.97,55.7,10.09,34.21
2021-10-23T00:00:00.000Z,554,6231816,67.01,1237,5727217,61.59,2546,3905145,41.99,55.74,10.07,34.2
2021-10-24T00:00:00.000Z,2514,6234330,67.04,2645,5729862,61.62,9805,3914950,42.1,55.84,10.01,34.15
2021-10-25T00:00:00.000Z,2618,6236948,67.07,2695,5732557,61.65,8428,3923378,42.19,55.95,9.94,34.11
2021-10-26T00:00:00.000Z,2375,6239323,67.09,2004,5734561,61.67,8448,3931826,42.28,56.02,9.9,34.08
2021-10-27T00:00:00.000Z,2305,6241628,67.12,2519,5737080,61.69,7848,3939674,42.37,56.09,9.87,34.04
2021-10-28T00:00:00.000Z,2492,6244120,67.15,2715,5739795,61.72,8582,3948256,42.46,56.17,9.83,33.99
2021-10-29T00:00:00.000Z,869,6244989,67.16,1096,5740891,61.73,4057,3952313,42.5,56.19,9.84,33.98
2021-10-30T00:00:00.000Z,352,6245341,67.16,504,5741395,61.74,1681,3953994,42.52,56.16,9.87,33.96
2021-10-31T00:00:00.000Z,2276,6247617,67.18,2469,5743864,61.77,8191,3962185,42.61,56.26,9.81,33.93
2021-11-01T00:00:00.000Z,1722,6249339,67.2,2070,5745934,61.79,6400,3968585,42.68,56.35,9.76,33.89
2021-11-02T00:00:00.000Z,2024,6251363,67.22,1995,5747929,61.81,6200,3974785,42.74,56.4,9.74,33.86
2021-11-03T00:00:00.000Z,1758,6253121,67.24,1855,5749784,61.83,5459,3980244,42.8,56.43,9.74,33.83
2021-11-04T00:00:00.000Z,2102,6255223,67.27,2768,5752552,61.86,7023,3987267,42.88,56.49,9.72,33.79
2021-11-05T00:00:00.000Z,752,6255975,67.27,869,5753421,61.87,3390,3990657,42.91,56.48,9.73,33.78
2021-11-06T00:00:00.000Z,331,6256306,67.28,371,5753792,61.87,1350,3992007,42.93,56.45,9.77,33.77
2021-11-07T00:00:00.000Z,1596,6257902,67.29,1755,5755547,61.89,6077,3998084,42.99,56.53,9.73,33.74
2021-11-08T00:00:00.000Z,1505,6259407,67.31,1560,5757107,61.91,5320,4003404,43.05,56.6,9.68,33.72
2021-11-09T00:00:00.000Z,1440,6260847,67.33,1566,5758673,61.93,5229,4008633,43.11,56.63,9.67,33.7
2021-11-10T00:00:00.000Z,1432,6262279,67.34,1619,5760292,61.94,4664,4013297,43.16,56.66,9.67,33.68
2021-11-11T00:00:00.000Z,1631,6263910,67.36,1916,5762208,61.96,5638,4018935,43.22,56.71,9.64,33.65
2021-11-12T00:00:00.000Z,606,6264516,67.37,790,5762998,61.97,2823,4021758,43.25,56.72,9.64,33.64
2021-11-13T00:00:00.000Z,245,6264761,67.37,272,5763270,61.98,1082,4022840,43.26,56.71,9.66,33.63
2021-11-14T00:00:00.000Z,1552,6266313,67.38,1606,5764876,61.99,5058,4027898,43.31,56.77,9.62,33.61
2021-11-15T00:00:00.000Z,1240,6267553,67.4,1574,5766450,62.01,4681,4032579,43.36,56.83,9.58,33.59
2021-11-16T00:00:00.000Z,1271,6268824,67.41,1378,5767828,62.02,4251,4036830,43.41,56.86,9.57,33.57
2021-11-17T00:00:00.000Z,1207,6270031,67.42,1527,5769355,62.04,3782,4040612,43.45,56.89,9.57,33.55
2021-11-18T00:00:00.000Z,1360,6271391,67.44,1642,5770997,62.06,4904,4045516,43.5,56.93,9.54,33.53
2021-11-19T00:00:00.000Z,576,6271967,67.45,722,5771719,62.07,2363,4047879,43.53,56.94,9.54,33.52
2021-11-20T00:00:00.000Z,220,6272187,67.45,230,5771949,62.07,889,4048768,43.54,56.93,9.56,33.51
2021-11-21T00:00:00.000Z,1415,6273602,67.46,1504,5773453,62.08,4800,4053568,43.59,56.98,9.52,33.5
2021-11-22T00:00:00.000Z,1667,6275269,67.48,1487,5774940,62.1,4123,4057691,43.63,57.04,9.48,33.47
2021-11-23T00:00:00.000Z,8622,6283891,67.57,1645,5776585,62.12,3890,4061581,43.68,57.14,9.46,33.4
2021-11-24T00:00:00.000Z,9367,6293258,67.67,1279,5777864,62.13,3783,4065364,43.72,57.23,9.44,33.33
2021-11-25T00:00:00.000Z,9821,6303079,67.78,1563,5779427,62.15,4730,4070094,43.77,57.31,9.44,33.25
2021-11-26T00:00:00.000Z,5596,6308675,67.84,708,5780135,62.16,2675,4072769,43.8,57.34,9.46,33.21
2021-11-27T00:00:00.000Z,4773,6313448,67.89,300,5780435,62.16,1103,4073872,43.81,57.35,9.48,33.17
2021-11-28T00:00:00.000Z,10169,6323617,68,1462,5781897,62.18,4806,4078678,43.86,57.46,9.45,33.09
2021-11-29T00:00:00.000Z,9024,6332641,68.1,1102,5782999,62.19,4247,4082925,43.91,57.57,9.42,33.01
2021-11-30T00:00:00.000Z,10044,6342685,68.21,987,5783986,62.2,3949,4086874,43.95,57.65,9.42,32.93
2021-12-01T00:00:00.000Z,8636,6351321,68.3,1056,5785042,62.21,4289,4091163,43.99,57.73,9.42,32.86
2021-12-02T00:00:00.000Z,9158,6360479,68.4,1398,5786440,62.22,4956,4096119,44.05,57.82,9.4,32.78
2021-12-03T00:00:00.000Z,6352,6366831,68.47,622,5787062,62.23,2725,4098844,44.08,57.87,9.4,32.73
2021-12-04T00:00:00.000Z,2491,6369322,68.49,222,5787284,62.23,847,4099691,44.09,57.88,9.41,32.71
2021-12-05T00:00:00.000Z,8334,6377656,68.58,1235,5788519,62.25,4619,4104310,44.14,57.98,9.39,32.63
2021-12-06T00:00:00.000Z,6730,6384386,68.65,1158,5789677,62.26,4221,4108531,44.18,58.07,9.36,32.57
2021-12-07T00:00:00.000Z,5602,6389988,68.71,1420,5791097,62.27,3833,4112364,44.22,58.13,9.35,32.52
2021-12-08T00:00:00.000Z,4930,6394918,68.77,1152,5792249,62.29,3727,4116091,44.26,58.19,9.33,32.48
2021-12-09T00:00:00.000Z,6218,6401136,68.83,1195,5793444,62.3,4355,4120446,44.31,58.27,9.31,32.42
2021-12-10T00:00:00.000Z,3008,6404144,68.87,646,5794090,62.31,2535,4122981,44.34,58.31,9.3,32.39
2021-12-11T00:00:00.000Z,1483,6405627,68.88,239,5794329,62.31,939,4123920,44.35,58.32,9.3,32.38
2021-12-12T00:00:00.000Z,7299,6412926,68.96,1401,5795730,62.32,5134,4129054,44.4,58.42,9.27,32.32
2021-12-13T00:00:00.000Z,6164,6419090,69.03,1338,5797068,62.34,4223,4133277,44.45,58.5,9.24,32.26
2021-12-14T00:00:00.000Z,7328,6426418,69.11,6070,5803138,62.4,4796,4138073,44.5,58.59,9.21,32.2
2021-12-15T00:00:00.000Z,7209,6433627,69.18,7363,5810501,62.48,5302,4143375,44.56,58.68,9.18,32.14
2021-12-16T00:00:00.000Z,8087,6441714,69.27,8577,5819078,62.58,6396,4149771,44.62,58.77,9.15,32.08
2021-12-17T00:00:00.000Z,4360,6446074,69.32,5097,5824175,62.63,3775,4153546,44.67,58.82,9.13,32.04
2021-12-18T00:00:00.000Z,3923,6449997,69.36,2888,5827063,62.66,1260,4154806,44.68,58.85,9.14,32.01
2021-12-19T00:00:00.000Z,6983,6456980,69.44,9307,5836370,62.76,6174,4160980,44.75,58.95,9.1,31.95
2021-12-20T00:00:00.000Z,8002,6464982,69.52,7484,5843854,62.84,5230,4166210,44.8,59.04,9.08,31.89
2021-12-21T00:00:00.000Z,9566,6474548,69.62,8598,5852452,62.93,6282,4172492,44.87,59.16,9.05,31.79
2021-12-22T00:00:00.000Z,9675,6484223,69.73,8101,5860553,63.02,6063,4178555,44.93,59.29,9.02,31.69
2021-12-23T00:00:00.000Z,11515,6495738,69.85,10226,5870779,63.13,7952,4186507,45.02,59.44,8.99,31.57
2021-12-24T00:00:00.000Z,5900,6501638,69.92,6214,5876993,63.2,5122,4191629,45.07,59.53,8.97,31.5
2021-12-25T00:00:00.000Z,3333,6504971,69.95,2560,5879553,63.23,1997,4193626,45.1,59.57,8.97,31.47
2021-12-26T00:00:00.000Z,10657,6515628,70.07,8890,5888443,63.32,8109,4201735,45.18,59.72,8.92,31.35
2021-12-27T00:00:00.000Z,10357,6525985,70.18,7099,5895542,63.4,8027,4209762,45.27,59.87,8.88,31.25
2021-12-28T00:00:00.000Z,11355,6537340,70.3,7414,5902956,63.48,9455,4219217,45.37,60.02,8.84,31.13
2021-12-29T00:00:00.000Z,1674,6539014,70.32,1340,5904296,63.49,2882,4222099,45.4,60.09,8.82,31.09
