Day_Date,vaccinated,vaccinated_cum,vaccinated_population_perc,vaccinated_seconde_dose,vaccinated_seconde_dose_cum,vaccinated_seconde_dose_population_perc,vaccinated_third_dose,vaccinated_third_dose_cum,vaccinated_third_dose_population_perc,vaccinated_fourth_dose,vaccinated_fourth_dose_cum,vaccinated_fourth_dose_population_perc,vaccinated_validity_perc,vaccinated_expired_perc,not_vaccinated_perc
2020-12-19T00:00:00.000Z,46,70,0,0,4,0,0,0,0,0,0,0,0,0,100
2020-12-20T00:00:00.000Z,7393,7463,0.08,0,4,0,0,0,0,0,0,0,0,0,100
2020-12-21T00:00:00.000Z,24923,32386,0.35,0,4,0,0,0,0,0,0,0,0,0,100
2020-12-22T00:00:00.000Z,44662,77048,0.83,0,4,0,0,0,0,0,0,0,0,0,100
2020-12-23T00:00:00.000Z,62914,139962,1.51,0,4,0,0,0,0,0,0,0,0,0,100
2020-12-24T00:00:00.000Z,73425,213387,2.29,0,4,0,0,0,0,0,0,0,0,0,100
2020-12-25T00:00:00.000Z,38514,251901,2.71,0,4,0,0,0,0,0,0,0,0,0,100
2020-12-26T00:00:00.000Z,32617,284518,3.06,0,4,0,0,0,0,0,0,0,0,0,100
2020-12-27T00:00:00.000Z,104563,389081,4.18,0,4,0,0,0,0,0,0,0,0,0,100
2020-12-28T00:00:00.000Z,135018,524099,5.64,0,4,0,0,0,0,0,0,0,0,0,100
2020-12-29T00:00:00.000Z,156315,680414,7.32,2,6,0,0,0,0,0,0,0,0,0,100
2020-12-30T00:00:00.000Z,153164,833578,8.96,0,6,0,0,0,0,0,0,0,0,0,100
2020-12-31T00:00:00.000Z,158564,992142,10.67,0,6,0,0,0,0,0,0,0,0,0,100
2021-01-01T00:00:00.000Z,71424,1063566,11.44,0,6,0,0,0,0,0,0,0,0,0,100
2021-01-02T00:00:00.000Z,71735,1135301,12.21,0,6,0,0,0,0,0,0,0,0,0,100
2021-01-03T00:00:00.000Z,149754,1285055,13.82,0,6,0,0,0,0,0,0,0,0,0,100
2021-01-04T00:00:00.000Z,152183,1437238,15.46,1,7,0,0,0,0,0,0,0,0,0,100
2021-01-05T00:00:00.000Z,125195,1562433,16.8,4,11,0,0,0,0,0,0,0,0,0,100
2021-01-06T00:00:00.000Z,103354,1665787,17.91,2,13,0,0,0,0,0,0,0,0,0,100
2021-01-07T00:00:00.000Z,116039,1781826,19.16,9,22,0,0,0,0,0,0,0,0,0,100
2021-01-08T00:00:00.000Z,66450,1848276,19.88,4,26,0,0,0,0,0,0,0,0,0,100
2021-01-09T00:00:00.000Z,44542,1892818,20.35,24,50,0,0,0,0,0,0,0,0,0,100
2021-01-10T00:00:00.000Z,37643,1930461,20.76,5999,6049,0.07,0,0,0,0,0,0,0,0,100
2021-01-11T00:00:00.000Z,21167,1951628,20.99,19264,25313,0.27,0,0,0,0,0,0,0,0,100
2021-01-12T00:00:00.000Z,24067,1975695,21.25,35671,60984,0.66,0,0,0,0,0,0,0,0,100
2021-01-13T00:00:00.000Z,52064,2027759,21.81,56873,117857,1.27,0,0,0,0,0,0,0,0,100
2021-01-14T00:00:00.000Z,56469,2084228,22.41,68834,186691,2.01,0,0,0,0,0,0,0,0,100
2021-01-15T00:00:00.000Z,30769,2114997,22.74,35939,222630,2.39,0,0,0,0,0,0,0,0,100
2021-01-16T00:00:00.000Z,29477,2144474,23.06,26006,248636,2.67,0,0,0,0,0,0,0,0,100
2021-01-17T00:00:00.000Z,68429,2212903,23.8,84591,333227,3.58,0,0,0,0,0,0,0.31,0,99.69
2021-01-18T00:00:00.000Z,69809,2282712,24.55,120424,453651,4.88,0,0,0,0,0,0,0.58,0,99.42
2021-01-19T00:00:00.000Z,72887,2355599,25.33,137834,591485,6.36,0,0,0,0,0,0,1.09,0,98.91
2021-01-20T00:00:00.000Z,76901,2432500,26.16,143755,735240,7.91,0,0,0,0,0,0,1.9,0,98.1
2021-01-21T00:00:00.000Z,69992,2502492,26.91,164447,899687,9.67,0,0,0,0,0,0,2.88,0,97.12
2021-01-22T00:00:00.000Z,37919,2540411,27.32,71128,970815,10.44,0,0,0,0,0,0,3.39,0,96.61
2021-01-23T00:00:00.000Z,39962,2580373,27.75,53584,1024399,11.02,0,0,0,0,0,0,3.77,0,96.23
2021-01-24T00:00:00.000Z,69140,2649513,28.49,140695,1165094,12.53,0,0,0,0,0,0,4.96,0,95.04
2021-01-25T00:00:00.000Z,80937,2730450,29.36,139505,1304599,14.03,0,0,0,0,0,0,6.61,0,93.39
2021-01-26T00:00:00.000Z,78717,2809167,30.21,126427,1431026,15.39,0,0,0,0,0,0,8.45,0,91.55
2021-01-27T00:00:00.000Z,77965,2887132,31.05,125056,1556082,16.73,0,0,0,0,0,0,10.34,0,89.66
2021-01-28T00:00:00.000Z,79564,2966696,31.9,130610,1686692,18.14,0,0,0,0,0,0,12.43,0,87.57
2021-01-29T00:00:00.000Z,36697,3003393,32.3,64784,1751476,18.83,0,0,0,0,0,0,13.34,0,86.66
2021-01-30T00:00:00.000Z,34392,3037785,32.67,42759,1794235,19.29,0,0,0,0,0,0,14.02,0,85.98
2021-01-31T00:00:00.000Z,73326,3111111,33.46,59495,1853730,19.93,0,0,0,0,0,0,15.76,0,84.24
2021-02-01T00:00:00.000Z,82496,3193607,34.34,35352,1889082,20.31,0,0,0,0,0,0,17.48,0,82.52
2021-02-02T00:00:00.000Z,70090,3263697,35.1,31062,1920144,20.65,0,0,0,0,0,0,19.01,0,80.99
2021-02-03T00:00:00.000Z,60303,3324000,35.74,51435,1971579,21.2,0,0,0,0,0,0,20.47,0,79.53
2021-02-04T00:00:00.000Z,72623,3396623,36.53,58092,2029671,21.83,0,0,0,0,0,0,22,0,78
2021-02-05T00:00:00.000Z,33940,3430563,36.89,28802,2058473,22.14,0,0,0,0,0,0,22.75,0,77.25
2021-02-06T00:00:00.000Z,21620,3452183,37.12,22228,2080701,22.37,0,0,0,0,0,0,23.23,0,76.77
2021-02-07T00:00:00.000Z,54075,3506258,37.7,68729,2149430,23.11,0,0,0,0,0,0,23.99,0,76.01
2021-02-08T00:00:00.000Z,58632,3564890,38.34,65458,2214888,23.82,0,0,0,0,0,0,24.52,0,75.48
2021-02-09T00:00:00.000Z,66342,3631232,39.05,67568,2282456,24.54,0,0,0,0,0,0,25.04,0,74.96
2021-02-10T00:00:00.000Z,70559,3701791,39.81,72303,2354759,25.32,0,0,0,0,0,0,25.77,0,74.23
2021-02-11T00:00:00.000Z,81156,3782947,40.68,72098,2426857,26.1,0,0,0,0,0,0,26.61,0,73.39
2021-02-12T00:00:00.000Z,39095,3822042,41.1,37588,2464445,26.5,0,0,0,0,0,0,27.02,0,72.98
2021-02-13T00:00:00.000Z,27461,3849503,41.4,30440,2494885,26.83,0,0,0,0,0,0,27.33,0,72.67
2021-02-14T00:00:00.000Z,74910,3924413,42.2,69077,2563962,27.57,0,0,0,0,0,0,28.25,0,71.75
2021-02-15T00:00:00.000Z,81539,4005952,43.08,75714,2639676,28.39,0,0,0,0,0,0,29.17,0,70.83
2021-02-16T00:00:00.000Z,83412,4089364,43.97,78288,2717964,29.23,0,0,0,0,0,0,30.11,0,69.89
2021-02-17T00:00:00.000Z,61976,4151340,44.64,75633,2793597,30.04,0,0,0,0,0,0,31.01,0,68.99
2021-02-18T00:00:00.000Z,69148,4220488,45.38,79731,2873328,30.9,0,0,0,0,0,0,31.94,0,68.06
2021-02-19T00:00:00.000Z,39668,4260156,45.81,38155,2911483,31.31,0,0,0,0,0,0,32.45,0,67.55
2021-02-20T00:00:00.000Z,31648,4291804,46.15,28723,2940206,31.62,0,0,0,0,0,0,32.85,0,67.15
2021-02-21T00:00:00.000Z,79428,4371232,47.01,78441,3018647,32.46,0,0,0,0,0,0,33.8,0,66.2
2021-02-22T00:00:00.000Z,85054,4456286,47.92,80589,3099236,33.33,0,0,0,0,0,0,34.83,0,65.17
2021-02-23T00:00:00.000Z,77321,4533607,48.75,70473,3169709,34.09,0,0,0,0,0,0,35.84,0,64.16
2021-02-24T00:00:00.000Z,61065,4594672,49.41,63136,3232845,34.76,0,0,0,0,0,0,36.76,0,63.24
2021-02-25T00:00:00.000Z,51724,4646396,49.97,64799,3297644,35.46,0,0,0,0,0,0,37.66,0,62.34
2021-02-26T00:00:00.000Z,25906,4672302,50.24,32038,3329682,35.81,0,0,0,0,0,0,38.1,0,61.9
2021-02-27T00:00:00.000Z,18347,4690649,50.44,21195,3350877,36.03,0,0,0,0,0,0,38.42,0,61.58
2021-02-28T00:00:00.000Z,40358,4731007,50.87,55870,3406747,36.63,0,0,0,0,0,0,39.24,0,60.76
2021-03-01T00:00:00.000Z,45738,4776745,51.37,61434,3468181,37.3,0,0,0,0,0,0,40.1,0,59.9
2021-03-02T00:00:00.000Z,41195,4817940,51.81,64792,3532973,37.99,0,0,0,0,0,0,40.85,0,59.15
2021-03-03T00:00:00.000Z,42020,4859960,52.26,66785,3599758,38.71,0,0,0,0,0,0,41.55,0,58.45
2021-03-04T00:00:00.000Z,39711,4899671,52.69,79113,3678871,39.56,0,0,0,0,0,0,42.24,0,57.76
2021-03-05T00:00:00.000Z,17359,4917030,52.88,40460,3719331,40,0,0,0,0,0,0,42.57,0,57.43
2021-03-06T00:00:00.000Z,10717,4927747,52.99,25345,3744676,40.27,0,0,0,0,0,0,42.78,0,57.22
2021-03-07T00:00:00.000Z,31152,4958899,53.33,72839,3817515,41.05,0,0,0,0,0,0,43.36,0,56.64
2021-03-08T00:00:00.000Z,27382,4986281,53.62,73290,3890805,41.84,0,0,0,0,0,0,43.97,0,56.03
2021-03-09T00:00:00.000Z,26751,5013032,53.91,76595,3967400,42.66,0,0,0,0,0,0,44.62,0,55.38
2021-03-10T00:00:00.000Z,23364,5036396,54.16,58678,4026078,43.29,0,0,0,0,0,0,45.27,0,54.73
2021-03-11T00:00:00.000Z,23295,5059691,54.41,69086,4095164,44.04,0,0,0,0,0,0,45.99,0,54.01
2021-03-12T00:00:00.000Z,11291,5070982,54.53,41410,4136574,44.48,0,0,0,0,0,0,46.34,0,53.66
2021-03-13T00:00:00.000Z,7946,5078928,54.62,25237,4161811,44.75,0,0,0,0,0,0,46.57,0,53.43
2021-03-14T00:00:00.000Z,20982,5099910,54.84,73931,4235742,45.55,0,0,0,0,0,0,47.2,0,52.8
2021-03-15T00:00:00.000Z,20138,5120048,55.06,78276,4314018,46.39,0,0,0,0,0,0,47.81,0,52.19
2021-03-16T00:00:00.000Z,18749,5138797,55.26,71474,4385492,47.16,0,0,0,0,0,0,48.43,0,51.57
2021-03-17T00:00:00.000Z,17700,5156497,55.45,59001,4444493,47.79,0,0,0,0,0,0,48.92,0,51.08
2021-03-18T00:00:00.000Z,16043,5172540,55.62,58125,4502618,48.42,0,0,0,0,0,0,49.45,0,50.55
2021-03-19T00:00:00.000Z,6950,5179490,55.7,27975,4530593,48.72,0,0,0,0,0,0,49.75,0,50.25
2021-03-20T00:00:00.000Z,5224,5184714,55.75,15297,4545890,48.88,0,0,0,0,0,0,49.93,0,50.07
2021-03-21T00:00:00.000Z,13168,5197882,55.9,40504,4586394,49.32,0,0,0,0,0,0,50.46,0,49.54
2021-03-22T00:00:00.000Z,13571,5211453,56.04,40535,4626929,49.76,0,0,0,0,0,0,51,0,49
2021-03-23T00:00:00.000Z,2840,5214293,56.07,7297,4634226,49.83,0,0,0,0,0,0,51.43,0,48.57
2021-03-24T00:00:00.000Z,10990,5225283,56.19,46552,4680778,50.33,0,0,0,0,0,0,51.84,0,48.16
2021-03-25T00:00:00.000Z,10258,5235541,56.3,35432,4716210,50.72,0,0,0,0,0,0,52.22,0,47.78
2021-03-26T00:00:00.000Z,4180,5239721,56.35,13329,4729539,50.86,0,0,0,0,0,0,52.4,0,47.6
2021-03-27T00:00:00.000Z,1784,5241505,56.36,4267,4733806,50.91,0,0,0,0,0,0,52.5,0,47.5
2021-03-28T00:00:00.000Z,2110,5243615,56.39,4608,4738414,50.95,0,0,0,0,0,0,52.74,0,47.26
2021-03-29T00:00:00.000Z,6905,5250520,56.46,30014,4768428,51.28,0,0,0,0,0,0,53,0,47
2021-03-30T00:00:00.000Z,7885,5258405,56.55,22449,4790877,51.52,0,0,0,0,0,0,53.08,0,46.92
2021-03-31T00:00:00.000Z,8146,5266551,56.63,19488,4810365,51.73,0,0,0,0,0,0,53.38,0,46.62
2021-04-01T00:00:00.000Z,8201,5274752,56.72,18697,4829062,51.93,0,0,0,0,0,0,53.62,0,46.38
2021-04-02T00:00:00.000Z,2930,5277682,56.75,8126,4837188,52.02,0,0,0,0,0,0,53.71,0,46.29
2021-04-03T00:00:00.000Z,1431,5279113,56.77,2978,4840166,52.05,0,0,0,0,0,0,53.74,0,46.26
2021-04-04T00:00:00.000Z,9617,5288730,56.87,22830,4862996,52.29,0,0,0,0,0,0,53.82,0,46.18
2021-04-05T00:00:00.000Z,10358,5299088,56.98,21268,4884264,52.52,0,0,0,0,0,0,54.04,0,45.96
2021-04-06T00:00:00.000Z,9021,5308109,57.08,16786,4901050,52.7,0,0,0,0,0,0,54.21,0,45.79
2021-04-07T00:00:00.000Z,8922,5317031,57.18,15305,4916355,52.87,0,0,0,0,0,0,54.36,0,45.64
2021-04-08T00:00:00.000Z,9419,5326450,57.28,17002,4933357,53.05,0,0,0,0,0,0,54.52,0,45.48
2021-04-09T00:00:00.000Z,3605,5330055,57.32,6245,4939602,53.12,0,0,0,0,0,0,54.58,0,45.42
2021-04-10T00:00:00.000Z,1630,5331685,57.33,3519,4943121,53.16,0,0,0,0,0,0,54.61,0,45.39
2021-04-11T00:00:00.000Z,9033,5340718,57.43,14246,4957367,53.31,0,0,0,0,0,0,54.78,0,45.22
2021-04-12T00:00:00.000Z,8930,5349648,57.53,13227,4970594,53.45,0,0,0,0,0,0,54.95,0,45.05
2021-04-13T00:00:00.000Z,5836,5355484,57.59,4957,4975551,53.5,0,0,0,0,0,0,55.08,0,44.92
2021-04-14T00:00:00.000Z,3643,5359127,57.63,5301,4980852,53.56,0,0,0,0,0,0,55.18,0,44.82
2021-04-15T00:00:00.000Z,689,5359816,57.64,574,4981426,53.57,0,0,0,0,0,0,55.27,0,44.73
2021-04-16T00:00:00.000Z,3409,5363225,57.67,6641,4988067,53.64,0,0,0,0,0,0,55.33,0,44.67
2021-04-17T00:00:00.000Z,818,5364043,57.68,1970,4990037,53.66,0,0,0,0,0,0,55.35,0,44.65
2021-04-18T00:00:00.000Z,7091,5371134,57.76,7432,4997469,53.74,0,0,0,0,0,0,55.47,0,44.53
2021-04-19T00:00:00.000Z,6393,5377527,57.83,7124,5004593,53.82,0,0,0,0,0,0,55.58,0,44.42
2021-04-20T00:00:00.000Z,6275,5383802,57.89,6883,5011476,53.89,0,0,0,0,0,0,55.65,0,44.35
2021-04-21T00:00:00.000Z,6370,5390172,57.96,7101,5018577,53.97,0,0,0,0,0,0,55.71,0,44.29
2021-04-22T00:00:00.000Z,5941,5396113,58.03,7682,5026259,54.05,0,0,0,0,0,0,55.75,0,44.25
2021-04-23T00:00:00.000Z,2756,5398869,58.06,3383,5029642,54.09,0,0,0,0,0,0,55.8,0,44.2
2021-04-24T00:00:00.000Z,766,5399635,58.06,1287,5030929,54.1,0,0,0,0,0,0,55.82,0,44.18
2021-04-25T00:00:00.000Z,4827,5404462,58.12,6919,5037848,54.17,0,0,0,0,0,0,55.89,0,44.11
2021-04-26T00:00:00.000Z,5472,5409934,58.18,7886,5045734,54.26,0,0,0,0,0,0,55.96,0,44.04
2021-04-27T00:00:00.000Z,4502,5414436,58.22,6618,5052352,54.33,0,0,0,0,0,0,56.03,0,43.97
2021-04-28T00:00:00.000Z,4490,5418926,58.27,7323,5059675,54.41,0,0,0,0,0,0,56.09,0,43.91
2021-04-29T00:00:00.000Z,4369,5423295,58.32,7285,5066960,54.49,0,0,0,0,0,0,56.16,0,43.84
2021-04-30T00:00:00.000Z,1917,5425212,58.34,3199,5070159,54.52,0,0,0,0,0,0,56.19,0,43.81
2021-05-01T00:00:00.000Z,457,5425669,58.34,892,5071051,54.53,0,0,0,0,0,0,56.2,0,43.8
2021-05-02T00:00:00.000Z,3224,5428893,58.38,6085,5077136,54.6,0,0,0,0,0,0,56.26,0,43.74
2021-05-03T00:00:00.000Z,3533,5432426,58.42,5827,5082963,54.66,0,0,0,0,0,0,56.32,0,43.68
2021-05-04T00:00:00.000Z,3584,5436010,58.46,4726,5087689,54.71,0,0,0,0,0,0,56.38,0,43.62
2021-05-05T00:00:00.000Z,3287,5439297,58.49,4086,5091775,54.75,0,0,0,0,0,0,56.44,0,43.56
2021-05-06T00:00:00.000Z,3638,5442935,58.53,3138,5094913,54.79,0,0,0,0,0,0,56.5,0,43.5
2021-05-07T00:00:00.000Z,1835,5444770,58.55,2500,5097413,54.82,0,0,0,0,0,0,56.52,0,43.48
2021-05-08T00:00:00.000Z,235,5445005,58.55,505,5097918,54.82,0,0,0,0,0,0,56.53,0,43.47
2021-05-09T00:00:00.000Z,2848,5447853,58.58,4746,5102664,54.87,0,0,0,0,0,0,56.58,0,43.42
2021-05-10T00:00:00.000Z,2891,5450744,58.61,4702,5107366,54.92,0,0,0,0,0,0,56.63,0,43.37
2021-05-11T00:00:00.000Z,2619,5453363,58.64,3876,5111242,54.96,0,0,0,0,0,0,56.67,0,43.33
2021-05-12T00:00:00.000Z,2023,5455386,58.66,3333,5114575,55,0,0,0,0,0,0,56.7,0,43.3
2021-05-13T00:00:00.000Z,2037,5457423,58.69,3677,5118252,55.04,0,0,0,0,0,0,56.73,0,43.27
2021-05-14T00:00:00.000Z,972,5458395,58.7,1489,5119741,55.06,0,0,0,0,0,0,56.75,0,43.25
2021-05-15T00:00:00.000Z,251,5458646,58.7,255,5119996,55.06,0,0,0,0,0,0,56.75,0,43.25
2021-05-16T00:00:00.000Z,528,5459174,58.71,1202,5121198,55.07,0,0,0,0,0,0,56.78,0,43.22
2021-05-17T00:00:00.000Z,295,5459469,58.71,841,5122039,55.08,0,0,0,0,0,0,56.81,0,43.19
2021-05-18T00:00:00.000Z,1956,5461425,58.73,4933,5126972,55.13,0,0,0,0,0,0,56.84,0,43.16
2021-05-19T00:00:00.000Z,2224,5463649,58.75,5034,5132006,55.19,0,0,0,0,0,0,56.87,0,43.13
2021-05-20T00:00:00.000Z,2307,5465956,58.78,3876,5135882,55.23,0,0,0,0,0,0,56.9,0,43.1
2021-05-21T00:00:00.000Z,1182,5467138,58.79,1403,5137285,55.24,0,0,0,0,0,0,56.92,0,43.08
2021-05-22T00:00:00.000Z,205,5467343,58.79,395,5137680,55.25,0,0,0,0,0,0,56.92,0,43.08
2021-05-23T00:00:00.000Z,2271,5469614,58.82,3214,5140894,55.28,0,0,0,0,0,0,56.94,0,43.06
2021-05-24T00:00:00.000Z,2128,5471742,58.84,3595,5144489,55.32,0,0,0,0,0,0,56.96,0,43.04
2021-05-25T00:00:00.000Z,1815,5473557,58.86,2583,5147072,55.35,0,0,0,0,0,0,56.99,0,43.01
2021-05-26T00:00:00.000Z,1402,5474959,58.88,2500,5149572,55.38,0,0,0,0,0,0,57.03,0,42.97
2021-05-27T00:00:00.000Z,1850,5476809,58.89,3181,5152753,55.41,0,0,0,0,0,0,57.06,0,42.94
2021-05-28T00:00:00.000Z,776,5477585,58.9,1402,5154155,55.43,0,0,0,0,0,0,57.07,0,42.93
2021-05-29T00:00:00.000Z,187,5477772,58.91,223,5154378,55.43,0,0,0,0,0,0,57.07,0,42.93
2021-05-30T00:00:00.000Z,1642,5479414,58.92,1935,5156313,55.45,0,0,0,0,0,0,57.1,0,42.9
2021-05-31T00:00:00.000Z,1731,5481145,58.94,2089,5158402,55.47,0,0,0,0,0,0,57.13,0,42.87
2021-06-01T00:00:00.000Z,1371,5482516,58.96,1816,5160218,55.49,0,0,0,0,0,0,57.47,0,42.53
2021-06-02T00:00:00.000Z,1509,5484025,58.97,1604,5161822,55.51,0,0,0,0,0,0,57.25,0,42.75
2021-06-03T00:00:00.000Z,1679,5485704,58.99,1485,5163307,55.52,0,0,0,0,0,0,57.27,0,42.73
2021-06-04T00:00:00.000Z,1091,5486795,59,777,5164084,55.53,0,0,0,0,0,0,57.28,0,42.72
2021-06-05T00:00:00.000Z,180,5486975,59,158,5164242,55.53,0,0,0,0,0,0,57.29,0,42.71
2021-06-06T00:00:00.000Z,4287,5491262,59.05,1002,5165244,55.54,0,0,0,0,0,0,57.31,0,42.69
2021-06-07T00:00:00.000Z,4432,5495694,59.1,807,5166051,55.55,0,0,0,0,0,0,57.34,0,42.66
2021-06-08T00:00:00.000Z,3733,5499427,59.14,1167,5167218,55.57,0,0,0,0,0,0,57.36,0,42.64
2021-06-09T00:00:00.000Z,3609,5503036,59.18,1322,5168540,55.58,0,0,0,0,0,0,57.4,0,42.6
2021-06-10T00:00:00.000Z,3352,5506388,59.21,1292,5169832,55.59,0,0,0,0,0,0,57.42,0,42.58
2021-06-11T00:00:00.000Z,1393,5507781,59.23,580,5170412,55.6,0,0,0,0,0,0,57.43,0,42.57
2021-06-12T00:00:00.000Z,214,5507995,59.23,170,5170582,55.6,0,0,0,0,0,0,57.43,0,42.57
2021-06-13T00:00:00.000Z,3100,5511095,59.26,1257,5171839,55.62,0,0,0,0,0,0,57.45,0,42.55
2021-06-14T00:00:00.000Z,3050,5514145,59.3,1524,5173363,55.63,0,0,0,0,0,0,57.46,0,42.54
2021-06-15T00:00:00.000Z,3136,5517281,59.33,1369,5174732,55.65,0,0,0,0,0,0,57.48,0,42.52
2021-06-16T00:00:00.000Z,2726,5520007,59.36,995,5175727,55.66,0,0,0,0,0,0,57.49,0,42.51
2021-06-17T00:00:00.000Z,2722,5522729,59.39,1195,5176922,55.67,0,0,0,0,0,0,57.51,0,42.49
2021-06-18T00:00:00.000Z,1262,5523991,59.4,503,5177425,55.68,0,0,0,0,0,0,57.52,0,42.48
2021-06-19T00:00:00.000Z,240,5524231,59.4,139,5177564,55.68,0,0,0,0,0,0,57.52,0,42.48
2021-06-20T00:00:00.000Z,3312,5527543,59.44,1330,5178894,55.69,0,0,0,0,0,0,57.54,0,42.46
2021-06-21T00:00:00.000Z,5235,5532778,59.5,1211,5180105,55.7,0,0,0,0,0,0,57.56,0,42.44
2021-06-22T00:00:00.000Z,6920,5539698,59.57,1095,5181200,55.72,0,0,0,0,0,0,57.58,0,42.42
2021-06-23T00:00:00.000Z,10746,5550444,59.69,1292,5182492,55.73,0,0,0,0,0,0,57.6,0,42.4
2021-06-24T00:00:00.000Z,12038,5562482,59.82,1462,5183954,55.75,0,0,0,0,0,0,57.62,0,42.38
2021-06-25T00:00:00.000Z,7108,5569590,59.89,939,5184893,55.76,0,0,0,0,0,0,57.62,0,42.38
2021-06-26T00:00:00.000Z,2266,5571856,59.92,197,5185090,55.76,0,0,0,0,0,0,57.63,0,42.37
2021-06-27T00:00:00.000Z,13628,5585484,60.06,3434,5188524,55.79,0,0,0,0,0,0,57.65,0,42.35
2021-06-28T00:00:00.000Z,14513,5599997,60.22,3673,5192197,55.83,0,0,0,0,0,0,57.68,0,42.32
2021-06-29T00:00:00.000Z,16705,5616702,60.4,3738,5195935,55.87,0,0,0,0,0,0,57.69,0,42.31
2021-06-30T00:00:00.000Z,16480,5633182,60.58,3391,5199326,55.91,0,0,0,0,0,0,57.72,0,42.28
2021-07-01T00:00:00.000Z,16822,5650004,60.76,3369,5202695,55.95,119,119,0,0,0,0,57.78,0,42.22
2021-07-02T00:00:00.000Z,9826,5659830,60.86,1596,5204291,55.96,7,126,0,0,0,0,57.79,0,42.21
2021-07-03T00:00:00.000Z,2673,5662503,60.89,296,5204587,55.97,1,127,0,0,0,0,57.79,0,42.21
2021-07-04T00:00:00.000Z,17731,5680234,61.08,3158,5207745,56,1,128,0,0,0,0,57.85,0,42.15
2021-07-05T00:00:00.000Z,17844,5698078,61.27,3041,5210786,56.03,7,135,0,0,0,0,57.91,0,42.09
2021-07-06T00:00:00.000Z,17839,5715917,61.47,3404,5214190,56.07,11,146,0,0,0,0,57.99,0,42.01
2021-07-07T00:00:00.000Z,15521,5731438,61.63,2695,5216885,56.1,12,158,0,0,0,0,58.05,0,41.95
2021-07-08T00:00:00.000Z,16579,5748017,61.81,2872,5219757,56.13,17,175,0,0,0,0,58.12,0,41.88
2021-07-09T00:00:00.000Z,11120,5759137,61.93,1531,5221288,56.15,4,179,0,0,0,0,58.15,0,41.85
2021-07-10T00:00:00.000Z,4984,5764121,61.98,386,5221674,56.15,6,185,0,0,0,0,58.15,0,41.85
2021-07-11T00:00:00.000Z,1454,5765575,62,2847,5224521,56.18,8,193,0,0,0,0,58.22,0,41.78
2021-07-12T00:00:00.000Z,2419,5767994,62.03,3679,5228200,56.22,56,249,0,0,0,0,58.29,0,41.71
2021-07-13T00:00:00.000Z,2955,5770949,62.06,5457,5233657,56.28,124,373,0,0,0,0,58.36,0,41.64
2021-07-14T00:00:00.000Z,2738,5773687,62.09,7525,5241182,56.36,441,814,0.01,0,0,0,58.42,0,41.58
2021-07-15T00:00:00.000Z,2998,5776685,62.12,9285,5250467,56.46,374,1188,0.01,0,0,0,58.5,0,41.5
2021-07-16T00:00:00.000Z,1282,5777967,62.13,5892,5256359,56.52,66,1254,0.01,0,0,0,58.54,0,41.46
2021-07-17T00:00:00.000Z,368,5778335,62.14,1388,5257747,56.54,7,1261,0.01,0,0,0,58.55,0,41.44
2021-07-18T00:00:00.000Z,2070,5780405,62.16,9766,5267513,56.64,235,1496,0.02,0,0,0,58.6,0,41.4
2021-07-19T00:00:00.000Z,3208,5783613,62.19,11340,5278853,56.77,461,1957,0.02,0,0,0,58.65,0,41.35
2021-07-20T00:00:00.000Z,2680,5786293,62.22,11905,5290758,56.89,373,2330,0.03,0,0,0,58.72,0,41.28
2021-07-21T00:00:00.000Z,2396,5788689,62.25,11873,5302631,57.02,325,2655,0.03,0,0,0,58.81,0,41.19
2021-07-22T00:00:00.000Z,2871,5791560,62.28,13267,5315898,57.16,391,3046,0.03,0,0,0,58.93,0,41.07
2021-07-23T00:00:00.000Z,2028,5793588,62.3,8232,5324130,57.25,106,3152,0.03,0,0,0,58.99,0,41.01
2021-07-24T00:00:00.000Z,639,5794227,62.31,1477,5325607,57.27,7,3159,0.03,0,0,0,58.99,0,41
2021-07-25T00:00:00.000Z,4413,5798640,62.36,15489,5341096,57.44,223,3382,0.04,0,0,0,59.1,0,40.89
2021-07-26T00:00:00.000Z,5164,5803804,62.41,13523,5354619,57.58,324,3706,0.04,0,0,0,59.24,0,40.75
2021-07-27T00:00:00.000Z,5485,5809289,62.47,13570,5368189,57.73,413,4119,0.04,0,0,0,59.37,0.01,40.62
2021-07-28T00:00:00.000Z,3982,5813271,62.51,12338,5380527,57.86,472,4591,0.05,0,0,0,59.5,0.01,40.49
2021-07-29T00:00:00.000Z,4655,5817926,62.56,14192,5394719,58.01,530,5121,0.06,0,0,0,59.65,0.01,40.33
2021-07-30T00:00:00.000Z,2643,5820569,62.59,10849,5405568,58.13,4122,9243,0.1,0,0,0,59.74,0.02,40.25
2021-07-31T00:00:00.000Z,1403,5821972,62.61,3548,5409116,58.17,6159,15402,0.17,0,0,0,59.75,0.02,40.23
2021-08-01T00:00:00.000Z,3073,5825045,62.64,3361,5412477,58.2,31047,46449,0.5,0,0,0,59.91,0.02,40.06
2021-08-02T00:00:00.000Z,3126,5828171,62.67,3166,5415643,58.24,58511,104960,1.13,0,0,0,60.06,0.03,39.91
2021-08-03T00:00:00.000Z,3380,5831551,62.71,3320,5418963,58.27,78951,183911,1.98,0,0,0,60.21,0.03,39.76
2021-08-04T00:00:00.000Z,3520,5835071,62.75,3246,5422209,58.31,80762,264673,2.85,0,0,0,60.34,0.03,39.63
2021-08-05T00:00:00.000Z,4504,5839575,62.8,3566,5425775,58.35,88442,353115,3.8,0,0,0,60.49,0.04,39.47
2021-08-06T00:00:00.000Z,2430,5842005,62.82,1845,5427620,58.37,44741,397856,4.28,0,0,0,60.6,0.04,39.36
2021-08-07T00:00:00.000Z,1027,5843032,62.83,697,5428317,58.37,27352,425208,4.57,0,0,0,60.63,0.04,39.32
2021-08-08T00:00:00.000Z,4988,5848020,62.89,3075,5431392,58.41,80085,505293,5.43,0,0,0,60.68,0.04,39.28
2021-08-09T00:00:00.000Z,5336,5853356,62.94,3053,5434445,58.44,76487,581780,6.26,0,0,0,60.72,0.04,39.24
2021-08-10T00:00:00.000Z,5544,5858900,63,3198,5437643,58.47,75426,657206,7.07,0,0,0,60.75,0.04,39.2
2021-08-11T00:00:00.000Z,5691,5864591,63.06,2936,5440579,58.51,62635,719841,7.74,0,0,0,60.79,0.04,39.17
2021-08-12T00:00:00.000Z,7025,5871616,63.14,3284,5443863,58.54,59459,779300,8.38,0,0,0,60.83,0.04,39.12
2021-08-13T00:00:00.000Z,3812,5875428,63.18,2060,5445923,58.56,43869,823169,8.85,0,0,0,60.84,0.05,39.11
2021-08-14T00:00:00.000Z,2248,5877676,63.21,849,5446772,58.57,44484,867653,9.33,0,0,0,60.85,0.05,39.1
2021-08-15T00:00:00.000Z,7140,5884816,63.28,4529,5451301,58.62,97977,965630,10.38,0,0,0,60.89,0.05,39.06
2021-08-16T00:00:00.000Z,6984,5891800,63.36,4739,5456040,58.67,89513,1055143,11.35,0,0,0,60.92,0.04,39.03
2021-08-17T00:00:00.000Z,7570,5899370,63.44,5130,5461170,58.73,83315,1138458,12.24,0,0,0,60.96,0.04,39
2021-08-18T00:00:00.000Z,8635,5908005,63.53,4600,5465770,58.78,69259,1207717,12.99,0,0,0,60.99,0.04,38.96
2021-08-19T00:00:00.000Z,10071,5918076,63.64,5212,5470982,58.83,65971,1273688,13.7,0,0,0,61.03,0.04,38.92
2021-08-20T00:00:00.000Z,4763,5922839,63.69,2823,5473805,58.86,60447,1334135,14.35,0,0,0,61.05,0.05,38.9
2021-08-21T00:00:00.000Z,3492,5926331,63.73,1575,5475380,58.88,50723,1384858,14.89,0,0,0,61.06,0.05,38.89
2021-08-22T00:00:00.000Z,9822,5936153,63.83,4801,5480181,58.93,105100,1489958,16.02,0,0,0,61.12,0.04,38.84
2021-08-23T00:00:00.000Z,10930,5947083,63.95,4442,5484623,58.98,94011,1583969,17.03,0,0,0,61.17,0.04,38.79
2021-08-24T00:00:00.000Z,11725,5958808,64.08,4696,5489319,59.03,98534,1682503,18.09,0,0,0,61.23,0.04,38.73
2021-08-25T00:00:00.000Z,9613,5968421,64.18,4477,5493796,59.08,99524,1782027,19.16,0,0,0,61.29,0.04,38.67
2021-08-26T00:00:00.000Z,10107,5978528,64.29,5053,5498849,59.13,101207,1883234,20.25,0,0,0,61.36,0.03,38.61
2021-08-27T00:00:00.000Z,4324,5982852,64.34,2778,5501627,59.16,56689,1939923,20.86,0,0,0,61.35,0.04,38.61
2021-08-28T00:00:00.000Z,3697,5986549,64.38,1495,5503122,59.18,33536,1973459,21.22,0,0,0,61.4,0.04,38.57
2021-08-29T00:00:00.000Z,10326,5996875,64.49,5931,5509053,59.24,79525,2052984,22.08,0,0,0,61.46,0.03,38.5
2021-08-30T00:00:00.000Z,12335,6009210,64.62,7012,5516065,59.32,115989,2168973,23.32,0,0,0,61.53,0.03,38.44
2021-08-31T00:00:00.000Z,12077,6021287,64.75,6521,5522586,59.39,114861,2283834,24.56,0,0,0,61.6,0.03,38.37
2021-09-01T00:00:00.000Z,9036,6030323,64.85,6029,5528615,59.45,112474,2396308,25.77,0,0,0,61.43,0.03,38.54
2021-09-02T00:00:00.000Z,8783,6039106,64.94,7175,5535790,59.53,111524,2507832,26.97,0,0,0,61.49,0.03,38.48
2021-09-03T00:00:00.000Z,3746,6042852,64.98,4109,5539899,59.57,58878,2566710,27.6,0,0,0,61.56,0.03,38.42
2021-09-04T00:00:00.000Z,2691,6045543,65.01,2017,5541916,59.59,29945,2596655,27.92,0,0,0,61.59,0.03,38.38
2021-09-05T00:00:00.000Z,6992,6052535,65.09,6456,5548372,59.66,73319,2669974,28.71,0,0,0,61.68,0.03,38.29
2021-09-06T00:00:00.000Z,2829,6055364,65.12,2706,5551078,59.69,22794,2692768,28.96,0,0,0,61.77,0.03,38.2
2021-09-07T00:00:00.000Z,1198,6056562,65.13,875,5551953,59.7,5396,2698164,29.01,0,0,0,61.85,0.03,38.12
2021-09-08T00:00:00.000Z,1378,6057940,65.14,1190,5553143,59.72,6619,2704783,29.09,0,0,0,61.93,0.03,38.05
2021-09-09T00:00:00.000Z,7087,6065027,65.22,12564,5565707,59.85,73839,2778622,29.88,0,0,0,62.02,0.03,37.95
2021-09-10T00:00:00.000Z,3255,6068282,65.26,5011,5570718,59.9,37931,2816553,30.29,0,0,0,62.06,0.03,37.91
2021-09-11T00:00:00.000Z,2106,6070388,65.28,2501,5573219,59.93,14815,2831368,30.45,0,0,0,62.08,0.03,37.89
2021-09-12T00:00:00.000Z,6112,6076500,65.34,8583,5581802,60.02,54122,2885490,31.03,0,0,0,62.16,0.03,37.81
2021-09-13T00:00:00.000Z,5607,6082107,65.4,8255,5590057,60.11,47977,2933467,31.55,0,0,0,62.15,0.03,37.82
2021-09-14T00:00:00.000Z,4958,6087065,65.46,7416,5597473,60.19,48848,2982315,32.07,0,0,0,62.2,0.03,37.77
2021-09-15T00:00:00.000Z,1745,6088810,65.48,2713,5600186,60.22,16683,2998998,32.25,0,0,0,62.25,0.03,37.72
2021-09-16T00:00:00.000Z,339,6089149,65.48,545,5600731,60.23,1740,3000738,32.27,0,0,0,62.37,0.03,37.6
2021-09-17T00:00:00.000Z,3680,6092829,65.52,7013,5607744,60.3,42897,3043635,32.73,0,0,0,62.42,0.03,37.54
2021-09-18T00:00:00.000Z,2255,6095084,65.54,2941,5610685,60.33,12782,3056417,32.87,0,0,0,62.45,0.03,37.52
2021-09-19T00:00:00.000Z,5940,6101024,65.61,10709,5621394,60.45,44328,3100745,33.34,0,0,0,62.55,0.03,37.42
2021-09-20T00:00:00.000Z,3243,6104267,65.64,4642,5626036,60.5,16703,3117448,33.52,0,0,0,62.63,0.03,37.34
2021-09-21T00:00:00.000Z,1335,6105602,65.66,2054,5628090,60.52,3474,3120922,33.56,0,0,0,62.69,0.03,37.28
2021-09-22T00:00:00.000Z,4256,6109858,65.7,7243,5635333,60.6,25069,3145991,33.83,0,0,0,62.72,0.03,37.25
2021-09-23T00:00:00.000Z,4386,6114244,65.75,5903,5641236,60.66,27831,3173822,34.13,0,0,0,62.75,0.03,37.22
2021-09-24T00:00:00.000Z,3199,6117443,65.78,4183,5645419,60.71,27718,3201540,34.43,0,0,0,62.82,0.03,37.15
2021-09-25T00:00:00.000Z,2073,6119516,65.81,2256,5647675,60.73,10440,3211980,34.54,0,0,0,62.85,0.03,37.12
2021-09-26T00:00:00.000Z,5604,6125120,65.87,5968,5653643,60.8,36262,3248242,34.93,0,0,0,62.96,0.03,37
2021-09-27T00:00:00.000Z,4692,6129812,65.92,4466,5658109,60.84,30450,3278692,35.26,0,0,0,63.02,0.03,36.94
2021-09-28T00:00:00.000Z,1466,6131278,65.93,1179,5659288,60.86,6249,3284941,35.32,0,0,0,63.06,0.04,36.91
2021-09-29T00:00:00.000Z,9620,6140898,66.04,8343,5667631,60.95,60321,3345262,35.97,0,0,0,63.13,0.03,36.84
2021-09-30T00:00:00.000Z,10970,6151868,66.15,8569,5676200,61.04,79685,3424947,36.83,0,0,0,63.18,0.03,36.79
2021-10-01T00:00:00.000Z,5120,6156988,66.21,3871,5680071,61.08,46537,3471484,37.33,0,0,0,63.23,0.03,36.73
2021-10-02T00:00:00.000Z,2859,6159847,66.24,2123,5682194,61.1,22429,3493913,37.57,0,0,0,63.26,0.03,36.71
2021-10-03T00:00:00.000Z,11667,6171514,66.37,7272,5689466,61.18,70722,3564635,38.33,0,0,0,63.35,0.03,36.62
2021-10-04T00:00:00.000Z,10315,6181829,66.48,6755,5696221,61.25,51905,3616540,38.89,0,0,0,63.4,0.03,36.57
2021-10-05T00:00:00.000Z,8456,6190285,66.57,5307,5701528,61.31,40473,3657013,39.33,0,0,0,63.41,0.03,36.55
2021-10-06T00:00:00.000Z,7539,6197824,66.65,4175,5705703,61.36,34135,3691148,39.69,0,0,0,63.52,0.03,36.45
2021-10-07T00:00:00.000Z,6891,6204715,66.72,4006,5709709,61.4,34055,3725203,40.06,0,0,0,63.63,0.03,36.34
2021-10-08T00:00:00.000Z,3085,6207800,66.76,2637,5712346,61.43,19242,3744445,40.27,0,0,0,63.68,0.03,36.29
2021-10-09T00:00:00.000Z,1335,6209135,66.77,1441,5713787,61.44,7440,3751885,40.35,0,0,0,63.71,0.03,36.26
2021-10-10T00:00:00.000Z,4674,6213809,66.82,3742,5717529,61.48,21514,3773399,40.58,0,0,0,63.82,0.04,36.14
2021-10-11T00:00:00.000Z,4294,6218103,66.87,2941,5720470,61.52,17258,3790657,40.76,0,0,0,63.91,0.04,36.05
2021-10-12T00:00:00.000Z,3973,6222076,66.91,3003,5723473,61.55,15354,3806011,40.93,0,0,0,63.99,0.05,35.96
2021-10-13T00:00:00.000Z,3482,6225558,66.95,2446,5725919,61.57,13582,3819593,41.07,0,0,0,64.09,0.05,35.86
2021-10-14T00:00:00.000Z,3866,6229424,66.99,2682,5728601,61.6,16563,3836156,41.25,0,0,0,64.19,0.06,35.75
2021-10-15T00:00:00.000Z,1699,6231123,67.01,1680,5730281,61.62,9005,3845161,41.35,0,0,0,64.23,0.07,35.7
2021-10-16T00:00:00.000Z,725,6231848,67.01,953,5731234,61.63,4034,3849195,41.39,0,0,0,64.25,0.08,35.67
2021-10-17T00:00:00.000Z,3089,6234937,67.05,2521,5733755,61.66,12790,3861985,41.53,0,0,0,64.36,0.09,35.56
2021-10-18T00:00:00.000Z,2454,6237391,67.07,1683,5735438,61.68,10065,3872050,41.64,0,0,0,64.43,0.1,35.47
2021-10-19T00:00:00.000Z,2395,6239786,67.1,1277,5736715,61.69,9296,3881346,41.74,0,0,0,64.49,0.1,35.4
2021-10-20T00:00:00.000Z,2432,6242218,67.13,2302,5739017,61.71,10091,3891437,41.85,0,0,0,64.14,0.52,35.34
2021-10-21T00:00:00.000Z,3031,6245249,67.16,3089,5742106,61.75,12159,3903596,41.98,0,0,0,54.23,10.41,35.36
2021-10-22T00:00:00.000Z,1274,6246523,67.17,1428,5743534,61.76,5827,3909423,42.04,0,0,0,54.36,10.26,35.38
2021-10-23T00:00:00.000Z,570,6247093,67.18,1262,5744796,61.78,2560,3911983,42.07,0,0,0,54.42,10.19,35.39
2021-10-24T00:00:00.000Z,2514,6249607,67.21,2652,5747448,61.81,9851,3921834,42.17,0,0,0,54.22,10.43,35.35
2021-10-25T00:00:00.000Z,2632,6252239,67.23,2742,5750190,61.83,8504,3930338,42.26,0,0,0,54.59,10.22,35.19
2021-10-26T00:00:00.000Z,2375,6254614,67.26,2048,5752238,61.86,8517,3938855,42.36,0,0,0,54.64,10.26,35.1
2021-10-27T00:00:00.000Z,2285,6256899,67.28,2561,5754799,61.88,7950,3946805,42.44,0,0,0,54.58,10.37,35.06
2021-10-28T00:00:00.000Z,2497,6259396,67.31,2771,5757570,61.91,8660,3955465,42.54,0,0,0,54.69,10.76,34.55
2021-10-29T00:00:00.000Z,897,6260293,67.32,1145,5758715,61.93,4129,3959594,42.58,0,0,0,54.73,10.75,34.52
2021-10-30T00:00:00.000Z,363,6260656,67.32,529,5759244,61.93,1709,3961303,42.6,0,0,0,54.68,10.81,34.52
2021-10-31T00:00:00.000Z,2259,6262915,67.35,2491,5761735,61.96,8250,3969553,42.69,0,0,0,54.83,10.7,34.47
2021-11-01T00:00:00.000Z,1733,6264648,67.37,2089,5763824,61.98,6477,3976030,42.76,0,0,0,54.95,10.63,34.42
2021-11-02T00:00:00.000Z,2024,6266672,67.39,2042,5765866,62,6286,3982316,42.82,0,0,0,54.89,10.69,34.42
2021-11-03T00:00:00.000Z,1759,6268431,67.41,1891,5767757,62.02,5550,3987866,42.88,0,0,0,54.86,10.75,34.39
2021-11-04T00:00:00.000Z,2105,6270536,67.43,2799,5770556,62.05,7126,3994992,42.96,0,0,0,54.85,10.81,34.33
2021-11-05T00:00:00.000Z,783,6271319,67.44,900,5771456,62.06,3477,3998469,43,0,0,0,54.85,10.83,34.32
2021-11-06T00:00:00.000Z,345,6271664,67.44,384,5771840,62.07,1371,3999840,43.01,0,0,0,54.82,10.86,34.32
2021-11-07T00:00:00.000Z,1578,6273242,67.46,1768,5773608,62.09,6131,4005971,43.08,0,0,0,54.92,10.8,34.28
2021-11-08T00:00:00.000Z,1516,6274758,67.48,1599,5775207,62.1,5405,4011376,43.14,0,0,0,55.01,10.75,34.24
2021-11-09T00:00:00.000Z,1428,6276186,67.49,1603,5776810,62.12,5328,4016704,43.19,0,0,0,55.05,10.74,34.21
2021-11-10T00:00:00.000Z,1421,6277607,67.51,1654,5778464,62.14,4776,4021480,43.24,0,0,0,55.08,10.73,34.19
2021-11-11T00:00:00.000Z,1624,6279231,67.52,1941,5780405,62.16,5708,4027188,43.31,0,0,0,55.15,10.69,34.15
2021-11-12T00:00:00.000Z,632,6279863,67.53,820,5781225,62.17,2920,4030108,43.34,0,0,0,55.17,10.69,34.14
2021-11-13T00:00:00.000Z,254,6280117,67.53,284,5781509,62.17,1126,4031234,43.35,0,0,0,55.14,10.72,34.14
2021-11-14T00:00:00.000Z,1536,6281653,67.55,1636,5783145,62.19,5108,4036342,43.4,0,0,0,55.21,10.68,34.11
2021-11-15T00:00:00.000Z,1272,6282925,67.56,1618,5784763,62.21,4766,4041108,43.46,0,0,0,55.28,10.63,34.09
2021-11-16T00:00:00.000Z,1270,6284195,67.58,1410,5786173,62.22,4339,4045447,43.5,0,0,0,55.32,10.62,34.07
2021-11-17T00:00:00.000Z,1201,6285396,67.59,1559,5787732,62.24,3908,4049355,43.54,0,0,0,55.35,10.6,34.05
2021-11-18T00:00:00.000Z,1359,6286755,67.6,1686,5789418,62.26,5004,4054359,43.6,0,0,0,55.41,10.58,34.02
2021-11-19T00:00:00.000Z,588,6287343,67.61,760,5790178,62.26,2451,4056810,43.62,0,0,0,55.42,10.57,34.01
2021-11-20T00:00:00.000Z,236,6287579,67.61,254,5790432,62.27,926,4057736,43.63,0,0,0,55.41,10.58,34
2021-11-21T00:00:00.000Z,1410,6288989,67.63,1537,5791969,62.28,4875,4062611,43.69,0,0,0,55.47,10.54,33.98
2021-11-22T00:00:00.000Z,1680,6290669,67.65,1516,5793485,62.3,4233,4066844,43.73,0,0,0,55.54,10.5,33.96
2021-11-23T00:00:00.000Z,8616,6299285,67.74,1678,5795163,62.32,3999,4070843,43.78,0,0,0,55.57,10.48,33.95
2021-11-24T00:00:00.000Z,9348,6308633,67.84,1314,5796477,62.33,3919,4074762,43.82,0,0,0,55.6,10.44,33.95
2021-11-25T00:00:00.000Z,9810,6318443,67.95,1599,5798076,62.35,4833,4079595,43.87,0,0,0,55.64,10.43,33.93
2021-11-26T00:00:00.000Z,5611,6324054,68.01,745,5798821,62.36,2797,4082392,43.9,0,0,0,55.63,10.45,33.92
2021-11-27T00:00:00.000Z,4777,6328831,68.06,322,5799143,62.36,1160,4083552,43.91,0,0,0,55.62,10.46,33.92
2021-11-28T00:00:00.000Z,10149,6338980,68.17,1475,5800618,62.38,4898,4088450,43.97,0,0,0,55.67,10.43,33.9
2021-11-29T00:00:00.000Z,9040,6348020,68.26,1129,5801747,62.39,4367,4092817,44.01,0,0,0,55.73,10.39,33.88
2021-11-30T00:00:00.000Z,10042,6358062,68.37,1031,5802778,62.4,4082,4096899,44.06,0,0,0,55.77,10.37,33.86
2021-12-01T00:00:00.000Z,8624,6366686,68.46,1093,5803871,62.41,4435,4101334,44.1,5,5,0,55.79,10.36,33.84
2021-12-02T00:00:00.000Z,9169,6375855,68.56,1448,5805319,62.43,5117,4106451,44.16,6,11,0,55.84,10.34,33.82
2021-12-03T00:00:00.000Z,6331,6382186,68.63,670,5805989,62.43,2862,4109313,44.19,1,12,0,55.86,10.33,33.81
2021-12-04T00:00:00.000Z,2508,6384694,68.66,233,5806222,62.44,915,4110228,44.2,3,15,0,55.85,10.34,33.81
2021-12-05T00:00:00.000Z,8333,6393027,68.75,1252,5807474,62.45,4679,4114907,44.25,1,16,0,55.9,10.31,33.79
2021-12-06T00:00:00.000Z,6722,6399749,68.82,1194,5808668,62.46,4346,4119253,44.3,4,20,0,55.95,10.27,33.78
2021-12-07T00:00:00.000Z,5553,6405302,68.88,1497,5810165,62.48,3958,4123211,44.34,9,29,0,55.99,10.25,33.76
2021-12-08T00:00:00.000Z,4930,6410232,68.93,1198,5811363,62.49,3874,4127085,44.38,10,39,0,56.03,10.22,33.75
2021-12-09T00:00:00.000Z,6237,6416469,69,1235,5812598,62.51,4499,4131584,44.43,8,47,0,56.08,10.19,33.73
2021-12-10T00:00:00.000Z,3005,6419474,69.03,700,5813298,62.51,2676,4134260,44.46,4,51,0,56.1,10.18,33.72
2021-12-11T00:00:00.000Z,1491,6420965,69.05,251,5813549,62.52,1012,4135272,44.47,0,51,0,56.1,10.18,33.71
2021-12-12T00:00:00.000Z,7272,6428237,69.13,1442,5814991,62.53,5246,4140518,44.53,3,54,0,56.16,10.15,33.69
2021-12-13T00:00:00.000Z,6176,6434413,69.19,1371,5816362,62.55,4346,4144864,44.57,5,59,0,56.21,10.11,33.67
2021-12-14T00:00:00.000Z,7315,6441728,69.27,6100,5822462,62.61,4929,4149793,44.62,11,70,0,56.27,10.09,33.65
2021-12-15T00:00:00.000Z,7203,6448931,69.35,7401,5829863,62.69,5439,4155232,44.68,7,77,0,56.34,10.06,33.6
2021-12-16T00:00:00.000Z,8079,6457010,69.44,8609,5838472,62.78,6554,4161786,44.75,8,85,0,56.53,10.05,33.42
2021-12-17T00:00:00.000Z,4403,6461413,69.48,5136,5843608,62.84,3946,4165732,44.8,3,88,0,56.64,10.05,33.3
2021-12-18T00:00:00.000Z,3940,6465353,69.53,2913,5846521,62.87,1353,4167085,44.81,2,90,0,56.73,10.07,33.2
2021-12-19T00:00:00.000Z,6980,6472333,69.6,9331,5855852,62.97,6268,4173353,44.88,5,95,0,56.92,10.04,33.04
2021-12-20T00:00:00.000Z,7968,6480301,69.69,7515,5863367,63.05,5438,4178791,44.94,9,104,0,57.07,10.02,32.91
2021-12-21T00:00:00.000Z,9546,6489847,69.79,8645,5872012,63.14,6480,4185271,45.01,8,112,0,57.27,10.01,32.71
2021-12-22T00:00:00.000Z,9664,6499511,69.89,8148,5880160,63.23,6241,4191512,45.07,12,124,0,57.49,10,32.52
2021-12-23T00:00:00.000Z,11539,6511050,70.02,10261,5890421,63.34,8138,4199650,45.16,15,139,0,57.7,9.97,32.33
2021-12-24T00:00:00.000Z,5868,6516918,70.08,6240,5896661,63.41,5274,4204924,45.22,12,151,0,57.83,9.96,32.21
2021-12-25T00:00:00.000Z,3338,6520256,70.12,2565,5899226,63.44,2020,4206944,45.24,6,157,0,57.9,9.96,32.15
2021-12-26T00:00:00.000Z,10653,6530909,70.23,8907,5908133,63.53,8193,4215137,45.33,8,165,0,58.1,9.92,31.98
2021-12-27T00:00:00.000Z,10368,6541277,70.34,7144,5915277,63.61,8182,4223319,45.42,21,186,0,58.27,9.9,31.83
2021-12-28T00:00:00.000Z,11373,6552650,70.46,7451,5922728,63.69,9626,4232945,45.52,24,210,0,58.46,9.88,31.66
2021-12-29T00:00:00.000Z,9934,6562584,70.57,5959,5928687,63.75,8364,4241309,45.61,17,227,0,58.64,9.85,31.51
2021-12-30T00:00:00.000Z,11008,6573592,70.69,7734,5936421,63.84,12237,4253546,45.74,10,237,0,58.84,9.82,31.34
2021-12-31T00:00:00.000Z,4828,6578420,70.74,3671,5940092,63.88,7291,4260837,45.82,134,371,0,58.9,9.79,31.3
2022-01-01T00:00:00.000Z,1992,6580412,70.76,1591,5941683,63.89,2741,4263578,45.85,65,436,0,58.93,9.79,31.28
2022-01-02T00:00:00.000Z,10215,6590627,70.87,6486,5948169,63.96,13000,4276578,45.99,590,1026,0.01,59.14,9.76,31.1
2022-01-03T00:00:00.000Z,9382,6600009,70.97,5257,5953426,64.02,11328,4287906,46.11,25055,26081,0.28,59.29,9.71,31
2022-01-04T00:00:00.000Z,8969,6608978,71.07,5944,5959370,64.08,10519,4298425,46.22,50653,76734,0.83,59.46,9.68,30.86
2022-01-05T00:00:00.000Z,8552,6617530,71.16,5736,5965106,64.15,10487,4308912,46.34,59580,136314,1.47,59.56,9.65,30.79
2022-01-06T00:00:00.000Z,10339,6627869,71.27,7959,5973065,64.23,13526,4322438,46.48,63993,200307,2.15,59.81,9.63,30.56
2022-01-07T00:00:00.000Z,4755,6632624,71.32,4555,5977620,64.28,8152,4330590,46.57,31133,231440,2.49,59.89,9.61,30.49
2022-01-08T00:00:00.000Z,2750,6635374,71.35,2451,5980071,64.31,5499,4336089,46.63,27628,259068,2.79,59.9,9.64,30.46
2022-01-09T00:00:00.000Z,9308,6644682,71.45,7722,5987793,64.39,11862,4347951,46.76,66760,325828,3.5,60.06,9.59,30.35
2022-01-10T00:00:00.000Z,8353,6653035,71.54,7645,5995438,64.47,11871,4359822,46.88,64762,390590,4.2,60.21,9.54,30.25
2022-01-11T00:00:00.000Z,8103,6661138,71.63,8622,6004060,64.56,11966,4371788,47.01,56652,447242,4.81,60.38,9.49,30.13
2022-01-12T00:00:00.000Z,7279,6668417,71.71,8306,6012366,64.65,11106,4382894,47.13,44625,491867,5.29,60.51,9.45,30.04
2022-01-13T00:00:00.000Z,7510,6675927,71.79,9615,6021981,64.76,11538,4394432,47.26,34754,526621,5.66,60.7,9.35,29.94
2022-01-14T00:00:00.000Z,2555,6678482,71.82,4931,6026912,64.81,6138,4400570,47.32,11138,537759,5.78,60.79,9.31,29.9
2022-01-15T00:00:00.000Z,1466,6679948,71.83,3166,6030078,64.84,3878,4404448,47.36,5715,543474,5.84,60.83,9.29,29.87
2022-01-16T00:00:00.000Z,3818,6683766,71.87,8523,6038601,64.94,7679,4412127,47.45,19989,563463,6.06,60.97,9.2,29.82
2022-01-17T00:00:00.000Z,2808,6686574,71.9,7045,6045646,65.01,6167,4418294,47.51,17836,581299,6.25,61.09,9.13,29.78
2022-01-18T00:00:00.000Z,2475,6689049,71.93,7382,6053028,65.09,5523,4423817,47.57,14814,596113,6.41,61.23,9.07,29.7
2022-01-19T00:00:00.000Z,1914,6690963,71.95,6364,6059392,65.16,4515,4428332,47.62,8458,604571,6.5,61.37,8.98,29.65
2022-01-20T00:00:00.000Z,1779,6692742,71.97,6965,6066357,65.23,4785,4433117,47.67,8040,612611,6.59,61.44,8.85,29.71
2022-01-21T00:00:00.000Z,904,6693646,71.98,3725,6070082,65.27,2637,4435754,47.7,3358,615969,6.62,61.51,8.81,29.68
2022-01-22T00:00:00.000Z,328,6693974,71.98,1461,6071543,65.29,1060,4436814,47.71,1113,617082,6.64,61.51,8.75,29.74
2022-01-23T00:00:00.000Z,1066,6695040,72,5628,6077171,65.35,2874,4439688,47.74,6081,623163,6.7,61.61,8.7,29.69
2022-01-24T00:00:00.000Z,758,6695798,72,4481,6081652,65.4,2259,4441947,47.77,5054,628217,6.76,61.73,8.62,29.65
2022-01-25T00:00:00.000Z,741,6696539,72.01,4398,6086050,65.45,2172,4444119,47.79,7102,635319,6.83,61.9,8.51,29.59
2022-01-26T00:00:00.000Z,614,6697153,72.02,3283,6089333,65.48,1604,4445723,47.81,4261,639580,6.88,62.02,8.42,29.57
2022-01-27T00:00:00.000Z,797,6697950,72.03,4405,6093738,65.53,2001,4447724,47.83,5439,645019,6.94,62.12,8.35,29.52
2022-01-28T00:00:00.000Z,395,6698345,72.03,2372,6096110,65.55,1171,4448895,47.84,3449,648468,6.97,62.16,8.33,29.5
2022-01-29T00:00:00.000Z,124,6698469,72.03,1045,6097155,65.57,424,4449319,47.85,1161,649629,6.99,62.23,8.29,29.48
2022-01-30T00:00:00.000Z,768,6699237,72.04,4719,6101874,65.62,2016,4451335,47.87,8098,657727,7.07,62.3,8.24,29.46
2022-01-31T00:00:00.000Z,528,6699765,72.05,3184,6105058,65.65,1608,4452943,47.88,6472,664199,7.14,62.39,8.17,29.43
2022-02-01T00:00:00.000Z,478,6700243,72.05,2805,6107863,65.68,1517,4454460,47.9,5719,669918,7.2,62.45,8.15,29.4
2022-02-02T00:00:00.000Z,373,6700616,72.06,2390,6110253,65.71,1379,4455839,47.92,5073,674991,7.26,62.28,8.13,29.59
2022-02-03T00:00:00.000Z,445,6701061,72.06,2775,6113028,65.74,1454,4457293,47.93,5605,680596,7.32,62.34,8.08,29.57
2022-02-04T00:00:00.000Z,174,6701235,72.06,989,6114017,65.75,753,4458046,47.94,2454,683050,7.35,62.37,8.06,29.57
2022-02-05T00:00:00.000Z,62,6701297,72.06,340,6114357,65.75,215,4458261,47.94,420,683470,7.35,62.34,8.09,29.56
2022-02-06T00:00:00.000Z,407,6701704,72.07,2320,6116677,65.78,1343,4459604,47.96,5685,689155,7.41,62.41,8.05,29.55
2022-02-07T00:00:00.000Z,282,6701986,72.07,1306,6117983,65.79,980,4460584,47.97,5960,695115,7.47,62.47,8.01,29.52
2022-02-08T00:00:00.000Z,315,6702301,72.07,1497,6119480,65.81,1064,4461648,47.98,6137,701252,7.54,62.54,7.97,29.49
2022-02-09T00:00:00.000Z,253,6702554,72.08,1102,6120582,65.82,941,4462589,47.99,4570,705822,7.59,62.6,7.95,29.45
2022-02-10T00:00:00.000Z,270,6702824,72.08,1293,6121875,65.83,931,4463520,48,4815,710637,7.64,62.63,7.93,29.44
2022-02-11T00:00:00.000Z,211,6703035,72.08,555,6122430,65.84,514,4464034,48,2536,713173,7.67,62.67,7.91,29.42
2022-02-12T00:00:00.000Z,31,6703066,72.08,90,6122520,65.84,127,4464161,48.01,268,713441,7.67,62.67,7.91,29.41
2022-02-13T00:00:00.000Z,286,6703352,72.08,945,6123465,65.85,964,4465125,48.02,4996,718437,7.73,62.73,7.87,29.39
2022-02-14T00:00:00.000Z,179,6703531,72.09,626,6124091,65.86,747,4465872,48.02,3143,721580,7.76,62.89,7.74,29.36
2022-02-15T00:00:00.000Z,265,6703796,72.09,764,6124855,65.86,928,4466800,48.03,3816,725396,7.8,62.92,7.73,29.35
2022-02-16T00:00:00.000Z,179,6703975,72.09,577,6125432,65.87,800,4467600,48.04,2487,727883,7.83,62.95,7.72,29.34
2022-02-17T00:00:00.000Z,246,6704221,72.09,738,6126170,65.88,771,4468371,48.05,3059,730942,7.86,62.96,7.7,29.34
2022-02-18T00:00:00.000Z,129,6704350,72.1,337,6126507,65.88,433,4468804,48.06,1118,732060,7.87,62.98,7.69,29.33
2022-02-19T00:00:00.000Z,33,6704383,72.1,83,6126590,65.88,80,4468884,48.06,79,732139,7.87,62.99,7.69,29.32
2022-02-20T00:00:00.000Z,202,6704585,72.1,604,6127194,65.89,717,4469601,48.06,2574,734713,7.9,63.01,7.67,29.32
2022-02-21T00:00:00.000Z,173,6704758,72.1,412,6127606,65.89,488,4470089,48.07,1542,736255,7.92,63.04,7.65,29.31
2022-02-22T00:00:00.000Z,158,6704916,72.1,454,6128060,65.9,561,4470650,48.08,1870,738125,7.94,63.05,7.65,29.3
2022-02-23T00:00:00.000Z,109,6705025,72.1,352,6128412,65.9,450,4471100,48.08,1152,739277,7.95,63.06,7.65,29.29
2022-02-24T00:00:00.000Z,138,6705163,72.1,454,6128866,65.91,563,4471663,48.09,1492,740769,7.97,63.05,7.66,29.29
2022-02-25T00:00:00.000Z,58,6705221,72.1,139,6129005,65.91,188,4471851,48.09,455,741224,7.97,63.06,7.66,29.28
2022-02-26T00:00:00.000Z,15,6705236,72.1,28,6129033,65.91,156,4472007,48.09,35,741259,7.97,63.05,7.67,29.28
2022-02-27T00:00:00.000Z,111,6705347,72.11,341,6129374,65.91,448,4472455,48.09,1118,742377,7.98,63.05,7.67,29.28
2022-02-28T00:00:00.000Z,109,6705456,72.11,271,6129645,65.92,419,4472874,48.1,906,743283,7.99,63.07,7.65,29.28
2022-03-01T00:00:00.000Z,95,6705551,72.11,280,6129925,65.92,372,4473246,48.1,796,744079,8,63.1,7.63,29.27
2022-03-02T00:00:00.000Z,77,6705628,72.11,198,6130123,65.92,323,4473569,48.11,694,744773,8.01,63.11,7.62,29.27
2022-03-03T00:00:00.000Z,157,6705785,72.11,369,6130492,65.92,496,4474065,48.11,985,745758,8.02,63.05,7.67,29.27
2022-03-04T00:00:00.000Z,52,6705837,72.11,167,6130659,65.93,165,4474230,48.11,227,745985,8.02,63.05,7.68,29.27
2022-03-05T00:00:00.000Z,4,6705841,72.11,25,6130684,65.93,43,4474273,48.11,32,746017,8.02,63.04,7.69,29.27
2022-03-06T00:00:00.000Z,98,6705939,72.11,258,6130942,65.93,414,4474687,48.12,759,746776,8.03,63.04,7.69,29.27
2022-03-07T00:00:00.000Z,87,6706026,72.11,259,6131201,65.93,346,4475033,48.12,604,747380,8.04,63.05,7.69,29.26
2022-03-08T00:00:00.000Z,98,6706124,72.11,263,6131464,65.93,333,4475366,48.13,550,747930,8.04,63.04,7.7,29.26
2022-03-09T00:00:00.000Z,88,6706212,72.12,212,6131676,65.94,332,4475698,48.13,492,748422,8.05,63.02,7.72,29.25
2022-03-10T00:00:00.000Z,113,6706325,72.12,373,6132049,65.94,426,4476124,48.13,616,749038,8.05,63.01,7.74,29.25
2022-03-11T00:00:00.000Z,24,6706349,72.12,86,6132135,65.94,122,4476246,48.14,144,749182,8.06,63,7.75,29.25
2022-03-12T00:00:00.000Z,10,6706359,72.12,10,6132145,65.94,31,4476277,48.14,28,749210,8.06,62.98,7.77,29.24
2022-03-13T00:00:00.000Z,100,6706459,72.12,271,6132416,65.94,358,4476635,48.14,594,749804,8.06,62.98,7.78,29.24
2022-03-14T00:00:00.000Z,65,6706524,72.12,252,6132668,65.95,316,4476951,48.14,559,750363,8.07,62.98,7.78,29.24
2022-03-15T00:00:00.000Z,79,6706603,72.12,183,6132851,65.95,291,4477242,48.15,587,750950,8.08,62.95,7.81,29.24
2022-03-16T00:00:00.000Z,75,6706678,72.12,205,6133056,65.95,301,4477543,48.15,668,751618,8.08,62.94,7.82,29.24
2022-03-17T00:00:00.000Z,65,6706743,72.12,121,6133177,65.95,286,4477829,48.15,613,752231,8.09,62.94,7.82,29.24
2022-03-18T00:00:00.000Z,19,6706762,72.12,54,6133231,65.95,99,4477928,48.15,234,752465,8.09,62.94,7.82,29.24
2022-03-19T00:00:00.000Z,5,6706767,72.12,10,6133241,65.95,27,4477955,48.15,38,752503,8.09,62.89,7.88,29.23
2022-03-20T00:00:00.000Z,119,6706886,72.12,258,6133499,65.96,486,4478441,48.16,1428,753931,8.11,62.87,7.89,29.23
2022-03-21T00:00:00.000Z,97,6706983,72.12,246,6133745,65.96,374,4478815,48.16,1132,755063,8.12,62.87,7.9,29.23
2022-03-22T00:00:00.000Z,140,6707123,72.13,341,6134086,65.96,505,4479320,48.17,1769,756832,8.14,62.84,7.94,29.23
2022-03-23T00:00:00.000Z,109,6707232,72.13,211,6134297,65.97,461,4479781,48.17,1674,758506,8.16,62.81,7.97,29.22
2022-03-24T00:00:00.000Z,175,6707407,72.13,345,6134642,65.97,765,4480546,48.18,2360,760866,8.18,62.78,8,29.22
2022-03-25T00:00:00.000Z,38,6707445,72.13,80,6134722,65.97,156,4480702,48.18,628,761494,8.19,62.78,8,29.23
2022-03-26T00:00:00.000Z,12,6707457,72.13,12,6134734,65.97,33,4480735,48.18,91,761585,8.19,62.77,8,29.22
2022-03-27T00:00:00.000Z,165,6707622,72.13,343,6135077,65.97,757,4481492,48.19,3192,764777,8.22,62.75,8.02,29.22
2022-03-28T00:00:00.000Z,113,6707735,72.13,269,6135346,65.98,621,4482113,48.2,2414,767191,8.25,62.75,8.03,29.22
2022-03-29T00:00:00.000Z,125,6707860,72.13,257,6135603,65.98,640,4482753,48.21,2770,769961,8.28,62.7,8.07,29.22
2022-03-30T00:00:00.000Z,132,6707992,72.13,207,6135810,65.98,538,4483291,48.21,2370,772331,8.31,62.81,8.11,29.07
2022-03-31T00:00:00.000Z,166,6708158,72.14,301,6136111,65.98,729,4484020,48.22,2847,775178,8.34,62.79,8.11,29.1
2022-04-01T00:00:00.000Z,122,6708280,72.14,160,6136271,65.99,274,4484294,48.22,583,775761,8.34,62.72,8.13,29.15
2022-04-02T00:00:00.000Z,6,6708286,72.14,6,6136277,65.99,35,4484329,48.22,52,775813,8.34,62.69,8.15,29.16
2022-04-03T00:00:00.000Z,159,6708445,72.14,269,6136546,65.99,569,4484898,48.23,2476,778289,8.37,62.65,8.16,29.19
2022-04-04T00:00:00.000Z,103,6708548,72.14,206,6136752,65.99,482,4485380,48.23,2218,780507,8.39,62.62,8.16,29.22
2022-04-05T00:00:00.000Z,123,6708671,72.14,219,6136971,65.99,512,4485892,48.24,2242,782749,8.42,62.57,8.19,29.25
2022-04-06T00:00:00.000Z,92,6708763,72.14,155,6137126,66,380,4486272,48.24,2017,784766,8.44,62.55,8.2,29.25
2022-04-07T00:00:00.000Z,190,6708953,72.14,215,6137341,66,641,4486913,48.25,2553,787319,8.47,62.56,8.2,29.24
2022-04-08T00:00:00.000Z,30,6708983,72.15,60,6137401,66,152,4487065,48.25,477,787796,8.47,62.54,8.22,29.23
2022-04-09T00:00:00.000Z,6,6708989,72.15,17,6137418,66,26,4487091,48.25,46,787842,8.47,62.52,8.25,29.23
2022-04-10T00:00:00.000Z,102,6709091,72.15,264,6137682,66,429,4487520,48.26,1845,789687,8.49,62.51,8.26,29.23
2022-04-11T00:00:00.000Z,78,6709169,72.15,201,6137883,66,370,4487890,48.26,1425,791112,8.51,62.54,8.26,29.2
2022-04-12T00:00:00.000Z,204,6709373,72.15,168,6138051,66.01,372,4488262,48.26,1359,792471,8.52,62.58,8.29,29.12
2022-04-13T00:00:00.000Z,119,6709492,72.15,150,6138201,66.01,296,4488558,48.27,1216,793687,8.53,62.58,8.31,29.1
2022-04-14T00:00:00.000Z,84,6709576,72.15,221,6138422,66.01,320,4488878,48.27,1068,794755,8.55,62.57,8.33,29.1
2022-04-15T00:00:00.000Z,9,6709585,72.15,51,6138473,66.01,47,4488925,48.27,80,794835,8.55,62.55,8.35,29.1
2022-04-16T00:00:00.000Z,3,6709588,72.15,8,6138481,66.01,21,4488946,48.27,29,794864,8.55,62.53,8.37,29.1
2022-04-17T00:00:00.000Z,62,6709650,72.15,131,6138612,66.01,228,4489174,48.27,807,795671,8.56,62.52,8.38,29.1
2022-04-18T00:00:00.000Z,69,6709719,72.15,107,6138719,66.01,251,4489425,48.28,749,796420,8.56,62.51,8.38,29.1
2022-04-19T00:00:00.000Z,60,6709779,72.15,143,6138862,66.01,272,4489697,48.28,840,797260,8.57,62.5,8.4,29.1
2022-04-20T00:00:00.000Z,60,6709839,72.15,117,6138979,66.02,235,4489932,48.28,651,797911,8.58,62.48,8.42,29.1
2022-04-21T00:00:00.000Z,52,6709891,72.15,107,6139086,66.02,193,4490125,48.28,479,798390,8.59,62.47,8.43,29.1
2022-04-22T00:00:00.000Z,2,6709893,72.15,16,6139102,66.02,18,4490143,48.28,16,798406,8.59,62.45,8.44,29.11
2022-04-23T00:00:00.000Z,6,6709899,72.15,9,6139111,66.02,14,4490157,48.28,13,798419,8.59,62.43,8.46,29.11
2022-04-24T00:00:00.000Z,92,6709991,72.16,250,6139361,66.02,329,4490486,48.29,870,799289,8.6,62.43,8.47,29.1
2022-04-25T00:00:00.000Z,105,6710096,72.16,191,6139552,66.02,315,4490801,48.29,738,800027,8.6,62.43,8.47,29.1
2022-04-26T00:00:00.000Z,75,6710171,72.16,175,6139727,66.02,302,4491103,48.3,786,800813,8.61,62.42,8.48,29.1
2022-04-27T00:00:00.000Z,55,6710226,72.16,160,6139887,66.03,227,4491330,48.3,638,801451,8.62,62.41,8.49,29.1
2022-04-28T00:00:00.000Z,96,6710322,72.16,232,6140119,66.03,327,4491657,48.3,869,802320,8.63,62.41,8.5,29.1
2022-04-29T00:00:00.000Z,108,6710430,72.16,159,6140278,66.03,182,4491839,48.3,196,802516,8.63,62.39,8.51,29.1
2022-04-30T00:00:00.000Z,1,6710431,72.16,3,6140281,66.03,24,4491863,48.3,21,802537,8.63,62.38,8.52,29.1
2022-05-01T00:00:00.000Z,135,6710566,72.16,185,6140466,66.03,316,4492179,48.31,630,803167,8.64,62.38,8.53,29.09
2022-05-02T00:00:00.000Z,62,6710628,72.16,152,6140618,66.03,235,4492414,48.31,489,803656,8.64,62.37,8.54,29.09
2022-05-03T00:00:00.000Z,72,6710700,72.16,151,6140769,66.03,287,4492701,48.31,505,804161,8.65,62.36,8.55,29.09
2022-05-04T00:00:00.000Z,23,6710723,72.16,55,6140824,66.04,63,4492764,48.31,125,804286,8.65,62.35,8.57,29.08
2022-05-05T00:00:00.000Z,4,6710727,72.16,1,6140825,66.04,5,4492769,48.31,11,804297,8.65,62.34,8.58,29.08
2022-05-06T00:00:00.000Z,19,6710746,72.16,59,6140884,66.04,64,4492833,48.31,151,804448,8.65,62.33,8.59,29.08
2022-05-07T00:00:00.000Z,1,6710747,72.16,6,6140890,66.04,25,4492858,48.31,24,804472,8.65,62.32,8.6,29.08
2022-05-08T00:00:00.000Z,118,6710865,72.17,207,6141097,66.04,270,4493128,48.32,457,804929,8.66,62.31,8.61,29.08
2022-05-09T00:00:00.000Z,59,6710924,72.17,162,6141259,66.04,251,4493379,48.32,503,805432,8.66,62.31,8.61,29.08
2022-05-10T00:00:00.000Z,131,6711055,72.17,168,6141427,66.04,260,4493639,48.32,508,805940,8.67,62.3,8.62,29.08
2022-05-11T00:00:00.000Z,58,6711113,72.17,116,6141543,66.04,179,4493818,48.32,463,806403,8.67,62.3,8.63,29.08
2022-05-12T00:00:00.000Z,118,6711231,72.17,200,6141743,66.05,276,4494094,48.33,663,807066,8.68,62.29,8.64,29.07
2022-05-13T00:00:00.000Z,11,6711242,72.17,42,6141785,66.05,70,4494164,48.33,110,807176,8.68,62.28,8.65,29.07
2022-05-14T00:00:00.000Z,6,6711248,72.17,12,6141797,66.05,10,4494174,48.33,22,807198,8.68,62.26,8.66,29.07
2022-05-15T00:00:00.000Z,89,6711337,72.17,175,6141972,66.05,243,4494417,48.33,664,807862,8.69,62.26,8.67,29.07
2022-05-16T00:00:00.000Z,68,6711405,72.17,141,6142113,66.05,230,4494647,48.33,508,808370,8.69,62.19,8.65,29.16
2022-05-17T00:00:00.000Z,73,6711478,72.17,155,6142268,66.05,265,4494912,48.34,616,808986,8.7,62.18,8.66,29.16
2022-05-18T00:00:00.000Z,43,6711521,72.17,98,6142366,66.05,169,4495081,48.34,445,809431,8.7,62.17,8.67,29.16
2022-05-19T00:00:00.000Z,64,6711585,72.17,170,6142536,66.05,211,4495292,48.34,499,809930,8.71,62.16,8.68,29.16
2022-05-20T00:00:00.000Z,75,6711660,72.17,112,6142648,66.05,127,4495419,48.34,138,810068,8.71,62.15,8.69,29.16
2022-05-21T00:00:00.000Z,4,6711664,72.17,7,6142655,66.06,13,4495432,48.34,18,810086,8.71,62.14,8.7,29.16
2022-05-22T00:00:00.000Z,87,6711751,72.17,188,6142843,66.06,216,4495648,48.34,425,810511,8.72,62.14,8.71,29.16
2022-05-23T00:00:00.000Z,64,6711815,72.18,120,6142963,66.06,155,4495803,48.35,343,810854,8.72,62.14,8.71,29.16
2022-05-24T00:00:00.000Z,43,6711858,72.18,119,6143082,66.06,155,4495958,48.35,394,811248,8.72,62.13,8.71,29.15
2022-05-25T00:00:00.000Z,61,6711919,72.18,103,6143185,66.06,165,4496123,48.35,337,811585,8.73,62.12,8.72,29.15
2022-05-26T00:00:00.000Z,72,6711991,72.18,136,6143321,66.06,184,4496307,48.35,348,811933,8.73,62.11,8.73,29.16
2022-05-27T00:00:00.000Z,11,6712002,72.18,28,6143349,66.06,43,4496350,48.35,59,811992,8.73,62.1,8.74,29.16
2022-05-28T00:00:00.000Z,1,6712003,72.18,4,6143353,66.06,7,4496357,48.35,12,812004,8.73,62.09,8.75,29.16
2022-05-29T00:00:00.000Z,89,6712092,72.18,152,6143505,66.06,163,4496520,48.35,314,812318,8.74,62.09,8.75,29.16
2022-05-30T00:00:00.000Z,55,6712147,72.18,132,6143637,66.07,125,4496645,48.35,291,812609,8.74,62.09,8.76,29.16
2022-05-31T00:00:00.000Z,45,6712192,72.18,104,6143741,66.07,153,4496798,48.36,350,812959,8.74,62.07,8.78,29.15
2022-06-01T00:00:00.000Z,63,6712255,72.18,90,6143831,66.07,117,4496915,48.36,275,813234,8.75,61.95,8.9,29.16
2022-06-02T00:00:00.000Z,76,6712331,72.18,156,6143987,66.07,176,4497091,48.36,254,813488,8.75,45.96,24.88,29.15
2022-06-03T00:00:00.000Z,10,6712341,72.18,23,6144010,66.07,21,4497112,48.36,32,813520,8.75,45.9,24.95,29.16
2022-06-04T00:00:00.000Z,0,6712341,72.18,7,6144017,66.07,7,4497119,48.36,5,813525,8.75,45.84,25,29.16
2022-06-05T00:00:00.000Z,11,6712352,72.18,14,6144031,66.07,6,4497125,48.36,2,813527,8.75,45.8,25.05,29.16
2022-06-06T00:00:00.000Z,58,6712410,72.18,144,6144175,66.07,162,4497287,48.36,261,813788,8.75,39.96,30.89,29.16
2022-06-07T00:00:00.000Z,54,6712464,72.18,133,6144308,66.07,141,4497428,48.36,375,814163,8.76,39.92,30.93,29.15
2022-06-08T00:00:00.000Z,57,6712521,72.18,105,6144413,66.07,130,4497558,48.36,496,814659,8.76,39.89,30.96,29.15
2022-06-09T00:00:00.000Z,83,6712604,72.18,206,6144619,66.08,235,4497793,48.37,641,815300,8.77,39.86,30.99,29.15
2022-06-10T00:00:00.000Z,14,6712618,72.18,51,6144670,66.08,59,4497852,48.37,138,815438,8.77,39.83,31.02,29.15
2022-06-11T00:00:00.000Z,0,6712618,72.18,3,6144673,66.08,7,4497859,48.37,19,815457,8.77,39.8,31.05,29.15
2022-06-12T00:00:00.000Z,109,6712727,72.19,199,6144872,66.08,191,4498050,48.37,767,816224,8.78,39.8,31.05,29.15
2022-06-13T00:00:00.000Z,81,6712808,72.19,142,6145014,66.08,166,4498216,48.37,625,816849,8.78,39.81,31.04,29.15
2022-06-14T00:00:00.000Z,116,6712924,72.19,172,6145186,66.08,208,4498424,48.37,759,817608,8.79,39.79,31.06,29.15
2022-06-15T00:00:00.000Z,72,6712996,72.19,141,6145327,66.08,207,4498631,48.38,697,818305,8.8,39.78,31.08,29.15
2022-06-16T00:00:00.000Z,93,6713089,72.19,136,6145463,66.09,217,4498848,48.38,742,819047,8.81,39.74,31.11,29.14
2022-06-17T00:00:00.000Z,16,6713105,72.19,63,6145526,66.09,52,4498900,48.38,122,819169,8.81,39.72,31.14,29.15
2022-06-18T00:00:00.000Z,3,6713108,72.19,4,6145530,66.09,11,4498911,48.38,15,819184,8.81,39.68,31.17,29.14
2022-06-19T00:00:00.000Z,115,6713223,72.19,207,6145737,66.09,317,4499228,48.38,877,820061,8.82,39.53,31.33,29.15
2022-06-20T00:00:00.000Z,99,6713322,72.19,152,6145889,66.09,306,4499534,48.39,922,820983,8.83,33.92,36.85,29.23
2022-06-21T00:00:00.000Z,94,6713416,72.19,155,6146044,66.09,375,4499909,48.39,1228,822211,8.84,33.58,37.19,29.23
2022-06-22T00:00:00.000Z,110,6713526,72.19,133,6146177,66.09,339,4500248,48.39,894,823105,8.85,33.28,37.49,29.23
2022-06-23T00:00:00.000Z,133,6713659,72.2,216,6146393,66.1,524,4500772,48.4,1146,824251,8.86,32.84,37.92,29.23
2022-06-24T00:00:00.000Z,19,6713678,72.2,35,6146428,66.1,109,4500881,48.4,207,824458,8.87,32.43,38.34,29.24
2022-06-25T00:00:00.000Z,1,6713679,72.2,1,6146429,66.1,12,4500893,48.4,16,824474,8.87,32.04,38.72,29.24
2022-06-26T00:00:00.000Z,107,6713786,72.2,158,6146587,66.1,379,4501272,48.4,933,825407,8.88,31.63,39.13,29.24
2022-06-27T00:00:00.000Z,85,6713871,72.2,172,6146759,66.1,391,4501663,48.41,1028,826435,8.89,31.29,39.47,29.24
2022-06-28T00:00:00.000Z,84,6713955,72.2,151,6146910,66.1,362,4502025,48.41,930,827365,8.9,30.86,39.91,29.24
2022-06-29T00:00:00.000Z,76,6714031,72.2,106,6147016,66.1,262,4502287,48.42,814,828179,8.91,30.48,40.28,29.24
2022-06-30T00:00:00.000Z,84,6714115,72.2,164,6147180,66.1,356,4502643,48.42,1057,829236,8.92,30.05,40.71,29.24
2022-07-01T00:00:00.000Z,21,6714136,72.2,28,6147208,66.1,54,4502697,48.42,77,829313,8.92,29.62,41.14,29.24
2022-07-02T00:00:00.000Z,0,6714136,72.2,2,6147210,66.1,7,4502704,48.42,18,829331,8.92,29.2,41.56,29.24
2022-07-03T00:00:00.000Z,98,6714234,72.2,177,6147387,66.11,319,4503023,48.42,637,829968,8.93,28.81,41.95,29.24
2022-07-04T00:00:00.000Z,76,6714310,72.2,140,6147527,66.11,276,4503299,48.43,747,830715,8.93,28.5,42.26,29.24
2022-07-05T00:00:00.000Z,58,6714368,72.2,142,6147669,66.11,301,4503600,48.43,688,831403,8.94,28.06,42.7,29.24
2022-07-06T00:00:00.000Z,78,6714446,72.2,125,6147794,66.11,211,4503811,48.43,643,832046,8.95,27.39,43.37,29.24
2022-07-07T00:00:00.000Z,81,6714527,72.2,163,6147957,66.11,266,4504077,48.43,722,832768,8.96,26.48,44.28,29.24
2022-07-08T00:00:00.000Z,17,6714544,72.2,33,6147990,66.11,68,4504145,48.44,131,832899,8.96,25.47,45.29,29.24
2022-07-09T00:00:00.000Z,0,6714544,72.2,1,6147991,66.11,2,4504147,48.44,1,832900,8.96,24.42,46.34,29.24
2022-07-10T00:00:00.000Z,88,6714632,72.21,164,6148155,66.11,229,4504376,48.44,469,833369,8.96,23.77,46.99,29.24
2022-07-11T00:00:00.000Z,64,6714696,72.21,140,6148295,66.12,245,4504621,48.44,571,833940,8.97,23.22,47.54,29.24
2022-07-12T00:00:00.000Z,69,6714765,72.21,128,6148423,66.12,207,4504828,48.44,556,834496,8.97,22.13,48.63,29.24
2022-07-13T00:00:00.000Z,43,6714808,72.21,100,6148523,66.12,163,4504991,48.44,488,834984,8.98,21.1,49.66,29.24
2022-07-14T00:00:00.000Z,69,6714877,72.21,147,6148670,66.12,208,4505199,48.45,512,835496,8.98,20.12,50.63,29.24
2022-07-15T00:00:00.000Z,58,6714935,72.21,83,6148753,66.12,129,4505328,48.45,165,835661,8.99,19.27,51.48,29.25
2022-07-16T00:00:00.000Z,0,6714935,72.21,6,6148759,66.12,7,4505335,48.45,7,835668,8.99,18.29,52.46,29.25
2022-07-17T00:00:00.000Z,75,6715010,72.21,182,6148941,66.12,241,4505576,48.45,468,836136,8.99,17.83,52.92,29.25
2022-07-18T00:00:00.000Z,62,6715072,72.21,157,6149098,66.12,206,4505782,48.45,510,836646,9,17.48,53.26,29.26
2022-07-19T00:00:00.000Z,61,6715133,72.21,146,6149244,66.13,174,4505956,48.45,368,837014,9,16.77,53.97,29.26
2022-07-20T00:00:00.000Z,52,6715185,72.21,133,6149377,66.13,136,4506092,48.46,421,837435,9.01,16.09,54.64,29.26
2022-07-21T00:00:00.000Z,62,6715247,72.21,157,6149534,66.13,176,4506268,48.46,341,837776,9.01,15.43,55.3,29.27
2022-07-22T00:00:00.000Z,10,6715257,72.21,36,6149570,66.13,41,4506309,48.46,56,837832,9.01,14.64,56.08,29.28
2022-07-23T00:00:00.000Z,0,6715257,72.21,3,6149573,66.13,4,4506313,48.46,9,837841,9.01,14.17,56.55,29.28
2022-07-24T00:00:00.000Z,58,6715315,72.21,126,6149699,66.13,196,4506509,48.46,363,838204,9.01,13.55,57.16,29.29
2022-07-25T00:00:00.000Z,48,6715363,72.21,107,6149806,66.13,170,4506679,48.46,336,838540,9.02,13.09,57.61,29.3
2022-07-26T00:00:00.000Z,47,6715410,72.21,99,6149905,66.13,110,4506789,48.46,270,838810,9.02,12.46,58.23,29.3
2022-07-27T00:00:00.000Z,44,6715454,72.21,124,6150029,66.13,132,4506921,48.47,242,839052,9.02,11.89,58.8,29.31
2022-07-28T00:00:00.000Z,62,6715516,72.22,140,6150169,66.14,147,4507068,48.47,219,839271,9.03,11.35,59.34,29.31
2022-07-29T00:00:00.000Z,10,6715526,72.22,25,6150194,66.14,27,4507095,48.47,30,839301,9.03,10.85,59.83,29.32
2022-07-30T00:00:00.000Z,0,6715526,72.22,0,6150194,66.14,1,4507096,48.47,1,839302,9.03,10.34,60.33,29.33
2022-07-31T00:00:00.000Z,56,6715582,72.22,134,6150328,66.14,131,4507227,48.47,252,839554,9.03,9.97,60.7,29.33
2022-08-01T00:00:00.000Z,54,6715636,72.22,75,6150403,66.14,88,4507315,48.47,152,839706,9.03,9.47,61.19,29.34
2022-08-02T00:00:00.000Z,111,6715747,72.22,119,6150522,66.14,155,4507470,48.47,264,839970,9.03,8.92,61.73,29.35
2022-08-03T00:00:00.000Z,76,6715823,72.22,70,6150592,66.14,92,4507562,48.47,178,840148,9.03,8.46,62.19,29.35
2022-08-04T00:00:00.000Z,127,6715950,72.22,133,6150725,66.14,111,4507673,48.47,244,840392,9.04,8.04,62.61,29.36
2022-08-05T00:00:00.000Z,30,6715980,72.22,22,6150747,66.14,13,4507686,48.47,23,840415,9.04,7.71,62.93,29.36
2022-08-06T00:00:00.000Z,1,6715981,72.22,2,6150749,66.14,1,4507687,48.47,5,840420,9.04,7.32,63.32,29.36
2022-08-07T00:00:00.000Z,75,6716056,72.22,94,6150843,66.14,68,4507755,48.47,168,840588,9.04,6.92,63.71,29.37
2022-08-08T00:00:00.000Z,76,6716132,72.22,93,6150936,66.14,122,4507877,48.48,172,840760,9.04,6.74,63.89,29.37
2022-08-09T00:00:00.000Z,96,6716228,72.22,87,6151023,66.15,99,4507976,48.48,213,840973,9.04,6.25,64.37,29.38
2022-08-10T00:00:00.000Z,77,6716305,72.22,58,6151081,66.15,75,4508051,48.48,115,841088,9.04,5.91,64.71,29.38
2022-08-11T00:00:00.000Z,54,6716359,72.22,101,6151182,66.15,91,4508142,48.48,155,841243,9.05,5.59,65.03,29.38
2022-08-12T00:00:00.000Z,8,6716367,72.22,12,6151194,66.15,17,4508159,48.48,27,841270,9.05,5.35,65.27,29.38
2022-08-13T00:00:00.000Z,0,6716367,72.22,2,6151196,66.15,2,4508161,48.48,3,841273,9.05,5.1,65.52,29.38
2022-08-14T00:00:00.000Z,73,6716440,72.23,75,6151271,66.15,82,4508243,48.48,150,841423,9.05,4.87,65.75,29.39
2022-08-15T00:00:00.000Z,68,6716508,72.23,81,6151352,66.15,93,4508336,48.48,142,841565,9.05,4.74,65.87,29.39
2022-08-16T00:00:00.000Z,81,6716589,72.23,84,6151436,66.15,83,4508419,48.48,186,841751,9.05,4.46,66.15,29.39
2022-08-17T00:00:00.000Z,48,6716637,72.23,55,6151491,66.15,36,4508455,48.48,114,841865,9.05,4.16,66.44,29.39
2022-08-18T00:00:00.000Z,64,6716701,72.23,93,6151584,66.15,119,4508574,48.48,173,842038,9.05,3.98,66.63,29.39
2022-08-19T00:00:00.000Z,73,6716774,72.23,56,6151640,66.15,55,4508629,48.48,45,842083,9.06,3.83,66.78,29.39
2022-08-20T00:00:00.000Z,1,6716775,72.23,1,6151641,66.15,3,4508632,48.48,3,842086,9.06,3.67,66.94,29.39
2022-08-21T00:00:00.000Z,51,6716826,72.23,85,6151726,66.15,84,4508716,48.48,193,842279,9.06,3.52,67.08,29.4
2022-08-22T00:00:00.000Z,89,6716915,72.23,74,6151800,66.15,102,4508818,48.49,143,842422,9.06,3.44,67.16,29.4
2022-08-23T00:00:00.000Z,71,6716986,72.23,106,6151906,66.15,84,4508902,48.49,180,842602,9.06,3.27,67.33,29.4
2022-08-24T00:00:00.000Z,38,6717024,72.23,80,6151986,66.16,48,4508950,48.49,133,842735,9.06,3.15,67.46,29.4
2022-08-25T00:00:00.000Z,53,6717077,72.23,77,6152063,66.16,94,4509044,48.49,192,842927,9.06,3.03,67.57,29.4
2022-08-26T00:00:00.000Z,4,6717081,72.23,15,6152078,66.16,9,4509053,48.49,14,842941,9.06,2.94,67.66,29.4
2022-08-27T00:00:00.000Z,0,6717081,72.23,0,6152078,66.16,0,4509053,48.49,0,842941,9.06,2.84,67.76,29.4
2022-08-28T00:00:00.000Z,55,6717136,72.23,80,6152158,66.16,85,4509138,48.49,102,843043,9.07,2.75,67.85,29.4
2022-08-29T00:00:00.000Z,48,6717184,72.23,68,6152226,66.16,89,4509227,48.49,107,843150,9.07,2.69,67.91,29.4
2022-08-30T00:00:00.000Z,85,6717269,72.23,112,6152338,66.16,85,4509312,48.49,130,843280,9.07,2.6,68,29.4
2022-08-31T00:00:00.000Z,42,6717311,72.23,88,6152426,66.16,70,4509382,48.49,95,843375,9.07,2.53,68.07,29.4
2022-09-01T00:00:00.000Z,27,6717338,72.23,83,6152509,66.16,58,4509440,48.49,113,843488,9.07,2.46,68.14,29.4
2022-09-02T00:00:00.000Z,6,6717344,72.23,20,6152529,66.16,13,4509453,48.49,9,843497,9.07,2.4,68.2,29.4
2022-09-03T00:00:00.000Z,2,6717346,72.23,0,6152529,66.16,3,4509456,48.49,1,843498,9.07,2.33,68.27,29.4
2022-09-04T00:00:00.000Z,50,6717396,72.24,118,6152647,66.16,80,4509536,48.49,121,843619,9.07,2.27,68.32,29.4
2022-09-05T00:00:00.000Z,44,6717440,72.24,77,6152724,66.16,58,4509594,48.49,89,843708,9.07,2.23,68.37,29.4
2022-09-06T00:00:00.000Z,60,6717500,72.24,104,6152828,66.16,78,4509672,48.49,129,843837,9.07,2.17,68.42,29.4
2022-09-07T00:00:00.000Z,27,6717527,72.24,63,6152891,66.17,52,4509724,48.5,94,843931,9.08,2.12,68.47,29.4
2022-09-08T00:00:00.000Z,49,6717576,72.24,95,6152986,66.17,70,4509794,48.5,77,844008,9.08,2.07,68.53,29.4
2022-09-09T00:00:00.000Z,10,6717586,72.24,21,6153007,66.17,16,4509810,48.5,15,844023,9.08,2.03,68.57,29.4
2022-09-10T00:00:00.000Z,0,6717586,72.24,0,6153007,66.17,5,4509815,48.5,1,844024,9.08,1.97,68.62,29.4
2022-09-11T00:00:00.000Z,36,6717622,72.24,115,6153122,66.17,78,4509893,48.5,113,844137,9.08,1.92,68.67,29.41
2022-09-12T00:00:00.000Z,24,6717646,72.24,71,6153193,66.17,52,4509945,48.5,68,844205,9.08,1.88,68.71,29.41
2022-09-13T00:00:00.000Z,44,6717690,72.24,112,6153305,66.17,54,4509999,48.5,103,844308,9.08,1.82,68.77,29.41
2022-09-14T00:00:00.000Z,21,6717711,72.24,63,6153368,66.17,53,4510052,48.5,62,844370,9.08,1.78,68.82,29.41
2022-09-15T00:00:00.000Z,30,6717741,72.24,69,6153437,66.17,61,4510113,48.5,104,844474,9.08,1.73,68.86,29.41
2022-09-16T00:00:00.000Z,48,6717789,72.24,45,6153482,66.17,27,4510140,48.5,33,844507,9.08,1.7,68.89,29.41
2022-09-17T00:00:00.000Z,2,6717791,72.24,0,6153482,66.17,1,4510141,48.5,0,844507,9.08,1.66,68.93,29.41
2022-09-18T00:00:00.000Z,24,6717815,72.24,65,6153547,66.17,52,4510193,48.5,114,844621,9.08,1.63,68.96,29.41
2022-09-19T00:00:00.000Z,27,6717842,72.24,74,6153621,66.17,44,4510237,48.5,56,844677,9.08,1.61,68.98,29.41
2022-09-20T00:00:00.000Z,41,6717883,72.24,92,6153713,66.17,75,4510312,48.5,102,844779,9.08,1.56,69.03,29.41
2022-09-21T00:00:00.000Z,20,6717903,72.24,53,6153766,66.17,31,4510343,48.5,66,844845,9.09,1.55,69.05,29.41
2022-09-22T00:00:00.000Z,40,6717943,72.24,59,6153825,66.18,43,4510386,48.5,231,845076,9.09,1.52,69.07,29.4
2022-09-23T00:00:00.000Z,22,6717965,72.24,28,6153853,66.18,34,4510420,48.5,244,845320,9.09,1.5,69.1,29.41
2022-09-24T00:00:00.000Z,0,6717965,72.24,0,6153853,66.18,0,4510420,48.5,0,845320,9.09,1.47,69.13,29.41
2022-09-25T00:00:00.000Z,7,6717972,72.24,22,6153875,66.18,22,4510442,48.5,131,845451,9.09,1.46,69.14,29.41
