Day_Date,vaccinated,vaccinated_cum,vaccinated_population_perc,vaccinated_seconde_dose,vaccinated_seconde_dose_cum,vaccinated_seconde_dose_population_perc,vaccinated_third_dose,vaccinated_third_dose_cum,vaccinated_third_dose_population_perc,vaccinated_fourth_dose,vaccinated_fourth_dose_cum,vaccinated_fourth_dose_population_perc,vaccinated_validity_perc,vaccinated_expired_perc,not_vaccinated_perc
2020-12-19T00:00:00.000Z,46,87,0,0,4,0,0,0,0,0,0,0,0,0,100
2020-12-20T00:00:00.000Z,7388,7475,0.08,0,4,0,0,0,0,0,0,0,0,0,100
2020-12-21T00:00:00.000Z,24912,32387,0.35,0,4,0,0,0,0,0,0,0,0,0,100
2020-12-22T00:00:00.000Z,44645,77032,0.83,0,4,0,0,0,0,0,0,0,0,0,100
2020-12-23T00:00:00.000Z,62898,139930,1.5,0,4,0,0,0,0,0,0,0,0,0,100
2020-12-24T00:00:00.000Z,73411,213341,2.29,0,4,0,0,0,0,0,0,0,0,0,100
2020-12-25T00:00:00.000Z,38503,251844,2.71,0,4,0,0,0,0,0,0,0,0,0,100
2020-12-26T00:00:00.000Z,32604,284448,3.06,0,4,0,0,0,0,0,0,0,0,0,100
2020-12-27T00:00:00.000Z,104543,388991,4.18,0,4,0,0,0,0,0,0,0,0,0,100
2020-12-28T00:00:00.000Z,134988,523979,5.63,0,4,0,0,0,0,0,0,0,0,0,100
2020-12-29T00:00:00.000Z,156248,680227,7.31,2,6,0,0,0,0,0,0,0,0,0,100
2020-12-30T00:00:00.000Z,153095,833322,8.96,0,6,0,0,0,0,0,0,0,0,0,100
2020-12-31T00:00:00.000Z,158511,991833,10.67,0,6,0,0,0,0,0,0,0,0,0,100
2021-01-01T00:00:00.000Z,71404,1063237,11.43,0,6,0,0,0,0,0,0,0,0,0,100
2021-01-02T00:00:00.000Z,71719,1134956,12.2,0,6,0,0,0,0,0,0,0,0,0,100
2021-01-03T00:00:00.000Z,149702,1284658,13.81,0,6,0,0,0,0,0,0,0,0,0,100
2021-01-04T00:00:00.000Z,152134,1436792,15.45,2,8,0,0,0,0,0,0,0,0,0,100
2021-01-05T00:00:00.000Z,125146,1561938,16.8,2,10,0,0,0,0,0,0,0,0,0,100
2021-01-06T00:00:00.000Z,103309,1665247,17.91,2,12,0,0,0,0,0,0,0,0,0,100
2021-01-07T00:00:00.000Z,116002,1781249,19.15,6,18,0,0,0,0,0,0,0,0,0,100
2021-01-08T00:00:00.000Z,66431,1847680,19.87,4,22,0,0,0,0,0,0,0,0,0,100
2021-01-09T00:00:00.000Z,44521,1892201,20.35,25,47,0,0,0,0,0,0,0,0,0,100
2021-01-10T00:00:00.000Z,37630,1929831,20.75,5996,6043,0.07,0,0,0,0,0,0,0,0,100
2021-01-11T00:00:00.000Z,21136,1950967,20.98,19255,25298,0.27,0,0,0,0,0,0,0,0,100
2021-01-12T00:00:00.000Z,24025,1974992,21.24,35662,60960,0.66,0,0,0,0,0,0,0,0,100
2021-01-13T00:00:00.000Z,52032,2027024,21.8,56861,117821,1.27,0,0,0,0,0,0,0,0,100
2021-01-14T00:00:00.000Z,56432,2083456,22.4,68828,186649,2.01,0,0,0,0,0,0,0,0,100
2021-01-15T00:00:00.000Z,30739,2114195,22.73,35925,222574,2.39,0,0,0,0,0,0,0,0,100
2021-01-16T00:00:00.000Z,29443,2143638,23.05,26004,248578,2.67,0,0,0,0,0,0,0,0,100
2021-01-17T00:00:00.000Z,68400,2212038,23.79,84579,333157,3.58,0,0,0,0,0,0,0.36,0,99.64
2021-01-18T00:00:00.000Z,69734,2281772,24.54,120390,453547,4.88,0,0,0,0,0,0,0.64,0,99.36
2021-01-19T00:00:00.000Z,72833,2354605,25.32,137789,591336,6.36,0,0,0,0,0,0,1.16,0,98.84
2021-01-20T00:00:00.000Z,76822,2431427,26.15,143704,735040,7.9,0,0,0,0,0,0,1.98,0,98.02
2021-01-21T00:00:00.000Z,69927,2501354,26.9,164370,899410,9.67,0,0,0,0,0,0,2.98,0,97.02
2021-01-22T00:00:00.000Z,37875,2539229,27.31,71095,970505,10.44,0,0,0,0,0,0,3.5,0,96.5
2021-01-23T00:00:00.000Z,39938,2579167,27.74,53568,1024073,11.01,0,0,0,0,0,0,3.89,0,96.11
2021-01-24T00:00:00.000Z,69076,2648243,28.48,140649,1164722,12.52,0,0,0,0,0,0,5.1,0,94.9
2021-01-25T00:00:00.000Z,80873,2729116,29.35,139456,1304178,14.02,0,0,0,0,0,0,6.78,0,93.22
2021-01-26T00:00:00.000Z,78659,2807775,30.19,126378,1430556,15.38,0,0,0,0,0,0,8.65,0,91.35
2021-01-27T00:00:00.000Z,77910,2885685,31.03,124999,1555555,16.73,0,0,0,0,0,0,10.56,0,89.44
2021-01-28T00:00:00.000Z,79510,2965195,31.89,130562,1686117,18.13,0,0,0,0,0,0,12.69,0,87.31
2021-01-29T00:00:00.000Z,36646,3001841,32.28,64758,1750875,18.83,0,0,0,0,0,0,13.61,0,86.39
2021-01-30T00:00:00.000Z,34368,3036209,32.65,42740,1793615,19.29,0,0,0,0,0,0,14.3,0,85.7
2021-01-31T00:00:00.000Z,73298,3109507,33.44,59472,1853087,19.93,0,0,0,0,0,0,16.07,0,83.93
2021-02-01T00:00:00.000Z,82458,3191965,34.32,35314,1888401,20.31,0,0,0,0,0,0,17.81,0,82.19
2021-02-02T00:00:00.000Z,70038,3262003,35.08,31037,1919438,20.64,0,0,0,0,0,0,19.35,0,80.65
2021-02-03T00:00:00.000Z,60253,3322256,35.73,51394,1970832,21.19,0,0,0,0,0,0,20.84,0,79.16
2021-02-04T00:00:00.000Z,72573,3394829,36.51,58046,2028878,21.82,0,0,0,0,0,0,22.39,0,77.61
2021-02-05T00:00:00.000Z,33894,3428723,36.87,28770,2057648,22.13,0,0,0,0,0,0,23.15,0,76.85
2021-02-06T00:00:00.000Z,21591,3450314,37.1,22209,2079857,22.37,0,0,0,0,0,0,23.64,0,76.36
2021-02-07T00:00:00.000Z,54055,3504369,37.68,68695,2148552,23.1,0,0,0,0,0,0,24.4,0,75.6
2021-02-08T00:00:00.000Z,58597,3562966,38.31,65420,2213972,23.81,0,0,0,0,0,0,24.95,0,75.05
2021-02-09T00:00:00.000Z,66294,3629260,39.03,67517,2281489,24.53,0,0,0,0,0,0,25.48,0,74.52
2021-02-10T00:00:00.000Z,70511,3699771,39.79,72247,2353736,25.31,0,0,0,0,0,0,26.23,0,73.77
2021-02-11T00:00:00.000Z,81104,3780875,40.66,72042,2425778,26.09,0,0,0,0,0,0,27.08,0,72.92
2021-02-12T00:00:00.000Z,39060,3819935,41.08,37552,2463330,26.49,0,0,0,0,0,0,27.5,0,72.5
2021-02-13T00:00:00.000Z,27435,3847370,41.37,30407,2493737,26.82,0,0,0,0,0,0,27.82,0,72.18
2021-02-14T00:00:00.000Z,74871,3922241,42.18,69039,2562776,27.56,0,0,0,0,0,0,28.76,0,71.24
2021-02-15T00:00:00.000Z,81500,4003741,43.05,75656,2638432,28.37,0,0,0,0,0,0,29.69,0,70.31
2021-02-16T00:00:00.000Z,83384,4087125,43.95,78238,2716670,29.21,0,0,0,0,0,0,30.64,0,69.36
2021-02-17T00:00:00.000Z,61928,4149053,44.62,75589,2792259,30.03,0,0,0,0,0,0,31.56,0,68.44
2021-02-18T00:00:00.000Z,69107,4218160,45.36,79703,2871962,30.88,0,0,0,0,0,0,32.51,0,67.49
2021-02-19T00:00:00.000Z,39626,4257786,45.79,38120,2910082,31.29,0,0,0,0,0,0,33.02,0,66.98
2021-02-20T00:00:00.000Z,31628,4289414,46.13,28710,2938792,31.6,0,0,0,0,0,0,33.43,0,66.57
2021-02-21T00:00:00.000Z,79399,4368813,46.98,78404,3017196,32.45,0,0,0,0,0,0,34.39,0,65.61
2021-02-22T00:00:00.000Z,85020,4453833,47.89,80569,3097765,33.31,0,0,0,0,0,0,35.44,0,64.56
2021-02-23T00:00:00.000Z,77287,4531120,48.73,70431,3168196,34.07,0,0,0,0,0,0,36.47,0,63.53
2021-02-24T00:00:00.000Z,61017,4592137,49.38,63087,3231283,34.75,0,0,0,0,0,0,37.4,0,62.6
2021-02-25T00:00:00.000Z,51684,4643821,49.94,64756,3296039,35.44,0,0,0,0,0,0,38.31,0,61.69
2021-02-26T00:00:00.000Z,25868,4669689,50.22,32003,3328042,35.79,0,0,0,0,0,0,38.76,0,61.24
2021-02-27T00:00:00.000Z,18312,4688001,50.41,21180,3349222,36.02,0,0,0,0,0,0,39.08,0,60.92
2021-02-28T00:00:00.000Z,40319,4728320,50.85,55846,3405068,36.62,0,0,0,0,0,0,39.92,0,60.08
2021-03-01T00:00:00.000Z,45693,4774013,51.34,61402,3466470,37.28,0,0,0,0,0,0,40.78,0,59.22
2021-03-02T00:00:00.000Z,41144,4815157,51.78,64747,3531217,37.97,0,0,0,0,0,0,41.54,0,58.46
2021-03-03T00:00:00.000Z,41965,4857122,52.23,66735,3597952,38.69,0,0,0,0,0,0,42.25,0,57.75
2021-03-04T00:00:00.000Z,39654,4896776,52.66,79067,3677019,39.54,0,0,0,0,0,0,42.95,0,57.05
2021-03-05T00:00:00.000Z,17308,4914084,52.84,40435,3717454,39.98,0,0,0,0,0,0,43.28,0,56.72
2021-03-06T00:00:00.000Z,10676,4924760,52.96,25330,3742784,40.25,0,0,0,0,0,0,43.5,0,56.5
2021-03-07T00:00:00.000Z,31104,4955864,53.29,72816,3815600,41.03,0,0,0,0,0,0,44.09,0,55.91
2021-03-08T00:00:00.000Z,27326,4983190,53.59,73253,3888853,41.82,0,0,0,0,0,0,44.71,0,55.29
2021-03-09T00:00:00.000Z,26692,5009882,53.87,76569,3965422,42.64,0,0,0,0,0,0,45.37,0,54.63
2021-03-10T00:00:00.000Z,23297,5033179,54.12,58637,4024059,43.27,0,0,0,0,0,0,46.03,0,53.97
2021-03-11T00:00:00.000Z,23246,5056425,54.37,69046,4093105,44.02,0,0,0,0,0,0,46.76,0,53.24
2021-03-12T00:00:00.000Z,11233,5067658,54.5,41377,4134482,44.46,0,0,0,0,0,0,47.12,0,52.88
2021-03-13T00:00:00.000Z,7920,5075578,54.58,25226,4159708,44.73,0,0,0,0,0,0,47.35,0,52.65
2021-03-14T00:00:00.000Z,20927,5096505,54.81,73908,4233616,45.53,0,0,0,0,0,0,47.99,0,52.01
2021-03-15T00:00:00.000Z,20089,5116594,55.02,78232,4311848,46.37,0,0,0,0,0,0,48.61,0,51.39
2021-03-16T00:00:00.000Z,18704,5135298,55.22,71442,4383290,47.14,0,0,0,0,0,0,49.23,0,50.77
2021-03-17T00:00:00.000Z,17648,5152946,55.41,58972,4442262,47.77,0,0,0,0,0,0,49.72,0,50.28
2021-03-18T00:00:00.000Z,15996,5168942,55.58,58090,4500352,48.39,0,0,0,0,0,0,50.26,0,49.74
2021-03-19T00:00:00.000Z,6899,5175841,55.66,27948,4528300,48.7,0,0,0,0,0,0,50.56,0,49.44
2021-03-20T00:00:00.000Z,5195,5181036,55.71,15274,4543574,48.86,0,0,0,0,0,0,50.74,0,49.26
2021-03-21T00:00:00.000Z,13132,5194168,55.86,40470,4584044,49.29,0,0,0,0,0,0,51.27,0,48.73
2021-03-22T00:00:00.000Z,13520,5207688,56,40504,4624548,49.73,0,0,0,0,0,0,51.81,0,48.19
2021-03-23T00:00:00.000Z,2786,5210474,56.03,7258,4631806,49.81,0,0,0,0,0,0,52.24,0,47.76
2021-03-24T00:00:00.000Z,10956,5221430,56.15,46506,4678312,50.31,0,0,0,0,0,0,52.65,0,47.35
2021-03-25T00:00:00.000Z,10208,5231638,56.26,35393,4713705,50.69,0,0,0,0,0,0,53.04,0,46.96
2021-03-26T00:00:00.000Z,4142,5235780,56.3,13297,4727002,50.83,0,0,0,0,0,0,53.22,0,46.78
2021-03-27T00:00:00.000Z,1768,5237548,56.32,4244,4731246,50.88,0,0,0,0,0,0,53.31,0,46.69
2021-03-28T00:00:00.000Z,2086,5239634,56.34,4592,4735838,50.93,0,0,0,0,0,0,53.55,0,46.45
2021-03-29T00:00:00.000Z,6859,5246493,56.42,29982,4765820,51.25,0,0,0,0,0,0,53.81,0,46.19
2021-03-30T00:00:00.000Z,7827,5254320,56.5,22397,4788217,51.49,0,0,0,0,0,0,53.9,0,46.1
2021-03-31T00:00:00.000Z,8099,5262419,56.59,19431,4807648,51.7,0,0,0,0,0,0,54.2,0,45.8
2021-04-01T00:00:00.000Z,8132,5270551,56.68,18647,4826295,51.9,0,0,0,0,0,0,54.43,0,45.57
2021-04-02T00:00:00.000Z,2892,5273443,56.71,8093,4834388,51.99,0,0,0,0,0,0,54.52,0,45.48
2021-04-03T00:00:00.000Z,1407,5274850,56.72,2937,4837325,52.02,0,0,0,0,0,0,54.55,0,45.45
2021-04-04T00:00:00.000Z,9607,5284457,56.83,22798,4860123,52.26,0,0,0,0,0,0,54.64,0,45.36
2021-04-05T00:00:00.000Z,10307,5294764,56.94,21212,4881335,52.49,0,0,0,0,0,0,54.86,0,45.14
2021-04-06T00:00:00.000Z,8972,5303736,57.03,16731,4898066,52.67,0,0,0,0,0,0,55.03,0,44.97
2021-04-07T00:00:00.000Z,8874,5312610,57.13,15247,4913313,52.84,0,0,0,0,0,0,55.18,0,44.82
2021-04-08T00:00:00.000Z,9359,5321969,57.23,16951,4930264,53.02,0,0,0,0,0,0,55.34,0,44.66
2021-04-09T00:00:00.000Z,3548,5325517,57.27,6186,4936450,53.08,0,0,0,0,0,0,55.4,0,44.6
2021-04-10T00:00:00.000Z,1607,5327124,57.29,3495,4939945,53.12,0,0,0,0,0,0,55.43,0,44.57
2021-04-11T00:00:00.000Z,9005,5336129,57.38,14213,4954158,53.27,0,0,0,0,0,0,55.61,0,44.39
2021-04-12T00:00:00.000Z,8890,5345019,57.48,13187,4967345,53.42,0,0,0,0,0,0,55.77,0,44.23
2021-04-13T00:00:00.000Z,5786,5350805,57.54,4912,4972257,53.47,0,0,0,0,0,0,55.9,0,44.1
2021-04-14T00:00:00.000Z,3590,5354395,57.58,5261,4977518,53.53,0,0,0,0,0,0,56,0,44
2021-04-15T00:00:00.000Z,641,5355036,57.59,546,4978064,53.53,0,0,0,0,0,0,56.1,0,43.9
2021-04-16T00:00:00.000Z,3364,5358400,57.62,6607,4984671,53.6,0,0,0,0,0,0,56.15,0,43.85
2021-04-17T00:00:00.000Z,797,5359197,57.63,1955,4986626,53.62,0,0,0,0,0,0,56.17,0,43.83
2021-04-18T00:00:00.000Z,7069,5366266,57.71,7409,4994035,53.7,0,0,0,0,0,0,56.29,0,43.71
2021-04-19T00:00:00.000Z,6366,5372632,57.77,7079,5001114,53.78,0,0,0,0,0,0,56.4,0,43.6
2021-04-20T00:00:00.000Z,6226,5378858,57.84,6837,5007951,53.85,0,0,0,0,0,0,56.47,0,43.53
2021-04-21T00:00:00.000Z,6324,5385182,57.91,7049,5015000,53.93,0,0,0,0,0,0,56.54,0,43.46
2021-04-22T00:00:00.000Z,5899,5391081,57.97,7639,5022639,54.01,0,0,0,0,0,0,56.58,0,43.42
2021-04-23T00:00:00.000Z,2726,5393807,58,3347,5025986,54.05,0,0,0,0,0,0,56.63,0,43.37
2021-04-24T00:00:00.000Z,739,5394546,58.01,1264,5027250,54.06,0,0,0,0,0,0,56.64,0,43.36
2021-04-25T00:00:00.000Z,4805,5399351,58.06,6897,5034147,54.13,0,0,0,0,0,0,56.71,0,43.29
2021-04-26T00:00:00.000Z,5437,5404788,58.12,7847,5041994,54.22,0,0,0,0,0,0,56.79,0,43.21
2021-04-27T00:00:00.000Z,4472,5409260,58.17,6583,5048577,54.29,0,0,0,0,0,0,56.85,0,43.15
2021-04-28T00:00:00.000Z,4454,5413714,58.22,7274,5055851,54.37,0,0,0,0,0,0,56.92,0,43.08
2021-04-29T00:00:00.000Z,4334,5418048,58.26,7238,5063089,54.45,0,0,0,0,0,0,56.99,0,43.01
2021-04-30T00:00:00.000Z,1888,5419936,58.28,3148,5066237,54.48,0,0,0,0,0,0,57.02,0,42.98
2021-05-01T00:00:00.000Z,438,5420374,58.29,880,5067117,54.49,0,0,0,0,0,0,57.03,0,42.97
2021-05-02T00:00:00.000Z,3210,5423584,58.32,6060,5073177,54.55,0,0,0,0,0,0,57.08,0,42.92
2021-05-03T00:00:00.000Z,3514,5427098,58.36,5772,5078949,54.62,0,0,0,0,0,0,57.15,0,42.85
2021-05-04T00:00:00.000Z,3544,5430642,58.4,4690,5083639,54.67,0,0,0,0,0,0,57.2,0,42.8
2021-05-05T00:00:00.000Z,3249,5433891,58.43,4036,5087675,54.71,0,0,0,0,0,0,57.26,0,42.74
2021-05-06T00:00:00.000Z,3593,5437484,58.47,3084,5090759,54.74,0,0,0,0,0,0,57.32,0,42.68
2021-05-07T00:00:00.000Z,1791,5439275,58.49,2449,5093208,54.77,0,0,0,0,0,0,57.35,0,42.65
2021-05-08T00:00:00.000Z,223,5439498,58.49,486,5093694,54.78,0,0,0,0,0,0,57.35,0,42.65
2021-05-09T00:00:00.000Z,2829,5442327,58.52,4724,5098418,54.83,0,0,0,0,0,0,57.4,0,42.6
2021-05-10T00:00:00.000Z,2864,5445191,58.55,4672,5103090,54.88,0,0,0,0,0,0,57.45,0,42.55
2021-05-11T00:00:00.000Z,2573,5447764,58.58,3830,5106920,54.92,0,0,0,0,0,0,57.49,0,42.51
2021-05-12T00:00:00.000Z,1984,5449748,58.6,3280,5110200,54.95,0,0,0,0,0,0,57.53,0,42.47
2021-05-13T00:00:00.000Z,2010,5451758,58.63,3626,5113826,54.99,0,0,0,0,0,0,57.56,0,42.44
2021-05-14T00:00:00.000Z,931,5452689,58.64,1458,5115284,55.01,0,0,0,0,0,0,57.57,0,42.43
2021-05-15T00:00:00.000Z,226,5452915,58.64,228,5115512,55.01,0,0,0,0,0,0,57.58,0,42.42
2021-05-16T00:00:00.000Z,513,5453428,58.64,1189,5116701,55.02,0,0,0,0,0,0,57.6,0,42.4
2021-05-17T00:00:00.000Z,274,5453702,58.65,818,5117519,55.03,0,0,0,0,0,0,57.63,0,42.37
2021-05-18T00:00:00.000Z,1928,5455630,58.67,4908,5122427,55.08,0,0,0,0,0,0,57.66,0,42.34
2021-05-19T00:00:00.000Z,2188,5457818,58.69,5004,5127431,55.14,0,0,0,0,0,0,57.69,0,42.31
2021-05-20T00:00:00.000Z,2277,5460095,58.72,3838,5131269,55.18,0,0,0,0,0,0,57.72,0,42.28
2021-05-21T00:00:00.000Z,1153,5461248,58.73,1369,5132638,55.19,0,0,0,0,0,0,57.74,0,42.26
2021-05-22T00:00:00.000Z,198,5461446,58.73,370,5133008,55.2,0,0,0,0,0,0,57.74,0,42.26
2021-05-23T00:00:00.000Z,2259,5463705,58.75,3200,5136208,55.23,0,0,0,0,0,0,57.76,0,42.24
2021-05-24T00:00:00.000Z,2100,5465805,58.78,3566,5139774,55.27,0,0,0,0,0,0,57.78,0,42.22
2021-05-25T00:00:00.000Z,1790,5467595,58.8,2557,5142331,55.3,0,0,0,0,0,0,57.81,0,42.19
2021-05-26T00:00:00.000Z,1374,5468969,58.81,2459,5144790,55.32,0,0,0,0,0,0,57.85,0,42.15
2021-05-27T00:00:00.000Z,1804,5470773,58.83,3141,5147931,55.36,0,0,0,0,0,0,57.88,0,42.12
2021-05-28T00:00:00.000Z,741,5471514,58.84,1368,5149299,55.37,0,0,0,0,0,0,57.89,0,42.11
2021-05-29T00:00:00.000Z,163,5471677,58.84,210,5149509,55.38,0,0,0,0,0,0,57.89,0,42.11
2021-05-30T00:00:00.000Z,1618,5473295,58.86,1914,5151423,55.4,0,0,0,0,0,0,57.92,0,42.08
2021-05-31T00:00:00.000Z,1681,5474976,58.88,2063,5153486,55.42,0,0,0,0,0,0,57.95,0,42.05
2021-06-01T00:00:00.000Z,1324,5476300,58.89,1791,5155277,55.44,0,0,0,0,0,0,57.97,0,42.03
2021-06-02T00:00:00.000Z,1461,5477761,58.91,1576,5156853,55.45,0,0,0,0,0,0,57.99,0,42.01
2021-06-03T00:00:00.000Z,1640,5479401,58.92,1447,5158300,55.47,0,0,0,0,0,0,58.01,0,41.99
2021-06-04T00:00:00.000Z,1056,5480457,58.93,733,5159033,55.48,0,0,0,0,0,0,58.03,0,41.97
2021-06-05T00:00:00.000Z,164,5480621,58.94,140,5159173,55.48,0,0,0,0,0,0,58.03,0,41.97
2021-06-06T00:00:00.000Z,4266,5484887,58.98,982,5160155,55.49,0,0,0,0,0,0,58.07,0,41.93
2021-06-07T00:00:00.000Z,4388,5489275,59.03,779,5160934,55.5,0,0,0,0,0,0,58.1,0,41.9
2021-06-08T00:00:00.000Z,3696,5492971,59.07,1139,5162073,55.51,0,0,0,0,0,0,58.14,0,41.86
2021-06-09T00:00:00.000Z,3557,5496528,59.11,1286,5163359,55.52,0,0,0,0,0,0,58.17,0,41.83
2021-06-10T00:00:00.000Z,3299,5499827,59.14,1266,5164625,55.54,0,0,0,0,0,0,58.2,0,41.8
2021-06-11T00:00:00.000Z,1354,5501181,59.16,551,5165176,55.54,0,0,0,0,0,0,58.21,0,41.79
2021-06-12T00:00:00.000Z,189,5501370,59.16,149,5165325,55.55,0,0,0,0,0,0,58.21,0,41.79
2021-06-13T00:00:00.000Z,3089,5504459,59.19,1232,5166557,55.56,0,0,0,0,0,0,58.24,0,41.76
2021-06-14T00:00:00.000Z,3010,5507469,59.22,1501,5168058,55.57,0,0,0,0,0,0,58.26,0,41.74
2021-06-15T00:00:00.000Z,3098,5510567,59.26,1340,5169398,55.59,0,0,0,0,0,0,58.28,0,41.72
2021-06-16T00:00:00.000Z,2684,5513251,59.29,955,5170353,55.6,0,0,0,0,0,0,58.31,0,41.69
2021-06-17T00:00:00.000Z,2680,5515931,59.32,1165,5171518,55.61,0,0,0,0,0,0,58.33,0,41.67
2021-06-18T00:00:00.000Z,1224,5517155,59.33,469,5171987,55.62,0,0,0,0,0,0,58.34,0,41.66
2021-06-19T00:00:00.000Z,204,5517359,59.33,127,5172114,55.62,0,0,0,0,0,0,58.34,0,41.66
2021-06-20T00:00:00.000Z,3292,5520651,59.37,1309,5173423,55.63,0,0,0,0,0,0,58.37,0,41.63
2021-06-21T00:00:00.000Z,5193,5525844,59.42,1183,5174606,55.65,0,0,0,0,0,0,58.41,0,41.59
2021-06-22T00:00:00.000Z,6875,5532719,59.5,1061,5175667,55.66,0,0,0,0,0,0,58.46,0,41.54
2021-06-23T00:00:00.000Z,10690,5543409,59.61,1261,5176928,55.67,0,0,0,0,0,0,58.54,0,41.46
2021-06-24T00:00:00.000Z,11985,5555394,59.74,1430,5178358,55.69,0,0,0,0,0,0,58.62,0,41.38
2021-06-25T00:00:00.000Z,7058,5562452,59.82,897,5179255,55.7,0,0,0,0,0,0,58.67,0,41.33
2021-06-26T00:00:00.000Z,2245,5564697,59.84,178,5179433,55.7,0,0,0,0,0,0,58.68,0,41.32
2021-06-27T00:00:00.000Z,13597,5578294,59.99,3418,5182851,55.73,0,0,0,0,0,0,58.78,0,41.22
2021-06-28T00:00:00.000Z,14464,5592758,60.14,3634,5186485,55.77,0,0,0,0,0,0,58.88,0,41.12
2021-06-29T00:00:00.000Z,16666,5609424,60.32,3692,5190177,55.81,0,0,0,0,0,0,58.99,0,41.01
2021-06-30T00:00:00.000Z,16430,5625854,60.5,3353,5193530,55.85,0,0,0,0,0,0,59.11,0,40.89
2021-07-01T00:00:00.000Z,16758,5642612,60.68,3333,5196863,55.88,18,18,0,0,0,0,59.23,0,40.77
2021-07-02T00:00:00.000Z,9795,5652407,60.78,1557,5198420,55.9,4,22,0,0,0,0,59.3,0,40.7
2021-07-03T00:00:00.000Z,2642,5655049,60.81,279,5198699,55.9,0,22,0,0,0,0,59.32,0,40.68
2021-07-04T00:00:00.000Z,17709,5672758,61,3135,5201834,55.94,0,22,0,0,0,0,59.46,0,40.54
2021-07-05T00:00:00.000Z,17810,5690568,61.19,3004,5204838,55.97,4,26,0,0,0,0,59.6,0,40.4
2021-07-06T00:00:00.000Z,17800,5708368,61.38,3373,5208211,56.01,7,33,0,0,0,0,59.74,0,40.26
2021-07-07T00:00:00.000Z,15483,5723851,61.55,2647,5210858,56.04,11,44,0,0,0,0,59.87,0,40.13
2021-07-08T00:00:00.000Z,16544,5740395,61.73,2824,5213682,56.07,15,59,0,0,0,0,60,0,40
2021-07-09T00:00:00.000Z,11094,5751489,61.85,1478,5215160,56.08,2,61,0,0,0,0,60.09,0,39.91
2021-07-10T00:00:00.000Z,4939,5756428,61.9,367,5215527,56.09,5,66,0,0,0,0,60.13,0,39.87
2021-07-11T00:00:00.000Z,1441,5757869,61.92,2825,5218352,56.12,5,71,0,0,0,0,60.16,0,39.84
2021-07-12T00:00:00.000Z,2382,5760251,61.94,3644,5221996,56.15,48,119,0,0,0,0,60.2,0,39.8
2021-07-13T00:00:00.000Z,2918,5763169,61.97,5416,5227412,56.21,121,240,0,0,0,0,60.25,0,39.75
2021-07-14T00:00:00.000Z,2699,5765868,62,7472,5234884,56.29,441,681,0.01,0,0,0,60.29,0,39.71
2021-07-15T00:00:00.000Z,2944,5768812,62.03,9250,5244134,56.39,372,1053,0.01,0,0,0,60.34,0,39.66
2021-07-16T00:00:00.000Z,1222,5770034,62.05,5849,5249983,56.46,63,1116,0.01,0,0,0,60.36,0,39.64
2021-07-17T00:00:00.000Z,342,5770376,62.05,1360,5251343,56.47,7,1123,0.01,0,0,0,60.37,0,39.63
2021-07-18T00:00:00.000Z,2037,5772413,62.07,9748,5261091,56.58,235,1358,0.01,0,0,0,60.4,0,39.6
2021-07-19T00:00:00.000Z,3156,5775569,62.11,11295,5272386,56.7,456,1814,0.02,0,0,0,60.44,0,39.56
2021-07-20T00:00:00.000Z,2631,5778200,62.14,11872,5284258,56.82,371,2185,0.02,0,0,0,60.42,0.07,39.51
2021-07-21T00:00:00.000Z,2344,5780544,62.16,11832,5296090,56.95,320,2505,0.03,0,0,0,60.26,0.28,39.46
2021-07-22T00:00:00.000Z,2839,5783383,62.19,13207,5309297,57.09,387,2892,0.03,0,0,0,59.93,0.67,39.4
2021-07-23T00:00:00.000Z,1997,5785380,62.21,8180,5317477,57.18,101,2993,0.03,0,0,0,59.35,1.29,39.36
2021-07-24T00:00:00.000Z,607,5785987,62.22,1451,5318928,57.2,6,2999,0.03,0,0,0,58.61,2.04,39.35
2021-07-25T00:00:00.000Z,4396,5790383,62.27,15462,5334390,57.36,225,3224,0.03,0,0,0,58.29,2.43,39.28
2021-07-26T00:00:00.000Z,5119,5795502,62.32,13472,5347862,57.51,322,3546,0.04,0,0,0,58.1,2.71,39.19
2021-07-27T00:00:00.000Z,5445,5800947,62.38,13506,5361368,57.65,410,3956,0.04,0,0,0,57.27,3.63,39.1
2021-07-28T00:00:00.000Z,3948,5804895,62.42,12295,5373663,57.79,467,4423,0.05,0,0,0,56.05,4.93,39.02
2021-07-29T00:00:00.000Z,4624,5809519,62.47,14119,5387782,57.94,522,4945,0.05,0,0,0,54.65,6.41,38.93
2021-07-30T00:00:00.000Z,2617,5812136,62.5,10803,5398585,58.05,4115,9060,0.1,0,0,0,53.18,7.92,38.9
2021-07-31T00:00:00.000Z,1379,5813515,62.52,3521,5402106,58.09,6151,15211,0.16,0,0,0,51.46,9.64,38.9
2021-08-01T00:00:00.000Z,3054,5816569,62.55,3336,5405442,58.13,31040,46251,0.5,0,0,0,50.94,10.15,38.92
2021-08-02T00:00:00.000Z,3086,5819655,62.58,3125,5408567,58.16,58495,104746,1.13,0,0,0,50.72,10.24,39.03
2021-08-03T00:00:00.000Z,3340,5822995,62.62,3271,5411838,58.2,78952,183698,1.98,0,0,0,49.7,11.07,39.23
2021-08-04T00:00:00.000Z,3489,5826484,62.66,3200,5415038,58.23,80743,264441,2.84,0,0,0,48.7,11.86,39.44
2021-08-05T00:00:00.000Z,4472,5830956,62.7,3529,5418567,58.27,88431,352872,3.79,0,0,0,47.92,12.4,39.68
2021-08-06T00:00:00.000Z,2388,5833344,62.73,1807,5420374,58.29,44732,397604,4.28,0,0,0,46.97,13.26,39.77
2021-08-07T00:00:00.000Z,1006,5834350,62.74,649,5421023,58.29,27344,424948,4.57,0,0,0,45.82,14.34,39.84
2021-08-08T00:00:00.000Z,4989,5839339,62.79,3043,5424066,58.33,80062,505010,5.43,0,0,0,45.73,14.27,40
2021-08-09T00:00:00.000Z,5312,5844651,62.85,3003,5427069,58.36,76467,581477,6.25,0,0,0,45.97,13.98,40.05
2021-08-10T00:00:00.000Z,5532,5850183,62.91,3142,5430211,58.39,75402,656879,7.06,0,0,0,46.18,13.81,40.01
2021-08-11T00:00:00.000Z,5660,5855843,62.97,2898,5433109,58.43,62613,719492,7.74,0,0,0,46.57,13.52,39.91
2021-08-12T00:00:00.000Z,7009,5862852,63.05,3256,5436365,58.46,59432,778924,8.38,0,0,0,47.05,13.21,39.74
2021-08-13T00:00:00.000Z,3781,5866633,63.09,2024,5438389,58.48,43846,822770,8.85,0,0,0,47.01,13.29,39.7
2021-08-14T00:00:00.000Z,2233,5868866,63.11,819,5439208,58.49,44458,867228,9.33,0,0,0,46.77,13.49,39.74
2021-08-15T00:00:00.000Z,7161,5876027,63.19,4506,5443714,58.54,97935,965163,10.38,0,0,0,47.43,12.85,39.72
2021-08-16T00:00:00.000Z,6967,5882994,63.26,4687,5448401,58.59,89472,1054635,11.34,0,0,0,48.08,12.25,39.68
2021-08-17T00:00:00.000Z,7563,5890557,63.34,5095,5453496,58.64,83267,1137902,12.24,0,0,0,48.24,12.15,39.61
2021-08-18T00:00:00.000Z,8627,5899184,63.44,4563,5458059,58.69,69200,1207102,12.98,0,0,0,48.3,12.17,39.53
2021-08-19T00:00:00.000Z,10065,5909249,63.55,5179,5463238,58.75,65926,1273028,13.69,0,0,0,48.32,12.24,39.44
2021-08-20T00:00:00.000Z,4716,5913965,63.6,2772,5466010,58.78,60418,1333446,14.34,0,0,0,48.14,12.41,39.44
2021-08-21T00:00:00.000Z,3484,5917449,63.63,1542,5467552,58.8,50701,1384147,14.88,0,0,0,47.9,12.68,39.42
2021-08-22T00:00:00.000Z,9833,5927282,63.74,4783,5472335,58.85,105035,1489182,16.01,0,0,0,48.58,12.09,39.32
2021-08-23T00:00:00.000Z,10921,5938203,63.86,4395,5476730,58.89,93940,1583122,17.02,0,0,0,49.21,11.58,39.21
2021-08-24T00:00:00.000Z,11745,5949948,63.98,4669,5481399,58.94,98429,1681551,18.08,0,0,0,49.46,11.42,39.12
2021-08-25T00:00:00.000Z,9630,5959578,64.09,4441,5485840,58.99,99415,1780966,19.15,0,0,0,49.56,11.37,39.07
2021-08-26T00:00:00.000Z,10107,5969685,64.2,5017,5490857,59.05,101089,1882055,20.24,0,0,0,49.63,11.33,39.04
2021-08-27T00:00:00.000Z,4311,5973996,64.24,2745,5493602,59.08,56647,1938702,20.85,0,0,0,49.51,11.55,38.95
2021-08-28T00:00:00.000Z,3692,5977688,64.28,1464,5495066,59.09,33500,1972202,21.21,0,0,0,49.19,11.98,38.84
2021-08-29T00:00:00.000Z,10341,5988029,64.39,5914,5500980,59.15,79449,2051651,22.06,0,0,0,49.75,11.65,38.61
2021-08-30T00:00:00.000Z,12346,6000375,64.53,6974,5507954,59.23,115897,2167548,23.31,0,0,0,50.44,11.05,38.51
2021-08-31T00:00:00.000Z,12090,6012465,64.66,6467,5514421,59.3,114759,2282307,24.54,0,0,0,50.77,10.82,38.41
2021-09-01T00:00:00.000Z,9066,6021531,64.75,5966,5520387,59.36,112372,2394679,25.75,0,0,0,51.06,10.58,38.36
2021-09-02T00:00:00.000Z,8800,6030331,64.85,7134,5527521,59.44,111413,2506092,26.95,0,0,0,51.47,10.22,38.31
2021-09-03T00:00:00.000Z,3729,6034060,64.89,4079,5531600,59.48,58839,2564931,27.58,0,0,0,51.53,10.2,38.27
2021-09-04T00:00:00.000Z,2687,6036747,64.92,1993,5533593,59.51,29920,2594851,27.9,0,0,0,51.36,10.4,38.23
2021-09-05T00:00:00.000Z,7026,6043773,64.99,6438,5540031,59.57,73251,2668102,28.69,0,0,0,51.84,10.03,38.14
2021-09-06T00:00:00.000Z,2821,6046594,65.02,2652,5542683,59.6,22761,2690863,28.94,0,0,0,52.27,9.9,37.83
2021-09-07T00:00:00.000Z,1183,6047777,65.03,836,5543519,59.61,5372,2696235,28.99,0,0,0,52.37,10.13,37.5
2021-09-08T00:00:00.000Z,1370,6049147,65.05,1146,5544665,59.62,6605,2702840,29.07,0,0,0,52.44,10.39,37.17
2021-09-09T00:00:00.000Z,7106,6056253,65.13,12516,5557181,59.76,73761,2776601,29.86,0,0,0,52.79,10.21,36.99
2021-09-10T00:00:00.000Z,3233,6059486,65.16,4959,5562140,59.81,37890,2814491,30.27,0,0,0,52.75,10.34,36.91
2021-09-11T00:00:00.000Z,2108,6061594,65.18,2476,5564616,59.84,14791,2829282,30.42,0,0,0,52.38,10.77,36.85
2021-09-12T00:00:00.000Z,6123,6067717,65.25,8567,5573183,59.93,54075,2883357,31.01,0,0,0,52.69,10.57,36.74
2021-09-13T00:00:00.000Z,5651,6073368,65.31,8200,5581383,60.02,47880,2931237,31.52,0,0,0,52.86,10.37,36.76
2021-09-14T00:00:00.000Z,4952,6078320,65.36,7379,5588762,60.1,48798,2980035,32.05,0,0,0,52.63,10.52,36.85
2021-09-15T00:00:00.000Z,1733,6080053,65.38,2679,5591441,60.13,16663,2996698,32.23,0,0,0,52.21,10.93,36.86
2021-09-16T00:00:00.000Z,331,6080384,65.39,519,5591960,60.13,1730,2998428,32.24,0,0,0,51.98,11.42,36.59
2021-09-17T00:00:00.000Z,3675,6084059,65.42,6981,5598941,60.21,42857,3041285,32.7,0,0,0,51.93,11.5,36.57
2021-09-18T00:00:00.000Z,2246,6086305,65.45,2923,5601864,60.24,12771,3054056,32.84,0,0,0,51.53,11.93,36.54
2021-09-19T00:00:00.000Z,5972,6092277,65.51,10694,5612558,60.35,44269,3098325,33.32,0,0,0,51.73,11.82,36.44
2021-09-20T00:00:00.000Z,3231,6095508,65.55,4608,5617166,60.4,16675,3115000,33.5,0,0,0,51.86,11.84,36.3
2021-09-21T00:00:00.000Z,1317,6096825,65.56,2026,5619192,60.43,3440,3118440,33.53,0,0,0,51.53,12.34,36.13
2021-09-22T00:00:00.000Z,4258,6101083,65.61,7217,5626409,60.5,25010,3143450,33.8,0,0,0,51.13,12.74,36.12
2021-09-23T00:00:00.000Z,4392,6105475,65.66,5877,5632286,60.57,27782,3171232,34.1,0,0,0,50.75,13.08,36.17
2021-09-24T00:00:00.000Z,3192,6108667,65.69,4148,5636434,60.61,27683,3198915,34.4,0,0,0,50.65,13.27,36.08
2021-09-25T00:00:00.000Z,2076,6110743,65.71,2235,5638669,60.64,10412,3209327,34.51,0,0,0,50.32,13.63,36.05
2021-09-26T00:00:00.000Z,5633,6116376,65.77,5956,5644625,60.7,36211,3245538,34.9,0,0,0,50.56,13.48,35.95
2021-09-27T00:00:00.000Z,4695,6121071,65.82,4428,5649053,60.75,30407,3275945,35.23,0,0,0,50.72,13.33,35.95
2021-09-28T00:00:00.000Z,1455,6122526,65.84,1157,5650210,60.76,6216,3282161,35.29,0,0,0,50.48,13.59,35.94
2021-09-29T00:00:00.000Z,9647,6132173,65.94,8314,5658524,60.85,60235,3342396,35.94,0,0,0,50.67,13.36,35.97
2021-09-30T00:00:00.000Z,10989,6143162,66.06,8528,5667052,60.94,79613,3422009,36.8,0,0,0,51.24,12.7,36.07
2021-10-01T00:00:00.000Z,5122,6148284,66.12,3835,5670887,60.98,46468,3468477,37.3,0,0,0,51.32,12.6,36.08
2021-10-02T00:00:00.000Z,2863,6151147,66.15,2099,5672986,61,22405,3490882,37.54,0,0,0,51.24,12.67,36.09
2021-10-03T00:00:00.000Z,11699,6162846,66.27,7252,5680238,61.08,70655,3561537,38.3,0,0,0,51.81,12.09,36.11
2021-10-04T00:00:00.000Z,10327,6173173,66.38,6728,5686966,61.15,51832,3613369,38.86,0,0,0,52.28,11.63,36.09
2021-10-05T00:00:00.000Z,8454,6181627,66.47,5272,5692238,61.21,40409,3653778,39.29,0,0,0,52.55,11.31,36.15
2021-10-06T00:00:00.000Z,7595,6189222,66.56,4145,5696383,61.26,34022,3687800,39.66,0,0,0,52.9,11.14,35.96
2021-10-07T00:00:00.000Z,6921,6196143,66.63,3979,5700362,61.3,33969,3721769,40.02,0,0,0,53.39,10.91,35.7
2021-10-08T00:00:00.000Z,3096,6199239,66.66,2596,5702958,61.33,19185,3740954,40.23,0,0,0,53.62,10.82,35.56
2021-10-09T00:00:00.000Z,1337,6200576,66.68,1418,5704376,61.34,7408,3748362,40.31,0,0,0,53.66,10.85,35.49
2021-10-10T00:00:00.000Z,4692,6205268,66.73,3729,5708105,61.38,21484,3769846,40.54,0,0,0,54.13,10.63,35.24
2021-10-11T00:00:00.000Z,4298,6209566,66.77,2918,5711023,61.41,17216,3787062,40.72,0,0,0,54.51,10.44,35.05
2021-10-12T00:00:00.000Z,3977,6213543,66.82,2975,5713998,61.45,15304,3802366,40.89,0,0,0,54.66,10.42,34.91
2021-10-13T00:00:00.000Z,3495,6217038,66.86,2422,5716420,61.47,13513,3815879,41.03,0,0,0,54.81,10.41,34.78
2021-10-14T00:00:00.000Z,3873,6220911,66.9,2651,5719071,61.5,16496,3832375,41.21,0,0,0,55,10.34,34.66
2021-10-15T00:00:00.000Z,1699,6222610,66.91,1647,5720718,61.52,8954,3841329,41.31,0,0,0,55.07,10.34,34.59
2021-10-16T00:00:00.000Z,733,6223343,66.92,926,5721644,61.53,4011,3845340,41.35,0,0,0,55.02,10.42,34.56
2021-10-17T00:00:00.000Z,3114,6226457,66.96,2508,5724152,61.55,12756,3858096,41.49,0,0,0,55.21,10.31,34.48
2021-10-18T00:00:00.000Z,2456,6228913,66.98,1638,5725790,61.57,10013,3868109,41.6,0,0,0,55.36,10.23,34.41
2021-10-19T00:00:00.000Z,2379,6231292,67.01,1249,5727039,61.59,9256,3877365,41.7,0,0,0,55.42,10.23,34.35
2021-10-20T00:00:00.000Z,2446,6233738,67.03,2271,5729310,61.61,10026,3887391,41.8,0,0,0,55.49,10.21,34.3
2021-10-21T00:00:00.000Z,3028,6236766,67.07,3062,5732372,61.64,12091,3899482,41.93,0,0,0,55.64,10.12,34.24
2021-10-22T00:00:00.000Z,1270,6238036,67.08,1396,5733768,61.66,5775,3905257,42,0,0,0,55.7,10.09,34.21
2021-10-23T00:00:00.000Z,554,6238590,67.09,1243,5735011,61.67,2554,3907811,42.02,0,0,0,55.74,10.07,34.2
2021-10-24T00:00:00.000Z,2509,6241099,67.11,2649,5737660,61.7,9820,3917631,42.13,0,0,0,55.84,10.01,34.15
2021-10-25T00:00:00.000Z,2630,6243729,67.14,2705,5740365,61.73,8457,3926088,42.22,0,0,0,55.95,9.94,34.11
2021-10-26T00:00:00.000Z,2370,6246099,67.17,2015,5742380,61.75,8475,3934563,42.31,0,0,0,56.02,9.9,34.08
2021-10-27T00:00:00.000Z,2303,6248402,67.19,2532,5744912,61.78,7877,3942440,42.4,0,0,0,56.09,9.87,34.04
2021-10-28T00:00:00.000Z,2491,6250893,67.22,2733,5747645,61.81,8614,3951054,42.49,1,1,0,56.17,9.83,33.99
2021-10-29T00:00:00.000Z,880,6251773,67.23,1106,5748751,61.82,4075,3955129,42.53,0,1,0,56.19,9.84,33.98
2021-10-30T00:00:00.000Z,351,6252124,67.23,510,5749261,61.82,1692,3956821,42.55,0,1,0,56.16,9.87,33.96
2021-10-31T00:00:00.000Z,2269,6254393,67.26,2472,5751733,61.85,8210,3965031,42.64,0,1,0,56.26,9.81,33.93
2021-11-01T00:00:00.000Z,1736,6256129,67.28,2076,5753809,61.87,6429,3971460,42.71,0,1,0,56.35,9.76,33.89
2021-11-02T00:00:00.000Z,2024,6258153,67.3,2008,5755817,61.9,6223,3977683,42.77,1,2,0,56.4,9.74,33.86
2021-11-03T00:00:00.000Z,1764,6259917,67.32,1863,5757680,61.92,5484,3983167,42.83,0,2,0,56.43,9.74,33.83
2021-11-04T00:00:00.000Z,2111,6262028,67.34,2772,5760452,61.95,7057,3990224,42.91,0,2,0,56.49,9.72,33.79
2021-11-05T00:00:00.000Z,763,6262791,67.35,876,5761328,61.95,3418,3993642,42.95,0,2,0,56.48,9.73,33.78
2021-11-06T00:00:00.000Z,338,6263129,67.35,377,5761705,61.96,1352,3994994,42.96,0,2,0,56.45,9.77,33.77
2021-11-07T00:00:00.000Z,1592,6264721,67.37,1759,5763464,61.98,6091,4001085,43.03,0,2,0,56.53,9.73,33.74
2021-11-08T00:00:00.000Z,1511,6266232,67.38,1570,5765034,61.99,5347,4006432,43.08,0,2,0,56.6,9.68,33.72
2021-11-09T00:00:00.000Z,1431,6267663,67.4,1577,5766611,62.01,5269,4011701,43.14,0,2,0,56.63,9.67,33.7
2021-11-10T00:00:00.000Z,1430,6269093,67.41,1628,5768239,62.03,4701,4016402,43.19,0,2,0,56.66,9.67,33.68
2021-11-11T00:00:00.000Z,1632,6270725,67.43,1923,5770162,62.05,5679,4022081,43.25,3,5,0,56.71,9.64,33.65
2021-11-12T00:00:00.000Z,617,6271342,67.44,795,5770957,62.06,2856,4024937,43.28,1,6,0,56.72,9.64,33.64
2021-11-13T00:00:00.000Z,246,6271588,67.44,275,5771232,62.06,1093,4026030,43.29,0,6,0,56.71,9.66,33.63
2021-11-14T00:00:00.000Z,1549,6273137,67.46,1612,5772844,62.08,5074,4031104,43.35,1,7,0,56.77,9.62,33.61
2021-11-15T00:00:00.000Z,1255,6274392,67.47,1594,5774438,62.1,4720,4035824,43.4,0,7,0,56.83,9.58,33.59
2021-11-16T00:00:00.000Z,1274,6275666,67.49,1385,5775823,62.11,4275,4040099,43.45,0,7,0,56.86,9.57,33.57
2021-11-17T00:00:00.000Z,1208,6276874,67.5,1531,5777354,62.13,3813,4043912,43.49,0,7,0,56.89,9.57,33.55
2021-11-18T00:00:00.000Z,1356,6278230,67.51,1656,5779010,62.14,4940,4048852,43.54,0,7,0,56.93,9.54,33.53
2021-11-19T00:00:00.000Z,580,6278810,67.52,731,5779741,62.15,2388,4051240,43.56,0,7,0,56.94,9.54,33.52
2021-11-20T00:00:00.000Z,228,6279038,67.52,231,5779972,62.16,894,4052134,43.57,1,8,0,56.93,9.56,33.51
2021-11-21T00:00:00.000Z,1433,6280471,67.54,1513,5781485,62.17,4830,4056964,43.63,0,8,0,56.98,9.52,33.5
2021-11-22T00:00:00.000Z,1675,6282146,67.56,1496,5782981,62.19,4161,4061125,43.67,1,9,0,57.04,9.48,33.47
2021-11-23T00:00:00.000Z,8615,6290761,67.65,1658,5784639,62.21,3925,4065050,43.71,0,9,0,57.14,9.46,33.4
2021-11-24T00:00:00.000Z,9355,6300116,67.75,1290,5785929,62.22,3833,4068883,43.75,0,9,0,57.23,9.44,33.33
2021-11-25T00:00:00.000Z,9822,6309938,67.85,1572,5787501,62.24,4764,4073647,43.81,0,9,0,57.31,9.44,33.25
2021-11-26T00:00:00.000Z,5606,6315544,67.91,717,5788218,62.24,2719,4076366,43.84,0,9,0,57.34,9.46,33.21
2021-11-27T00:00:00.000Z,4775,6320319,67.97,306,5788524,62.25,1120,4077486,43.85,0,9,0,57.35,9.48,33.17
2021-11-28T00:00:00.000Z,10154,6330473,68.07,1466,5789990,62.26,4842,4082328,43.9,0,9,0,57.46,9.45,33.09
2021-11-29T00:00:00.000Z,9028,6339501,68.17,1112,5791102,62.27,4287,4086615,43.95,0,9,0,57.57,9.42,33.01
2021-11-30T00:00:00.000Z,10043,6349544,68.28,999,5792101,62.29,3998,4090613,43.99,0,9,0,57.65,9.42,32.93
2021-12-01T00:00:00.000Z,8622,6358166,68.37,1065,5793166,62.3,4347,4094960,44.04,1,10,0,57.73,9.42,32.86
2021-12-02T00:00:00.000Z,9161,6367327,68.47,1410,5794576,62.31,5002,4099962,44.09,1,11,0,57.82,9.4,32.78
2021-12-03T00:00:00.000Z,6348,6373675,68.54,634,5795210,62.32,2768,4102730,44.12,1,12,0,57.87,9.4,32.73
2021-12-04T00:00:00.000Z,2497,6376172,68.57,227,5795437,62.32,868,4103598,44.13,1,13,0,57.88,9.41,32.71
2021-12-05T00:00:00.000Z,8335,6384507,68.66,1241,5796678,62.33,4644,4108242,44.18,0,13,0,57.98,9.39,32.63
2021-12-06T00:00:00.000Z,6727,6391234,68.73,1171,5797849,62.35,4260,4112502,44.22,1,14,0,58.07,9.36,32.57
2021-12-07T00:00:00.000Z,5550,6396784,68.79,1477,5799326,62.36,3888,4116390,44.27,1,15,0,58.13,9.35,32.52
2021-12-08T00:00:00.000Z,4930,6401714,68.84,1170,5800496,62.38,3766,4120156,44.31,1,16,0,58.19,9.33,32.48
2021-12-09T00:00:00.000Z,6240,6407954,68.91,1211,5801707,62.39,4425,4124581,44.35,1,17,0,58.27,9.31,32.42
2021-12-10T00:00:00.000Z,3005,6410959,68.94,660,5802367,62.4,2587,4127168,44.38,1,18,0,58.31,9.3,32.39
2021-12-11T00:00:00.000Z,1489,6412448,68.96,245,5802612,62.4,955,4128123,44.39,0,18,0,58.32,9.3,32.38
2021-12-12T00:00:00.000Z,7283,6419731,69.03,1426,5804038,62.41,5194,4133317,44.45,0,18,0,58.42,9.27,32.32
2021-12-13T00:00:00.000Z,6168,6425899,69.1,1353,5805391,62.43,4275,4137592,44.49,0,18,0,58.5,9.24,32.26
2021-12-14T00:00:00.000Z,7325,6433224,69.18,6087,5811478,62.49,4845,4142437,44.55,1,19,0,58.59,9.21,32.2
2021-12-15T00:00:00.000Z,7202,6440426,69.26,7381,5818859,62.57,5363,4147800,44.6,0,19,0,58.68,9.18,32.14
2021-12-16T00:00:00.000Z,8079,6448505,69.34,8597,5827456,62.67,6455,4154255,44.67,4,23,0,58.78,9.15,32.07
2021-12-17T00:00:00.000Z,4366,6452871,69.39,5109,5832565,62.72,3829,4158084,44.71,1,24,0,58.83,9.14,32.04
2021-12-18T00:00:00.000Z,3930,6456801,69.43,2896,5835461,62.75,1291,4159375,44.73,0,24,0,58.86,9.14,32.01
2021-12-19T00:00:00.000Z,6981,6463782,69.51,9324,5844785,62.85,6215,4165590,44.79,1,25,0,58.96,9.1,31.94
2021-12-20T00:00:00.000Z,7983,6471765,69.59,7496,5852281,62.93,5305,4170895,44.85,2,27,0,59.05,9.08,31.87
2021-12-21T00:00:00.000Z,9557,6481322,69.7,8629,5860910,63.03,6363,4177258,44.92,0,27,0,59.18,9.05,31.77
2021-12-22T00:00:00.000Z,9664,6490986,69.8,8124,5869034,63.11,6141,4183399,44.99,3,30,0,59.31,9.03,31.66
2021-12-23T00:00:00.000Z,11549,6502535,69.93,10251,5879285,63.22,8033,4191432,45.07,4,34,0,59.46,9,31.54
2021-12-24T00:00:00.000Z,5892,6508427,69.99,6229,5885514,63.29,5185,4196617,45.13,2,36,0,59.55,8.98,31.47
2021-12-25T00:00:00.000Z,3336,6511763,70.02,2562,5888076,63.32,2008,4198625,45.15,3,39,0,59.59,8.98,31.44
2021-12-26T00:00:00.000Z,10662,6522425,70.14,8903,5896979,63.41,8164,4206789,45.24,4,43,0,59.75,8.93,31.32
2021-12-27T00:00:00.000Z,10373,6532798,70.25,7126,5904105,63.49,8098,4214887,45.32,75,118,0,59.9,8.89,31.21
2021-12-28T00:00:00.000Z,11379,6544177,70.37,7430,5911535,63.57,9534,4224421,45.43,84,202,0,60.05,8.86,31.09
2021-12-29T00:00:00.000Z,9969,6554146,70.48,5948,5917483,63.63,8231,4232652,45.52,3,205,0,60.19,8.83,30.98
2021-12-30T00:00:00.000Z,11027,6565173,70.6,7725,5925208,63.72,12149,4244801,45.65,4,209,0,60.36,8.79,30.86
2021-12-31T00:00:00.000Z,4840,6570013,70.65,3664,5928872,63.76,7234,4252035,45.72,41,250,0,60.44,8.77,30.8
2022-01-01T00:00:00.000Z,1991,6572004,70.67,1586,5930458,63.77,2733,4254768,45.75,3,253,0,60.46,8.76,30.77
2022-01-02T00:00:00.000Z,10230,6582234,70.78,6480,5936938,63.84,12948,4267716,45.89,153,406,0,60.63,8.71,30.66
2022-01-03T00:00:00.000Z,9397,6591631,70.88,5229,5942167,63.9,11241,4278957,46.01,4443,4849,0.05,60.78,8.66,30.56
2022-01-04T00:00:00.000Z,8978,6600609,70.98,5934,5948101,63.96,10416,4289373,46.13,50307,55156,0.59,60.91,8.64,30.46
2022-01-05T00:00:00.000Z,8558,6609167,71.07,5709,5953810,64.02,10395,4299768,46.24,59531,114687,1.23,61.03,8.61,30.37
2022-01-06T00:00:00.000Z,10356,6619523,71.18,7944,5961754,64.11,13436,4313204,46.38,63939,178626,1.92,61.18,8.56,30.26
2022-01-07T00:00:00.000Z,4759,6624282,71.23,4530,5966284,64.16,8071,4321275,46.47,31125,209751,2.26,61.25,8.54,30.21
2022-01-08T00:00:00.000Z,2746,6627028,71.26,2436,5968720,64.18,5451,4326726,46.53,27619,237370,2.55,61.28,8.53,30.19
2022-01-09T00:00:00.000Z,9315,6636343,71.36,7728,5976448,64.27,11823,4338549,46.65,66789,304159,3.27,61.43,8.48,30.09
2022-01-10T00:00:00.000Z,8351,6644694,71.45,7617,5984065,64.35,11785,4350334,46.78,64819,368978,3.97,61.57,8.43,30
2022-01-11T00:00:00.000Z,8104,6652798,71.54,8593,5992658,64.44,11895,4362229,46.91,56658,425636,4.58,61.69,8.4,29.91
2022-01-12T00:00:00.000Z,7241,6660039,71.62,8278,6000936,64.53,11018,4373247,47.03,44581,470217,5.06,61.81,8.35,29.83
2022-01-13T00:00:00.000Z,7515,6667554,71.7,9596,6010532,64.63,11456,4384703,47.15,34732,504949,5.43,62,8.27,29.73
2022-01-14T00:00:00.000Z,2548,6670102,71.73,4915,6015447,64.69,6042,4390745,47.22,11150,516099,5.55,62.08,8.23,29.69
2022-01-15T00:00:00.000Z,1461,6671563,71.74,3155,6018602,64.72,3829,4394574,47.26,5709,521808,5.61,62.12,8.21,29.66
2022-01-16T00:00:00.000Z,3818,6675381,71.78,8509,6027111,64.81,7626,4402200,47.34,19987,541795,5.83,62.26,8.14,29.6
2022-01-17T00:00:00.000Z,2802,6678183,71.81,7036,6034147,64.89,6084,4408284,47.4,17813,559608,6.02,62.4,8.06,29.54
2022-01-18T00:00:00.000Z,2475,6680658,71.84,7355,6041502,64.97,5433,4413717,47.46,14827,574435,6.18,62.53,8,29.47
2022-01-19T00:00:00.000Z,1893,6682551,71.86,6339,6047841,65.04,4445,4418162,47.51,8435,582870,6.27,62.7,7.89,29.41
2022-01-20T00:00:00.000Z,1776,6684327,71.88,6934,6054775,65.11,4716,4422878,47.56,8013,590883,6.35,62.8,7.85,29.35
2022-01-21T00:00:00.000Z,916,6685243,71.89,3699,6058474,65.15,2561,4425439,47.59,3348,594231,6.39,62.92,7.76,29.31
2022-01-22T00:00:00.000Z,329,6685572,71.89,1455,6059929,65.17,1027,4426466,47.6,1110,595341,6.4,63.01,7.71,29.29
2022-01-23T00:00:00.000Z,1066,6686638,71.9,5612,6065541,65.23,2840,4429306,47.63,6076,601417,6.47,63.14,7.62,29.24
2022-01-24T00:00:00.000Z,751,6687389,71.91,4470,6070011,65.27,2205,4431511,47.65,5043,606460,6.52,63.23,7.57,29.2
2022-01-25T00:00:00.000Z,736,6688125,71.92,4384,6074395,65.32,2133,4433644,47.68,7076,613536,6.6,63.29,7.54,29.16
2022-01-26T00:00:00.000Z,615,6688740,71.93,3270,6077665,65.36,1561,4435205,47.69,4244,617780,6.64,63.34,7.53,29.13
2022-01-27T00:00:00.000Z,796,6689536,71.94,4386,6082051,65.4,1935,4437140,47.71,5411,623191,6.7,63.42,7.49,29.09
2022-01-28T00:00:00.000Z,394,6689930,71.94,2363,6084414,65.43,1110,4438250,47.73,3424,626615,6.74,63.46,7.47,29.07
2022-01-29T00:00:00.000Z,126,6690056,71.94,1031,6085445,65.44,392,4438642,47.73,1157,627772,6.75,63.54,7.41,29.05
2022-01-30T00:00:00.000Z,771,6690827,71.95,4688,6090133,65.49,1984,4440626,47.75,8074,635846,6.84,63.64,7.34,29.02
2022-01-31T00:00:00.000Z,523,6691350,71.96,3156,6093289,65.52,1554,4442180,47.77,6400,642246,6.91,63.73,7.27,29
2022-02-01T00:00:00.000Z,469,6691819,71.96,2745,6096034,65.55,1448,4443628,47.78,5585,647831,6.97,63.76,7.26,28.97
2022-02-02T00:00:00.000Z,0,6691819,71.96,0,6096034,65.55,0,4443628,47.78,0,647831,6.97,63.75,7.29,28.96
