Day_Date,vaccinated,vaccinated_cum,vaccinated_population_perc,vaccinated_seconde_dose,vaccinated_seconde_dose_cum,vaccinated_seconde_dose_population_perc,vaccinated_third_dose,vaccinated_third_dose_cum,vaccinated_third_dose_population_perc,vaccinated_fourth_dose,vaccinated_fourth_dose_cum,vaccinated_omicron_cum,vaccinated_omicron_population_perc,vaccinated_fourth_dose_population_perc,vaccinated_validity_perc,vaccinated_expired_perc,not_vaccinated_perc
2020-12-19T00:00:00.000Z,46,70,0,0,4,0,0,0,0,0,0,0,0,0,0,0,100
2020-12-20T00:00:00.000Z,7395,7465,0.08,0,4,0,0,0,0,0,0,0,0,0,0,0,100
2020-12-21T00:00:00.000Z,24923,32388,0.35,0,4,0,0,0,0,0,0,0,0,0,0,0,100
2020-12-22T00:00:00.000Z,44666,77054,0.83,0,4,0,0,0,0,0,0,0,0,0,0,0,100
2020-12-23T00:00:00.000Z,62917,139971,1.51,0,4,0,0,0,0,0,0,0,0,0,0,0,100
2020-12-24T00:00:00.000Z,73429,213400,2.29,0,4,0,0,0,0,0,0,0,0,0,0,0,100
2020-12-25T00:00:00.000Z,38515,251915,2.71,0,4,0,0,0,0,0,0,0,0,0,0,0,100
2020-12-26T00:00:00.000Z,32617,284532,3.06,0,4,0,0,0,0,0,0,0,0,0,0,0,100
2020-12-27T00:00:00.000Z,104571,389103,4.18,0,4,0,0,0,0,0,0,0,0,0,0,0,100
2020-12-28T00:00:00.000Z,135037,524140,5.64,0,4,0,0,0,0,0,0,0,0,0,0,0,100
2020-12-29T00:00:00.000Z,156334,680474,7.32,2,6,0,0,0,0,0,0,0,0,0,0,0,100
2020-12-30T00:00:00.000Z,153181,833655,8.96,0,6,0,0,0,0,0,0,0,0,0,0,0,100
2020-12-31T00:00:00.000Z,158591,992246,10.67,0,6,0,0,0,0,0,0,0,0,0,0,0,100
2021-01-01T00:00:00.000Z,71436,1063682,11.44,0,6,0,0,0,0,0,0,0,0,0,0,0,100
2021-01-02T00:00:00.000Z,71742,1135424,12.21,0,6,0,0,0,0,0,0,0,0,0,0,0,100
2021-01-03T00:00:00.000Z,149760,1285184,13.82,0,6,0,0,0,0,0,0,0,0,0,0,0,100
2021-01-04T00:00:00.000Z,152198,1437382,15.46,1,7,0,0,0,0,0,0,0,0,0,0,0,100
2021-01-05T00:00:00.000Z,125214,1562596,16.8,4,11,0,0,0,0,0,0,0,0,0,0,0,100
2021-01-06T00:00:00.000Z,103369,1665965,17.91,2,13,0,0,0,0,0,0,0,0,0,0,0,100
2021-01-07T00:00:00.000Z,116062,1782027,19.16,9,22,0,0,0,0,0,0,0,0,0,0,0,100
2021-01-08T00:00:00.000Z,66461,1848488,19.88,5,27,0,0,0,0,0,0,0,0,0,0,0,100
2021-01-09T00:00:00.000Z,44550,1893038,20.36,24,51,0,0,0,0,0,0,0,0,0,0,0,100
2021-01-10T00:00:00.000Z,37648,1930686,20.76,6000,6051,0.07,0,0,0,0,0,0,0,0,0,0,100
2021-01-11T00:00:00.000Z,21175,1951861,20.99,19264,25315,0.27,0,0,0,0,0,0,0,0,0,0,100
2021-01-12T00:00:00.000Z,24075,1975936,21.25,35673,60988,0.66,0,0,0,0,0,0,0,0,0,0,100
2021-01-13T00:00:00.000Z,52074,2028010,21.81,56874,117862,1.27,0,0,0,0,0,0,0,0,0,0,100
2021-01-14T00:00:00.000Z,56476,2084486,22.42,68837,186699,2.01,0,0,0,0,0,0,0,0,0,0,100
2021-01-15T00:00:00.000Z,30775,2115261,22.75,35940,222639,2.39,0,0,0,0,0,0,0,0,0,0,100
2021-01-16T00:00:00.000Z,29479,2144740,23.06,26006,248645,2.67,0,0,0,0,0,0,0,0,0,0,100
2021-01-17T00:00:00.000Z,68441,2213181,23.8,84596,333241,3.58,0,0,0,0,0,0,0,0,0.31,0,99.69
2021-01-18T00:00:00.000Z,69816,2282997,24.55,120434,453675,4.88,0,0,0,0,0,0,0,0,0.58,0,99.42
2021-01-19T00:00:00.000Z,72894,2355891,25.33,137847,591522,6.36,0,0,0,0,0,0,0,0,1.09,0,98.91
2021-01-20T00:00:00.000Z,76917,2432808,26.16,143762,735284,7.91,0,0,0,0,0,0,0,0,1.9,0,98.1
2021-01-21T00:00:00.000Z,70001,2502809,26.91,164472,899756,9.68,0,0,0,0,0,0,0,0,2.88,0,97.12
2021-01-22T00:00:00.000Z,37928,2540737,27.32,71132,970888,10.44,0,0,0,0,0,0,0,0,3.39,0,96.61
2021-01-23T00:00:00.000Z,39964,2580701,27.75,53594,1024482,11.02,0,0,0,0,0,0,0,0,3.77,0,96.23
2021-01-24T00:00:00.000Z,69146,2649847,28.5,140706,1165188,12.53,0,0,0,0,0,0,0,0,4.96,0,95.04
2021-01-25T00:00:00.000Z,80945,2730792,29.37,139519,1304707,14.03,0,0,0,0,0,0,0,0,6.61,0,93.39
2021-01-26T00:00:00.000Z,78730,2809522,30.21,126441,1431148,15.39,0,0,0,0,0,0,0,0,8.45,0,91.55
2021-01-27T00:00:00.000Z,77978,2887500,31.05,125066,1556214,16.73,0,0,0,0,0,0,0,0,10.34,0,89.66
2021-01-28T00:00:00.000Z,79569,2967069,31.91,130627,1686841,18.14,0,0,0,0,0,0,0,0,12.43,0,87.57
2021-01-29T00:00:00.000Z,36703,3003772,32.3,64792,1751633,18.84,0,0,0,0,0,0,0,0,13.34,0,86.66
2021-01-30T00:00:00.000Z,34394,3038166,32.67,42764,1794397,19.3,0,0,0,0,0,0,0,0,14.02,0,85.98
2021-01-31T00:00:00.000Z,73330,3111496,33.46,59502,1853899,19.94,0,0,0,0,0,0,0,0,15.76,0,84.24
2021-02-01T00:00:00.000Z,82505,3194001,34.35,35356,1889255,20.32,0,0,0,0,0,0,0,0,17.48,0,82.52
2021-02-02T00:00:00.000Z,70102,3264103,35.1,31071,1920326,20.65,0,0,0,0,0,0,0,0,19.01,0,80.99
2021-02-03T00:00:00.000Z,60307,3324410,35.75,51443,1971769,21.2,0,0,0,0,0,0,0,0,20.47,0,79.53
2021-02-04T00:00:00.000Z,72632,3397042,36.53,58096,2029865,21.83,0,0,0,0,0,0,0,0,22,0,78
2021-02-05T00:00:00.000Z,33943,3430985,36.9,28805,2058670,22.14,0,0,0,0,0,0,0,0,22.75,0,77.25
2021-02-06T00:00:00.000Z,21621,3452606,37.13,22231,2080901,22.38,0,0,0,0,0,0,0,0,23.23,0,76.77
2021-02-07T00:00:00.000Z,54080,3506686,37.71,68739,2149640,23.12,0,0,0,0,0,0,0,0,23.99,0,76.01
2021-02-08T00:00:00.000Z,58639,3565325,38.34,65467,2215107,23.82,0,0,0,0,0,0,0,0,24.52,0,75.48
2021-02-09T00:00:00.000Z,66352,3631677,39.05,67577,2282684,24.55,0,0,0,0,0,0,0,0,25.04,0,74.96
2021-02-10T00:00:00.000Z,70569,3702246,39.81,72310,2354994,25.32,0,0,0,0,0,0,0,0,25.77,0,74.23
2021-02-11T00:00:00.000Z,81173,3783419,40.69,72106,2427100,26.1,0,0,0,0,0,0,0,0,26.61,0,73.39
2021-02-12T00:00:00.000Z,39104,3822523,41.11,37596,2464696,26.5,0,0,0,0,0,0,0,0,27.02,0,72.98
2021-02-13T00:00:00.000Z,27463,3849986,41.4,30440,2495136,26.83,0,0,0,0,0,0,0,0,27.33,0,72.67
2021-02-14T00:00:00.000Z,74915,3924901,42.21,69083,2564219,27.57,0,0,0,0,0,0,0,0,28.25,0,71.75
2021-02-15T00:00:00.000Z,81544,4006445,43.08,75721,2639940,28.39,0,0,0,0,0,0,0,0,29.17,0,70.83
2021-02-16T00:00:00.000Z,83416,4089861,43.98,78297,2718237,29.23,0,0,0,0,0,0,0,0,30.11,0,69.89
2021-02-17T00:00:00.000Z,61983,4151844,44.65,75641,2793878,30.04,0,0,0,0,0,0,0,0,31.01,0,68.99
2021-02-18T00:00:00.000Z,69157,4221001,45.39,79738,2873616,30.9,0,0,0,0,0,0,0,0,31.94,0,68.06
2021-02-19T00:00:00.000Z,39674,4260675,45.82,38161,2911777,31.31,0,0,0,0,0,0,0,0,32.45,0,67.55
2021-02-20T00:00:00.000Z,31650,4292325,46.16,28723,2940500,31.62,0,0,0,0,0,0,0,0,32.85,0,67.15
2021-02-21T00:00:00.000Z,79434,4371759,47.01,78444,3018944,32.46,0,0,0,0,0,0,0,0,33.8,0,66.2
2021-02-22T00:00:00.000Z,85058,4456817,47.93,80592,3099536,33.33,0,0,0,0,0,0,0,0,34.83,0,65.17
2021-02-23T00:00:00.000Z,77328,4534145,48.76,70485,3170021,34.09,0,0,0,0,0,0,0,0,35.84,0,64.16
2021-02-24T00:00:00.000Z,61066,4595211,49.41,63143,3233164,34.77,0,0,0,0,0,0,0,0,36.76,0,63.24
2021-02-25T00:00:00.000Z,51727,4646938,49.97,64805,3297969,35.46,0,0,0,0,0,0,0,0,37.66,0,62.34
2021-02-26T00:00:00.000Z,25911,4672849,50.25,32041,3330010,35.81,0,0,0,0,0,0,0,0,38.1,0,61.9
2021-02-27T00:00:00.000Z,18351,4691200,50.45,21196,3351206,36.04,0,0,0,0,0,0,0,0,38.42,0,61.58
2021-02-28T00:00:00.000Z,40364,4731564,50.88,55873,3407079,36.64,0,0,0,0,0,0,0,0,39.24,0,60.76
2021-03-01T00:00:00.000Z,45748,4777312,51.37,61439,3468518,37.3,0,0,0,0,0,0,0,0,40.1,0,59.9
2021-03-02T00:00:00.000Z,41200,4818512,51.82,64798,3533316,38,0,0,0,0,0,0,0,0,40.85,0,59.15
2021-03-03T00:00:00.000Z,42032,4860544,52.27,66789,3600105,38.71,0,0,0,0,0,0,0,0,41.55,0,58.45
2021-03-04T00:00:00.000Z,39718,4900262,52.7,79124,3679229,39.56,0,0,0,0,0,0,0,0,42.24,0,57.76
2021-03-05T00:00:00.000Z,17365,4917627,52.88,40466,3719695,40,0,0,0,0,0,0,0,0,42.57,0,57.43
2021-03-06T00:00:00.000Z,10722,4928349,53,25347,3745042,40.27,0,0,0,0,0,0,0,0,42.78,0,57.22
2021-03-07T00:00:00.000Z,31155,4959504,53.33,72845,3817887,41.06,0,0,0,0,0,0,0,0,43.36,0,56.64
2021-03-08T00:00:00.000Z,27387,4986891,53.63,73295,3891182,41.84,0,0,0,0,0,0,0,0,43.97,0,56.03
2021-03-09T00:00:00.000Z,26756,5013647,53.91,76599,3967781,42.67,0,0,0,0,0,0,0,0,44.62,0,55.38
2021-03-10T00:00:00.000Z,23371,5037018,54.17,58684,4026465,43.3,0,0,0,0,0,0,0,0,45.27,0,54.73
2021-03-11T00:00:00.000Z,23304,5060322,54.42,69094,4095559,44.04,0,0,0,0,0,0,0,0,45.99,0,54.01
2021-03-12T00:00:00.000Z,11296,5071618,54.54,41414,4136973,44.49,0,0,0,0,0,0,0,0,46.34,0,53.66
2021-03-13T00:00:00.000Z,7952,5079570,54.62,25239,4162212,44.76,0,0,0,0,0,0,0,0,46.57,0,53.43
2021-03-14T00:00:00.000Z,20989,5100559,54.85,73935,4236147,45.55,0,0,0,0,0,0,0,0,47.2,0,52.8
2021-03-15T00:00:00.000Z,20150,5120709,55.07,78281,4314428,46.4,0,0,0,0,0,0,0,0,47.81,0,52.19
2021-03-16T00:00:00.000Z,18755,5139464,55.27,71479,4385907,47.16,0,0,0,0,0,0,0,0,48.43,0,51.57
2021-03-17T00:00:00.000Z,17704,5157168,55.46,59010,4444917,47.8,0,0,0,0,0,0,0,0,48.92,0,51.08
2021-03-18T00:00:00.000Z,16048,5173216,55.63,58125,4503042,48.42,0,0,0,0,0,0,0,0,49.45,0,50.55
2021-03-19T00:00:00.000Z,6955,5180171,55.71,27979,4531021,48.72,0,0,0,0,0,0,0,0,49.75,0,50.25
2021-03-20T00:00:00.000Z,5226,5185397,55.76,15301,4546322,48.89,0,0,0,0,0,0,0,0,49.93,0,50.07
2021-03-21T00:00:00.000Z,13170,5198567,55.9,40510,4586832,49.32,0,0,0,0,0,0,0,0,50.46,0,49.54
2021-03-22T00:00:00.000Z,13578,5212145,56.05,40541,4627373,49.76,0,0,0,0,0,0,0,0,51,0,49
2021-03-23T00:00:00.000Z,2844,5214989,56.08,7302,4634675,49.84,0,0,0,0,0,0,0,0,51.43,0,48.57
2021-03-24T00:00:00.000Z,11001,5225990,56.2,46556,4681231,50.34,0,0,0,0,0,0,0,0,51.84,0,48.16
2021-03-25T00:00:00.000Z,10270,5236260,56.31,35438,4716669,50.72,0,0,0,0,0,0,0,0,52.22,0,47.78
2021-03-26T00:00:00.000Z,4186,5240446,56.35,13333,4730002,50.86,0,0,0,0,0,0,0,0,52.4,0,47.6
2021-03-27T00:00:00.000Z,1786,5242232,56.37,4268,4734270,50.91,0,0,0,0,0,0,0,0,52.5,0,47.5
2021-03-28T00:00:00.000Z,2113,5244345,56.4,4611,4738881,50.96,0,0,0,0,0,0,0,0,52.74,0,47.26
2021-03-29T00:00:00.000Z,6914,5251259,56.47,30016,4768897,51.28,0,0,0,0,0,0,0,0,53,0,47
2021-03-30T00:00:00.000Z,7891,5259150,56.55,22454,4791351,51.52,0,0,0,0,0,0,0,0,53.08,0,46.92
2021-03-31T00:00:00.000Z,8153,5267303,56.64,19501,4810852,51.73,0,0,0,0,0,0,0,0,53.38,0,46.62
2021-04-01T00:00:00.000Z,8210,5275513,56.73,18701,4829553,51.93,0,0,0,0,0,0,0,0,53.62,0,46.38
2021-04-02T00:00:00.000Z,2940,5278453,56.76,8130,4837683,52.02,0,0,0,0,0,0,0,0,53.71,0,46.29
2021-04-03T00:00:00.000Z,1433,5279886,56.78,2982,4840665,52.05,0,0,0,0,0,0,0,0,53.74,0,46.26
2021-04-04T00:00:00.000Z,9618,5289504,56.88,22832,4863497,52.3,0,0,0,0,0,0,0,0,53.82,0,46.18
2021-04-05T00:00:00.000Z,10362,5299866,56.99,21275,4884772,52.53,0,0,0,0,0,0,0,0,54.04,0,45.96
2021-04-06T00:00:00.000Z,9029,5308895,57.09,16793,4901565,52.71,0,0,0,0,0,0,0,0,54.21,0,45.79
2021-04-07T00:00:00.000Z,8928,5317823,57.19,15311,4916876,52.87,0,0,0,0,0,0,0,0,54.36,0,45.64
2021-04-08T00:00:00.000Z,9428,5327251,57.29,17014,4933890,53.06,0,0,0,0,0,0,0,0,54.52,0,45.48
2021-04-09T00:00:00.000Z,3607,5330858,57.33,6256,4940146,53.12,0,0,0,0,0,0,0,0,54.58,0,45.42
2021-04-10T00:00:00.000Z,1634,5332492,57.34,3520,4943666,53.16,0,0,0,0,0,0,0,0,54.61,0,45.39
2021-04-11T00:00:00.000Z,9044,5341536,57.44,14248,4957914,53.31,0,0,0,0,0,0,0,0,54.78,0,45.22
2021-04-12T00:00:00.000Z,8935,5350471,57.54,13233,4971147,53.46,0,0,0,0,0,0,0,0,54.95,0,45.05
2021-04-13T00:00:00.000Z,5841,5356312,57.6,4959,4976106,53.51,0,0,0,0,0,0,0,0,55.08,0,44.92
2021-04-14T00:00:00.000Z,3649,5359961,57.64,5309,4981415,53.57,0,0,0,0,0,0,0,0,55.18,0,44.82
2021-04-15T00:00:00.000Z,697,5360658,57.65,581,4981996,53.57,0,0,0,0,0,0,0,0,55.27,0,44.73
2021-04-16T00:00:00.000Z,3414,5364072,57.68,6648,4988644,53.65,0,0,0,0,0,0,0,0,55.33,0,44.67
2021-04-17T00:00:00.000Z,822,5364894,57.69,1972,4990616,53.67,0,0,0,0,0,0,0,0,55.35,0,44.65
2021-04-18T00:00:00.000Z,7098,5371992,57.77,7433,4998049,53.75,0,0,0,0,0,0,0,0,55.47,0,44.53
2021-04-19T00:00:00.000Z,6404,5378396,57.84,7132,5005181,53.82,0,0,0,0,0,0,0,0,55.58,0,44.42
2021-04-20T00:00:00.000Z,6279,5384675,57.9,6886,5012067,53.9,0,0,0,0,0,0,0,0,55.65,0,44.35
2021-04-21T00:00:00.000Z,6380,5391055,57.97,7108,5019175,53.97,0,0,0,0,0,0,0,0,55.71,0,44.29
2021-04-22T00:00:00.000Z,5948,5397003,58.04,7687,5026862,54.06,0,0,0,0,0,0,0,0,55.75,0,44.25
2021-04-23T00:00:00.000Z,2765,5399768,58.07,3387,5030249,54.09,0,0,0,0,0,0,0,0,55.8,0,44.2
2021-04-24T00:00:00.000Z,767,5400535,58.07,1290,5031539,54.11,0,0,0,0,0,0,0,0,55.82,0,44.18
2021-04-25T00:00:00.000Z,4828,5405363,58.13,6924,5038463,54.18,0,0,0,0,0,0,0,0,55.89,0,44.11
2021-04-26T00:00:00.000Z,5479,5410842,58.19,7889,5046352,54.27,0,0,0,0,0,0,0,0,55.96,0,44.04
2021-04-27T00:00:00.000Z,4507,5415349,58.23,6625,5052977,54.34,0,0,0,0,0,0,0,0,56.03,0,43.97
2021-04-28T00:00:00.000Z,4499,5419848,58.28,7332,5060309,54.42,0,0,0,0,0,0,0,0,56.09,0,43.91
2021-04-29T00:00:00.000Z,4376,5424224,58.33,7292,5067601,54.49,0,0,0,0,0,0,0,0,56.16,0,43.84
2021-04-30T00:00:00.000Z,1923,5426147,58.35,3200,5070801,54.53,0,0,0,0,0,0,0,0,56.19,0,43.81
2021-05-01T00:00:00.000Z,458,5426605,58.36,895,5071696,54.54,0,0,0,0,0,0,0,0,56.2,0,43.8
2021-05-02T00:00:00.000Z,3225,5429830,58.39,6090,5077786,54.6,0,0,0,0,0,0,0,0,56.26,0,43.74
2021-05-03T00:00:00.000Z,3535,5433365,58.43,5831,5083617,54.67,0,0,0,0,0,0,0,0,56.32,0,43.68
2021-05-04T00:00:00.000Z,3591,5436956,58.47,4736,5088353,54.72,0,0,0,0,0,0,0,0,56.38,0,43.62
2021-05-05T00:00:00.000Z,3290,5440246,58.5,4092,5092445,54.76,0,0,0,0,0,0,0,0,56.44,0,43.56
2021-05-06T00:00:00.000Z,3641,5443887,58.54,3143,5095588,54.8,0,0,0,0,0,0,0,0,56.5,0,43.5
2021-05-07T00:00:00.000Z,1843,5445730,58.56,2508,5098096,54.82,0,0,0,0,0,0,0,0,56.52,0,43.48
2021-05-08T00:00:00.000Z,241,5445971,58.56,507,5098603,54.83,0,0,0,0,0,0,0,0,56.53,0,43.47
2021-05-09T00:00:00.000Z,2851,5448822,58.59,4749,5103352,54.88,0,0,0,0,0,0,0,0,56.58,0,43.42
2021-05-10T00:00:00.000Z,2895,5451717,58.63,4710,5108062,54.93,0,0,0,0,0,0,0,0,56.63,0,43.37
2021-05-11T00:00:00.000Z,2622,5454339,58.65,3879,5111941,54.97,0,0,0,0,0,0,0,0,56.67,0,43.33
2021-05-12T00:00:00.000Z,2030,5456369,58.68,3339,5115280,55.01,0,0,0,0,0,0,0,0,56.7,0,43.3
2021-05-13T00:00:00.000Z,2041,5458410,58.7,3684,5118964,55.05,0,0,0,0,0,0,0,0,56.73,0,43.27
2021-05-14T00:00:00.000Z,978,5459388,58.71,1493,5120457,55.06,0,0,0,0,0,0,0,0,56.75,0,43.25
2021-05-15T00:00:00.000Z,255,5459643,58.71,259,5120716,55.07,0,0,0,0,0,0,0,0,56.75,0,43.25
2021-05-16T00:00:00.000Z,529,5460172,58.72,1206,5121922,55.08,0,0,0,0,0,0,0,0,56.78,0,43.22
2021-05-17T00:00:00.000Z,300,5460472,58.72,848,5122770,55.09,0,0,0,0,0,0,0,0,56.81,0,43.19
2021-05-18T00:00:00.000Z,1961,5462433,58.74,4938,5127708,55.14,0,0,0,0,0,0,0,0,56.84,0,43.16
2021-05-19T00:00:00.000Z,2232,5464665,58.76,5041,5132749,55.2,0,0,0,0,0,0,0,0,56.87,0,43.13
2021-05-20T00:00:00.000Z,2311,5466976,58.79,3879,5136628,55.24,0,0,0,0,0,0,0,0,56.9,0,43.1
2021-05-21T00:00:00.000Z,1190,5468166,58.8,1414,5138042,55.25,0,0,0,0,0,0,0,0,56.92,0,43.08
2021-05-22T00:00:00.000Z,206,5468372,58.8,395,5138437,55.26,0,0,0,0,0,0,0,0,56.92,0,43.08
2021-05-23T00:00:00.000Z,2271,5470643,58.83,3216,5141653,55.29,0,0,0,0,0,0,0,0,56.94,0,43.06
2021-05-24T00:00:00.000Z,2137,5472780,58.85,3596,5145249,55.33,0,0,0,0,0,0,0,0,56.96,0,43.04
2021-05-25T00:00:00.000Z,1819,5474599,58.87,2586,5147835,55.36,0,0,0,0,0,0,0,0,56.99,0,43.01
2021-05-26T00:00:00.000Z,1410,5476009,58.89,2503,5150338,55.38,0,0,0,0,0,0,0,0,57.03,0,42.97
2021-05-27T00:00:00.000Z,1860,5477869,58.91,3186,5153524,55.42,0,0,0,0,0,0,0,0,57.06,0,42.94
2021-05-28T00:00:00.000Z,790,5478659,58.91,1405,5154929,55.43,0,0,0,0,0,0,0,0,57.07,0,42.93
2021-05-29T00:00:00.000Z,190,5478849,58.92,224,5155153,55.44,0,0,0,0,0,0,0,0,57.07,0,42.93
2021-05-30T00:00:00.000Z,1644,5480493,58.93,1937,5157090,55.46,0,0,0,0,0,0,0,0,57.1,0,42.9
2021-05-31T00:00:00.000Z,1738,5482231,58.95,2093,5159183,55.48,0,0,0,0,0,0,0,0,57.13,0,42.87
2021-06-01T00:00:00.000Z,1383,5483614,58.97,1822,5161005,55.5,0,0,0,0,0,0,0,0,57.47,0,42.53
2021-06-02T00:00:00.000Z,1513,5485127,58.98,1607,5162612,55.52,0,0,0,0,0,0,0,0,57.25,0,42.75
2021-06-03T00:00:00.000Z,1684,5486811,59,1491,5164103,55.53,0,0,0,0,0,0,0,0,57.27,0,42.73
2021-06-04T00:00:00.000Z,1101,5487912,59.01,783,5164886,55.54,0,0,0,0,0,0,0,0,57.28,0,42.72
2021-06-05T00:00:00.000Z,183,5488095,59.02,159,5165045,55.54,0,0,0,0,0,0,0,0,57.29,0,42.71
2021-06-06T00:00:00.000Z,4290,5492385,59.06,1002,5166047,55.55,0,0,0,0,0,0,0,0,57.31,0,42.69
2021-06-07T00:00:00.000Z,4438,5496823,59.11,812,5166859,55.56,0,0,0,0,0,0,0,0,57.34,0,42.66
2021-06-08T00:00:00.000Z,3738,5500561,59.15,1174,5168033,55.57,0,0,0,0,0,0,0,0,57.36,0,42.64
2021-06-09T00:00:00.000Z,3614,5504175,59.19,1327,5169360,55.59,0,0,0,0,0,0,0,0,57.4,0,42.6
2021-06-10T00:00:00.000Z,3359,5507534,59.23,1299,5170659,55.6,0,0,0,0,0,0,0,0,57.42,0,42.58
2021-06-11T00:00:00.000Z,1397,5508931,59.24,587,5171246,55.61,0,0,0,0,0,0,0,0,57.43,0,42.57
2021-06-12T00:00:00.000Z,218,5509149,59.24,173,5171419,55.61,0,0,0,0,0,0,0,0,57.43,0,42.57
2021-06-13T00:00:00.000Z,3101,5512250,59.28,1260,5172679,55.62,0,0,0,0,0,0,0,0,57.45,0,42.55
2021-06-14T00:00:00.000Z,3056,5515306,59.31,1531,5174210,55.64,0,0,0,0,0,0,0,0,57.46,0,42.54
2021-06-15T00:00:00.000Z,3137,5518443,59.34,1375,5175585,55.66,0,0,0,0,0,0,0,0,57.48,0,42.52
2021-06-16T00:00:00.000Z,2730,5521173,59.37,1000,5176585,55.67,0,0,0,0,0,0,0,0,57.49,0,42.51
2021-06-17T00:00:00.000Z,2729,5523902,59.4,1206,5177791,55.68,0,0,0,0,0,0,0,0,57.51,0,42.49
2021-06-18T00:00:00.000Z,1265,5525167,59.41,506,5178297,55.68,0,0,0,0,0,0,0,0,57.52,0,42.48
2021-06-19T00:00:00.000Z,242,5525409,59.42,139,5178436,55.69,0,0,0,0,0,0,0,0,57.52,0,42.48
2021-06-20T00:00:00.000Z,3316,5528725,59.45,1330,5179766,55.7,0,0,0,0,0,0,0,0,57.54,0,42.46
2021-06-21T00:00:00.000Z,5245,5533970,59.51,1217,5180983,55.71,0,0,0,0,0,0,0,0,57.56,0,42.44
2021-06-22T00:00:00.000Z,6933,5540903,59.58,1099,5182082,55.73,0,0,0,0,0,0,0,0,57.58,0,42.42
2021-06-23T00:00:00.000Z,10755,5551658,59.7,1304,5183386,55.74,0,0,0,0,0,0,0,0,57.6,0,42.4
2021-06-24T00:00:00.000Z,12045,5563703,59.83,1466,5184852,55.76,0,0,0,0,0,0,0,0,57.62,0,42.38
2021-06-25T00:00:00.000Z,7114,5570817,59.91,944,5185796,55.77,0,0,0,0,0,0,0,0,57.62,0,42.38
2021-06-26T00:00:00.000Z,2273,5573090,59.93,200,5185996,55.77,0,0,0,0,0,0,0,0,57.63,0,42.37
2021-06-27T00:00:00.000Z,13631,5586721,60.08,3436,5189432,55.8,0,0,0,0,0,0,0,0,57.65,0,42.35
2021-06-28T00:00:00.000Z,14518,5601239,60.23,3675,5193107,55.84,0,0,0,0,0,0,0,0,57.68,0,42.32
2021-06-29T00:00:00.000Z,16710,5617949,60.41,3743,5196850,55.88,0,0,0,0,0,0,0,0,57.69,0,42.31
2021-06-30T00:00:00.000Z,16485,5634434,60.59,3396,5200246,55.92,0,0,0,0,0,0,0,0,57.72,0,42.28
2021-07-01T00:00:00.000Z,16835,5651269,60.77,3376,5203622,55.96,121,121,0,0,0,0,0,0,57.78,0,42.22
2021-07-02T00:00:00.000Z,9836,5661105,60.88,1604,5205226,55.97,7,128,0,0,0,0,0,0,57.79,0,42.21
2021-07-03T00:00:00.000Z,2677,5663782,60.91,296,5205522,55.98,1,129,0,0,0,0,0,0,57.79,0,42.21
2021-07-04T00:00:00.000Z,17735,5681517,61.1,3161,5208683,56.01,2,131,0,0,0,0,0,0,57.85,0,42.15
2021-07-05T00:00:00.000Z,17848,5699365,61.29,3043,5211726,56.04,7,138,0,0,0,0,0,0,57.91,0,42.09
2021-07-06T00:00:00.000Z,17847,5717212,61.48,3407,5215133,56.08,11,149,0,0,0,0,0,0,57.99,0,42.01
2021-07-07T00:00:00.000Z,15526,5732738,61.65,2701,5217834,56.11,12,161,0,0,0,0,0,0,58.05,0,41.95
2021-07-08T00:00:00.000Z,16586,5749324,61.83,2879,5220713,56.14,17,178,0,0,0,0,0,0,58.12,0,41.88
2021-07-09T00:00:00.000Z,11124,5760448,61.94,1534,5222247,56.16,4,182,0,0,0,0,0,0,58.15,0,41.85
2021-07-10T00:00:00.000Z,4988,5765436,62,389,5222636,56.16,6,188,0,0,0,0,0,0,58.15,0,41.85
2021-07-11T00:00:00.000Z,1456,5766892,62.01,2848,5225484,56.19,8,196,0,0,0,0,0,0,58.22,0,41.78
2021-07-12T00:00:00.000Z,2425,5769317,62.04,3689,5229173,56.23,56,252,0,0,0,0,0,0,58.29,0,41.71
2021-07-13T00:00:00.000Z,2964,5772281,62.07,5458,5234631,56.29,124,376,0,0,0,0,0,0,58.36,0,41.64
2021-07-14T00:00:00.000Z,2747,5775028,62.1,7532,5242163,56.37,441,817,0.01,0,0,0,0,0,58.42,0,41.58
2021-07-15T00:00:00.000Z,3004,5778032,62.13,9297,5251460,56.47,374,1191,0.01,0,0,0,0,0,58.5,0,41.5
2021-07-16T00:00:00.000Z,1293,5779325,62.15,5897,5257357,56.54,66,1257,0.01,0,0,0,0,0,58.54,0,41.46
2021-07-17T00:00:00.000Z,370,5779695,62.15,1391,5258748,56.55,8,1265,0.01,0,0,0,0,0,58.55,0,41.44
2021-07-18T00:00:00.000Z,2073,5781768,62.17,9768,5268516,56.66,235,1500,0.02,0,0,0,0,0,58.6,0,41.4
2021-07-19T00:00:00.000Z,3209,5784977,62.21,11345,5279861,56.78,461,1961,0.02,0,0,0,0,0,58.65,0,41.35
2021-07-20T00:00:00.000Z,2685,5787662,62.24,11912,5291773,56.91,373,2334,0.03,0,0,0,0,0,58.72,0,41.28
2021-07-21T00:00:00.000Z,2405,5790067,62.26,11880,5303653,57.03,325,2659,0.03,0,0,0,0,0,58.81,0,41.19
2021-07-22T00:00:00.000Z,2874,5792941,62.29,13275,5316928,57.18,391,3050,0.03,0,0,0,0,0,58.93,0,41.07
2021-07-23T00:00:00.000Z,2035,5794976,62.32,8249,5325177,57.26,106,3156,0.03,0,0,0,0,0,58.99,0,41.01
2021-07-24T00:00:00.000Z,642,5795618,62.32,1485,5326662,57.28,7,3163,0.03,0,0,0,0,0,58.99,0,41
2021-07-25T00:00:00.000Z,4416,5800034,62.37,15497,5342159,57.45,223,3386,0.04,0,0,0,0,0,59.1,0,40.89
2021-07-26T00:00:00.000Z,5169,5805203,62.43,13533,5355692,57.59,325,3711,0.04,0,0,0,0,0,59.24,0,40.75
2021-07-27T00:00:00.000Z,5491,5810694,62.49,13576,5369268,57.74,414,4125,0.04,0,0,0,0,0,59.37,0.01,40.62
2021-07-28T00:00:00.000Z,3987,5814681,62.53,12342,5381610,57.87,472,4597,0.05,0,0,0,0,0,59.5,0.01,40.49
2021-07-29T00:00:00.000Z,4663,5819344,62.58,14198,5395808,58.02,532,5129,0.06,0,0,0,0,0,59.65,0.01,40.33
2021-07-30T00:00:00.000Z,2653,5821997,62.61,10854,5406662,58.14,4122,9251,0.1,0,0,0,0,0,59.74,0.02,40.25
2021-07-31T00:00:00.000Z,1405,5823402,62.62,3551,5410213,58.18,6159,15410,0.17,0,0,0,0,0,59.75,0.02,40.23
2021-08-01T00:00:00.000Z,3075,5826477,62.66,3364,5413577,58.21,31047,46457,0.5,0,0,0,0,0,59.91,0.02,40.06
2021-08-02T00:00:00.000Z,3132,5829609,62.69,3173,5416750,58.25,58514,104971,1.13,0,0,0,0,0,60.06,0.03,39.91
2021-08-03T00:00:00.000Z,3386,5832995,62.73,3328,5420078,58.28,78953,183924,1.98,0,0,0,0,0,60.21,0.03,39.76
2021-08-04T00:00:00.000Z,3527,5836522,62.76,3255,5423333,58.32,80764,264688,2.85,0,0,0,0,0,60.34,0.03,39.63
2021-08-05T00:00:00.000Z,4513,5841035,62.81,3569,5426902,58.36,88442,353130,3.8,0,0,0,0,0,60.49,0.04,39.47
2021-08-06T00:00:00.000Z,2434,5843469,62.84,1859,5428761,58.38,44743,397873,4.28,0,0,0,0,0,60.6,0.04,39.36
2021-08-07T00:00:00.000Z,1033,5844502,62.85,698,5429459,58.39,27353,425226,4.57,0,0,0,0,0,60.63,0.04,39.32
2021-08-08T00:00:00.000Z,4989,5849491,62.9,3082,5432541,58.42,80087,505313,5.43,0,0,0,0,0,60.68,0.04,39.28
2021-08-09T00:00:00.000Z,5340,5854831,62.96,3058,5435599,58.45,76489,581802,6.26,0,0,0,0,0,60.72,0.04,39.24
2021-08-10T00:00:00.000Z,5552,5860383,63.02,3202,5438801,58.49,75427,657229,7.07,0,0,0,0,0,60.75,0.04,39.2
2021-08-11T00:00:00.000Z,5694,5866077,63.08,2946,5441747,58.52,62639,719868,7.74,0,0,0,0,0,60.79,0.04,39.17
2021-08-12T00:00:00.000Z,7039,5873116,63.16,3287,5445034,58.55,59461,779329,8.38,0,0,0,0,0,60.83,0.04,39.12
2021-08-13T00:00:00.000Z,3817,5876933,63.2,2068,5447102,58.58,43869,823198,8.85,0,0,0,0,0,60.84,0.05,39.11
2021-08-14T00:00:00.000Z,2252,5879185,63.22,850,5447952,58.58,44486,867684,9.33,0,0,0,0,0,60.85,0.05,39.1
2021-08-15T00:00:00.000Z,7143,5886328,63.3,4530,5452482,58.63,97983,965667,10.38,0,0,0,0,0,60.89,0.05,39.06
2021-08-16T00:00:00.000Z,6988,5893316,63.37,4747,5457229,58.68,89519,1055186,11.35,0,0,0,0,0,60.92,0.04,39.03
2021-08-17T00:00:00.000Z,7573,5900889,63.46,5134,5462363,58.74,83319,1138505,12.24,0,0,0,0,0,60.96,0.04,39
2021-08-18T00:00:00.000Z,8643,5909532,63.55,4603,5466966,58.79,69267,1207772,12.99,0,0,0,0,0,60.99,0.04,38.96
2021-08-19T00:00:00.000Z,10079,5919611,63.66,5216,5472182,58.85,65974,1273746,13.7,0,0,0,0,0,61.03,0.04,38.92
2021-08-20T00:00:00.000Z,4768,5924379,63.71,2826,5475008,58.88,60452,1334198,14.35,0,0,0,0,0,61.05,0.05,38.9
2021-08-21T00:00:00.000Z,3498,5927877,63.75,1580,5476588,58.89,50725,1384923,14.89,0,0,0,0,0,61.06,0.05,38.89
2021-08-22T00:00:00.000Z,9821,5937698,63.85,4806,5481394,58.94,105106,1490029,16.02,0,0,0,0,0,61.12,0.04,38.84
2021-08-23T00:00:00.000Z,10924,5948622,63.97,4447,5485841,58.99,94031,1584060,17.03,0,0,0,0,0,61.17,0.04,38.79
2021-08-24T00:00:00.000Z,11721,5960343,64.09,4703,5490544,59.04,98551,1682611,18.09,0,0,0,0,0,61.23,0.04,38.73
2021-08-25T00:00:00.000Z,9612,5969955,64.2,4482,5495026,59.09,99548,1782159,19.16,0,0,0,0,0,61.29,0.04,38.67
2021-08-26T00:00:00.000Z,10107,5980062,64.31,5057,5500083,59.15,101228,1883387,20.25,0,0,0,0,0,61.36,0.03,38.61
2021-08-27T00:00:00.000Z,4326,5984388,64.35,2784,5502867,59.18,56694,1940081,20.86,0,0,0,0,0,61.35,0.04,38.61
2021-08-28T00:00:00.000Z,3698,5988086,64.39,1497,5504364,59.19,33539,1973620,21.22,0,0,0,0,0,61.4,0.04,38.57
2021-08-29T00:00:00.000Z,10321,5998407,64.5,5931,5510295,59.26,79547,2053167,22.08,0,0,0,0,0,61.46,0.03,38.5
2021-08-30T00:00:00.000Z,12334,6010741,64.64,7015,5517310,59.33,116003,2169170,23.33,0,0,0,0,0,61.53,0.03,38.44
2021-08-31T00:00:00.000Z,12075,6022816,64.77,6528,5523838,59.4,114873,2284043,24.56,0,0,0,0,0,61.6,0.03,38.37
2021-09-01T00:00:00.000Z,9032,6031848,64.86,6039,5529877,59.47,112489,2396532,25.77,0,0,0,0,0,61.43,0.03,38.54
2021-09-02T00:00:00.000Z,8784,6040632,64.96,7180,5537057,59.54,111542,2508074,26.97,0,0,0,0,0,61.49,0.03,38.48
2021-09-03T00:00:00.000Z,3749,6044381,65,4115,5541172,59.59,58884,2566958,27.6,0,0,0,0,0,61.56,0.03,38.42
2021-09-04T00:00:00.000Z,2692,6047073,65.03,2020,5543192,59.61,29950,2596908,27.93,0,0,0,0,0,61.59,0.03,38.38
2021-09-05T00:00:00.000Z,6991,6054064,65.1,6460,5549652,59.68,73327,2670235,28.71,0,0,0,0,0,61.68,0.03,38.29
2021-09-06T00:00:00.000Z,2834,6056898,65.13,2710,5552362,59.71,22797,2693032,28.96,0,0,0,0,0,61.77,0.03,38.2
2021-09-07T00:00:00.000Z,1199,6058097,65.15,879,5553241,59.72,5398,2698430,29.02,0,0,0,0,0,61.85,0.03,38.12
2021-09-08T00:00:00.000Z,1380,6059477,65.16,1195,5554436,59.73,6621,2705051,29.09,0,0,0,0,0,61.93,0.03,38.05
2021-09-09T00:00:00.000Z,7089,6066566,65.24,12573,5567009,59.86,73844,2778895,29.88,0,0,0,0,0,62.02,0.03,37.95
2021-09-10T00:00:00.000Z,3258,6069824,65.27,5015,5572024,59.92,37936,2816831,30.29,0,0,0,0,0,62.06,0.03,37.91
2021-09-11T00:00:00.000Z,2109,6071933,65.29,2505,5574529,59.95,14816,2831647,30.45,0,0,0,0,0,62.08,0.03,37.89
2021-09-12T00:00:00.000Z,6107,6078040,65.36,8587,5583116,60.04,54135,2885782,31.03,0,0,0,0,0,62.16,0.03,37.81
2021-09-13T00:00:00.000Z,5610,6083650,65.42,8260,5591376,60.13,47981,2933763,31.55,0,0,0,0,0,62.15,0.03,37.82
2021-09-14T00:00:00.000Z,4961,6088611,65.47,7420,5598796,60.21,48854,2982617,32.07,0,0,0,0,0,62.2,0.03,37.77
2021-09-15T00:00:00.000Z,1750,6090361,65.49,2716,5601512,60.24,16686,2999303,32.25,0,0,0,0,0,62.25,0.03,37.72
2021-09-16T00:00:00.000Z,343,6090704,65.5,548,5602060,60.24,1740,3001043,32.27,0,0,0,0,0,62.37,0.03,37.6
2021-09-17T00:00:00.000Z,3682,6094386,65.54,7019,5609079,60.32,42904,3043947,32.73,0,0,0,0,0,62.42,0.03,37.54
2021-09-18T00:00:00.000Z,2258,6096644,65.56,2944,5612023,60.35,12783,3056730,32.87,0,0,0,0,0,62.45,0.03,37.52
2021-09-19T00:00:00.000Z,5941,6102585,65.62,10710,5622733,60.46,44332,3101062,33.35,0,0,0,0,0,62.55,0.03,37.42
2021-09-20T00:00:00.000Z,3245,6105830,65.66,4645,5627378,60.51,16707,3117769,33.53,0,0,0,0,0,62.63,0.03,37.34
2021-09-21T00:00:00.000Z,1339,6107169,65.67,2059,5629437,60.54,3476,3121245,33.56,0,0,0,0,0,62.69,0.03,37.28
2021-09-22T00:00:00.000Z,4257,6111426,65.72,7250,5636687,60.61,25072,3146317,33.83,0,0,0,0,0,62.72,0.03,37.25
2021-09-23T00:00:00.000Z,4389,6115815,65.77,5912,5642599,60.68,27833,3174150,34.13,0,0,0,0,0,62.75,0.03,37.22
2021-09-24T00:00:00.000Z,3202,6119017,65.8,4185,5646784,60.72,27721,3201871,34.43,0,0,0,0,0,62.82,0.03,37.15
2021-09-25T00:00:00.000Z,2079,6121096,65.82,2260,5649044,60.75,10443,3212314,34.54,0,0,0,0,0,62.85,0.03,37.12
2021-09-26T00:00:00.000Z,5604,6126700,65.88,5972,5655016,60.81,36269,3248583,34.93,0,0,0,0,0,62.96,0.03,37
2021-09-27T00:00:00.000Z,4693,6131393,65.93,4468,5659484,60.86,30453,3279036,35.26,0,0,0,0,0,63.02,0.03,36.94
2021-09-28T00:00:00.000Z,1471,6132864,65.95,1180,5660664,60.87,6249,3285285,35.33,0,0,0,0,0,63.06,0.04,36.91
2021-09-29T00:00:00.000Z,9620,6142484,66.05,8346,5669010,60.96,60324,3345609,35.98,0,0,0,0,0,63.13,0.03,36.84
2021-09-30T00:00:00.000Z,10974,6153458,66.17,8574,5677584,61.05,79697,3425306,36.83,0,0,0,0,0,63.18,0.03,36.79
2021-10-01T00:00:00.000Z,5124,6158582,66.23,3875,5681459,61.1,46544,3471850,37.33,0,0,0,0,0,63.23,0.03,36.73
2021-10-02T00:00:00.000Z,2862,6161444,66.26,2127,5683586,61.12,22432,3494282,37.58,0,0,0,0,0,63.26,0.03,36.71
2021-10-03T00:00:00.000Z,11667,6173111,66.38,7273,5690859,61.2,70725,3565007,38.34,0,0,0,0,0,63.35,0.03,36.62
2021-10-04T00:00:00.000Z,10320,6183431,66.49,6757,5697616,61.27,51907,3616914,38.89,0,0,0,0,0,63.4,0.03,36.57
2021-10-05T00:00:00.000Z,8459,6191890,66.58,5314,5702930,61.33,40479,3657393,39.33,0,0,0,0,0,63.41,0.03,36.55
2021-10-06T00:00:00.000Z,7542,6199432,66.67,4183,5707113,61.37,34147,3691540,39.7,0,0,0,0,0,63.52,0.03,36.45
2021-10-07T00:00:00.000Z,6892,6206324,66.74,4008,5711121,61.41,34066,3725606,40.06,0,0,0,0,0,63.63,0.03,36.34
2021-10-08T00:00:00.000Z,3085,6209409,66.77,2643,5713764,61.44,19250,3744856,40.27,0,0,0,0,0,63.68,0.03,36.29
2021-10-09T00:00:00.000Z,1337,6210746,66.79,1443,5715207,61.46,7441,3752297,40.35,0,0,0,0,0,63.71,0.03,36.26
2021-10-10T00:00:00.000Z,4675,6215421,66.84,3747,5718954,61.5,21518,3773815,40.58,0,0,0,0,0,63.82,0.04,36.14
2021-10-11T00:00:00.000Z,4299,6219720,66.88,2943,5721897,61.53,17267,3791082,40.77,0,0,0,0,0,63.91,0.04,36.05
2021-10-12T00:00:00.000Z,3973,6223693,66.93,3003,5724900,61.56,15356,3806438,40.93,0,0,0,0,0,63.99,0.05,35.96
2021-10-13T00:00:00.000Z,3487,6227180,66.96,2451,5727351,61.59,13586,3820024,41.08,0,0,0,0,0,64.09,0.05,35.86
2021-10-14T00:00:00.000Z,3867,6231047,67.01,2685,5730036,61.62,16567,3836591,41.26,0,0,0,0,0,64.19,0.06,35.75
2021-10-15T00:00:00.000Z,1703,6232750,67.02,1682,5731718,61.64,9007,3845598,41.35,0,0,0,0,0,64.23,0.07,35.7
2021-10-16T00:00:00.000Z,727,6233477,67.03,956,5732674,61.65,4034,3849632,41.4,0,0,0,0,0,64.25,0.08,35.67
2021-10-17T00:00:00.000Z,3088,6236565,67.06,2525,5735199,61.67,12798,3862430,41.53,0,0,0,0,0,64.36,0.09,35.56
2021-10-18T00:00:00.000Z,2460,6239025,67.09,1689,5736888,61.69,10069,3872499,41.64,0,0,0,0,0,64.43,0.1,35.47
2021-10-19T00:00:00.000Z,2397,6241422,67.12,1282,5738170,61.71,9295,3881794,41.74,0,0,0,0,0,64.49,0.1,35.4
2021-10-20T00:00:00.000Z,2434,6243856,67.14,2304,5740474,61.73,10099,3891893,41.85,0,0,0,0,0,64.14,0.52,35.34
2021-10-21T00:00:00.000Z,3032,6246888,67.18,3096,5743570,61.76,12163,3904056,41.98,0,0,0,0,0,54.23,10.41,35.36
2021-10-22T00:00:00.000Z,1279,6248167,67.19,1435,5745005,61.78,5835,3909891,42.05,0,0,0,0,0,54.36,10.26,35.38
2021-10-23T00:00:00.000Z,572,6248739,67.2,1266,5746271,61.79,2564,3912455,42.07,0,0,0,0,0,54.42,10.19,35.39
2021-10-24T00:00:00.000Z,2515,6251254,67.22,2653,5748924,61.82,9855,3922310,42.18,0,0,0,0,0,54.22,10.43,35.35
2021-10-25T00:00:00.000Z,2635,6253889,67.25,2750,5751674,61.85,8509,3930819,42.27,0,0,0,0,0,54.59,10.22,35.19
2021-10-26T00:00:00.000Z,2381,6256270,67.28,2056,5753730,61.87,8522,3939341,42.36,0,0,0,0,0,54.64,10.26,35.1
2021-10-27T00:00:00.000Z,2289,6258559,67.3,2566,5756296,61.9,7954,3947295,42.45,0,0,0,0,0,54.58,10.37,35.06
2021-10-28T00:00:00.000Z,2504,6261063,67.33,2777,5759073,61.93,8671,3955966,42.54,0,0,0,0,0,54.69,10.76,34.55
2021-10-29T00:00:00.000Z,900,6261963,67.34,1151,5760224,61.94,4137,3960103,42.59,0,0,0,0,0,54.73,10.75,34.52
2021-10-30T00:00:00.000Z,365,6262328,67.34,530,5760754,61.95,1711,3961814,42.6,0,0,0,0,0,54.68,10.81,34.52
2021-10-31T00:00:00.000Z,2260,6264588,67.37,2495,5763249,61.98,8255,3970069,42.69,0,0,0,0,0,54.83,10.7,34.47
2021-11-01T00:00:00.000Z,1736,6266324,67.38,2091,5765340,62,6479,3976548,42.76,0,0,0,0,0,54.95,10.63,34.42
2021-11-02T00:00:00.000Z,2026,6268350,67.41,2044,5767384,62.02,6294,3982842,42.83,0,0,0,0,0,54.89,10.69,34.42
2021-11-03T00:00:00.000Z,1763,6270113,67.43,1897,5769281,62.04,5556,3988398,42.89,0,0,0,0,0,54.86,10.75,34.39
2021-11-04T00:00:00.000Z,2111,6272224,67.45,2802,5772083,62.07,7126,3995524,42.97,0,0,0,0,0,54.85,10.81,34.33
2021-11-05T00:00:00.000Z,790,6273014,67.46,904,5772987,62.08,3485,3999009,43,0,0,0,0,0,54.85,10.83,34.32
2021-11-06T00:00:00.000Z,346,6273360,67.46,385,5773372,62.08,1373,4000382,43.02,0,0,0,0,0,54.82,10.86,34.32
2021-11-07T00:00:00.000Z,1578,6274938,67.48,1769,5775141,62.1,6134,4006516,43.08,0,0,0,0,0,54.92,10.8,34.28
2021-11-08T00:00:00.000Z,1519,6276457,67.49,1602,5776743,62.12,5405,4011921,43.14,0,0,0,0,0,55.01,10.75,34.24
2021-11-09T00:00:00.000Z,1428,6277885,67.51,1608,5778351,62.14,5331,4017252,43.2,0,0,0,0,0,55.05,10.74,34.21
2021-11-10T00:00:00.000Z,1423,6279308,67.52,1659,5780010,62.16,4777,4022029,43.25,0,0,0,0,0,55.08,10.73,34.19
2021-11-11T00:00:00.000Z,1627,6280935,67.54,1944,5781954,62.18,5716,4027745,43.31,0,0,0,0,0,55.15,10.69,34.15
2021-11-12T00:00:00.000Z,634,6281569,67.55,826,5782780,62.19,2922,4030667,43.34,0,0,0,0,0,55.17,10.69,34.14
2021-11-13T00:00:00.000Z,256,6281825,67.55,286,5783066,62.19,1131,4031798,43.36,0,0,0,0,0,55.14,10.72,34.14
2021-11-14T00:00:00.000Z,1536,6283361,67.57,1637,5784703,62.21,5109,4036907,43.41,0,0,0,0,0,55.21,10.68,34.11
2021-11-15T00:00:00.000Z,1274,6284635,67.58,1622,5786325,62.22,4769,4041676,43.46,0,0,0,0,0,55.28,10.63,34.09
2021-11-16T00:00:00.000Z,1273,6285908,67.6,1416,5787741,62.24,4347,4046023,43.51,0,0,0,0,0,55.32,10.62,34.07
2021-11-17T00:00:00.000Z,1204,6287112,67.61,1565,5789306,62.26,3914,4049937,43.55,0,0,0,0,0,55.35,10.6,34.05
2021-11-18T00:00:00.000Z,1361,6288473,67.62,1692,5790998,62.27,5010,4054947,43.6,0,0,0,0,0,55.41,10.58,34.02
2021-11-19T00:00:00.000Z,588,6289061,67.63,763,5791761,62.28,2457,4057404,43.63,0,0,0,0,0,55.42,10.57,34.01
2021-11-20T00:00:00.000Z,237,6289298,67.63,255,5792016,62.28,929,4058333,43.64,0,0,0,0,0,55.41,10.58,34
2021-11-21T00:00:00.000Z,1409,6290707,67.65,1541,5793557,62.3,4879,4063212,43.69,0,0,0,0,0,55.47,10.54,33.98
2021-11-22T00:00:00.000Z,1680,6292387,67.67,1522,5795079,62.32,4238,4067450,43.74,0,0,0,0,0,55.54,10.5,33.96
2021-11-23T00:00:00.000Z,8622,6301009,67.76,1687,5796766,62.34,4007,4071457,43.78,0,0,0,0,0,55.57,10.48,33.95
2021-11-24T00:00:00.000Z,9349,6310358,67.86,1317,5798083,62.35,3923,4075380,43.82,0,0,0,0,0,55.6,10.44,33.95
2021-11-25T00:00:00.000Z,9812,6320170,67.96,1601,5799684,62.37,4839,4080219,43.88,0,0,0,0,0,55.64,10.43,33.93
2021-11-26T00:00:00.000Z,5610,6325780,68.02,748,5800432,62.38,2800,4083019,43.91,0,0,0,0,0,55.63,10.45,33.92
2021-11-27T00:00:00.000Z,4779,6330559,68.08,323,5800755,62.38,1163,4084182,43.92,0,0,0,0,0,55.62,10.46,33.92
2021-11-28T00:00:00.000Z,10152,6340711,68.18,1477,5802232,62.39,4901,4089083,43.97,0,0,0,0,0,55.67,10.43,33.9
2021-11-29T00:00:00.000Z,9042,6349753,68.28,1131,5803363,62.41,4375,4093458,44.02,0,0,0,0,0,55.73,10.39,33.88
2021-11-30T00:00:00.000Z,10044,6359797,68.39,1035,5804398,62.42,4084,4097542,44.06,0,0,0,0,0,55.77,10.37,33.86
2021-12-01T00:00:00.000Z,8630,6368427,68.48,1095,5805493,62.43,4441,4101983,44.11,6,6,0,0,0,55.79,10.36,33.84
2021-12-02T00:00:00.000Z,9176,6377603,68.58,1454,5806947,62.44,5122,4107105,44.17,6,12,0,0,0,55.84,10.34,33.82
2021-12-03T00:00:00.000Z,6331,6383934,68.65,673,5807620,62.45,2867,4109972,44.2,1,13,0,0,0,55.86,10.33,33.81
2021-12-04T00:00:00.000Z,2509,6386443,68.68,235,5807855,62.45,921,4110893,44.21,3,16,0,0,0,55.85,10.34,33.81
2021-12-05T00:00:00.000Z,8335,6394778,68.77,1253,5809108,62.47,4683,4115576,44.26,1,17,0,0,0,55.9,10.31,33.79
2021-12-06T00:00:00.000Z,6723,6401501,68.84,1200,5810308,62.48,4350,4119926,44.3,4,21,0,0,0,55.95,10.27,33.78
2021-12-07T00:00:00.000Z,5553,6407054,68.9,1503,5811811,62.5,3965,4123891,44.35,9,30,0,0,0,55.99,10.25,33.76
2021-12-08T00:00:00.000Z,4935,6411989,68.95,1199,5813010,62.51,3883,4127774,44.39,10,40,0,0,0,56.03,10.22,33.75
2021-12-09T00:00:00.000Z,6237,6418226,69.02,1239,5814249,62.52,4506,4132280,44.44,8,48,0,0,0,56.08,10.19,33.73
2021-12-10T00:00:00.000Z,3005,6421231,69.05,703,5814952,62.53,2686,4134966,44.47,4,52,0,0,0,56.1,10.18,33.72
2021-12-11T00:00:00.000Z,1491,6422722,69.07,252,5815204,62.53,1016,4135982,44.48,0,52,0,0,0,56.1,10.18,33.71
2021-12-12T00:00:00.000Z,7273,6429995,69.14,1444,5816648,62.55,5247,4141229,44.53,3,55,0,0,0,56.16,10.15,33.69
2021-12-13T00:00:00.000Z,6181,6436176,69.21,1374,5818022,62.56,4350,4145579,44.58,5,60,0,0,0,56.21,10.11,33.67
2021-12-14T00:00:00.000Z,7317,6443493,69.29,6101,5824123,62.63,4937,4150516,44.63,12,72,0,0,0,56.27,10.09,33.65
2021-12-15T00:00:00.000Z,7203,6450696,69.37,7403,5831526,62.71,5443,4155959,44.69,7,79,0,0,0,56.34,10.06,33.6
2021-12-16T00:00:00.000Z,8079,6458775,69.45,8613,5840139,62.8,6563,4162522,44.76,8,87,0,0,0,56.53,10.05,33.42
2021-12-17T00:00:00.000Z,4406,6463181,69.5,5140,5845279,62.86,3953,4166475,44.8,3,90,0,0,0,56.64,10.05,33.3
2021-12-18T00:00:00.000Z,3940,6467121,69.54,2913,5848192,62.89,1360,4167835,44.82,2,92,0,0,0,56.73,10.07,33.2
2021-12-19T00:00:00.000Z,6980,6474101,69.62,9331,5857523,62.99,6273,4174108,44.89,6,98,0,0,0,56.92,10.04,33.04
2021-12-20T00:00:00.000Z,7969,6482070,69.7,7517,5865040,63.07,5443,4179551,44.94,9,107,0,0,0,57.07,10.02,32.91
2021-12-21T00:00:00.000Z,9549,6491619,69.81,8649,5873689,63.16,6490,4186041,45.01,8,115,0,0,0,57.27,10.01,32.71
2021-12-22T00:00:00.000Z,9664,6501283,69.91,8155,5881844,63.25,6248,4192289,45.08,12,127,0,0,0,57.49,10,32.52
2021-12-23T00:00:00.000Z,11538,6512821,70.04,10264,5892108,63.36,8158,4200447,45.17,16,143,0,0,0,57.7,9.97,32.33
2021-12-24T00:00:00.000Z,5873,6518694,70.1,6240,5898348,63.43,5280,4205727,45.23,12,155,0,0,0,57.83,9.96,32.21
2021-12-25T00:00:00.000Z,3338,6522032,70.13,2566,5900914,63.46,2021,4207748,45.25,6,161,0,0,0,57.9,9.96,32.15
2021-12-26T00:00:00.000Z,10653,6532685,70.25,8910,5909824,63.55,8201,4215949,45.34,8,169,0,0,0,58.1,9.92,31.98
2021-12-27T00:00:00.000Z,10371,6543056,70.36,7145,5916969,63.63,8185,4224134,45.42,21,190,0,0,0,58.27,9.9,31.83
2021-12-28T00:00:00.000Z,11374,6554430,70.48,7452,5924421,63.71,9639,4233773,45.53,24,214,0,0,0,58.46,9.88,31.66
2021-12-29T00:00:00.000Z,9932,6564362,70.59,5963,5930384,63.77,8375,4242148,45.62,20,234,0,0,0,58.64,9.85,31.51
2021-12-30T00:00:00.000Z,11011,6575373,70.71,7735,5938119,63.86,12241,4254389,45.75,10,244,0,0,0,58.84,9.82,31.34
2021-12-31T00:00:00.000Z,4829,6580202,70.76,3672,5941791,63.9,7294,4261683,45.83,135,379,0,0,0,58.9,9.79,31.3
2022-01-01T00:00:00.000Z,1992,6582194,70.78,1591,5943382,63.91,2741,4264424,45.86,66,445,0,0,0,58.93,9.79,31.28
2022-01-02T00:00:00.000Z,10217,6592411,70.89,6487,5949869,63.98,13004,4277428,46,590,1035,0,0,0.01,59.14,9.76,31.1
2022-01-03T00:00:00.000Z,9384,6601795,70.99,5258,5955127,64.04,11337,4288765,46.12,25055,26090,0,0,0.28,59.29,9.71,31
2022-01-04T00:00:00.000Z,8967,6610762,71.09,5949,5961076,64.1,10523,4299288,46.23,50659,76749,0,0,0.83,59.46,9.68,30.86
2022-01-05T00:00:00.000Z,8553,6619315,71.18,5739,5966815,64.16,10491,4309779,46.35,59589,136338,0,0,1.47,59.56,9.65,30.79
2022-01-06T00:00:00.000Z,10340,6629655,71.29,7959,5974774,64.25,13530,4323309,46.49,63999,200337,0,0,2.15,59.81,9.63,30.56
2022-01-07T00:00:00.000Z,4760,6634415,71.34,4556,5979330,64.3,8161,4331470,46.58,31135,231472,0,0,2.49,59.89,9.61,30.49
2022-01-08T00:00:00.000Z,2750,6637165,71.37,2451,5981781,64.33,5501,4336971,46.64,27631,259103,0,0,2.79,59.9,9.64,30.46
2022-01-09T00:00:00.000Z,9306,6646471,71.47,7722,5989503,64.41,11868,4348839,46.77,66765,325868,0,0,3.5,60.06,9.59,30.35
2022-01-10T00:00:00.000Z,8350,6654821,71.56,7645,5997148,64.49,11877,4360716,46.89,64774,390642,0,0,4.2,60.21,9.54,30.25
2022-01-11T00:00:00.000Z,8101,6662922,71.65,8621,6005769,64.58,11970,4372686,47.02,56657,447299,0,0,4.81,60.38,9.49,30.13
2022-01-12T00:00:00.000Z,7277,6670199,71.73,8303,6014072,64.67,11115,4383801,47.14,44631,491930,0,0,5.29,60.51,9.45,30.04
2022-01-13T00:00:00.000Z,7508,6677707,71.81,9617,6023689,64.78,11542,4395343,47.27,34765,526695,0,0,5.66,60.7,9.35,29.94
2022-01-14T00:00:00.000Z,2555,6680262,71.84,4935,6028624,64.83,6142,4401485,47.33,11141,537836,0,0,5.78,60.79,9.31,29.9
2022-01-15T00:00:00.000Z,1469,6681731,71.85,3170,6031794,64.86,3884,4405369,47.37,5716,543552,0,0,5.85,60.83,9.29,29.87
2022-01-16T00:00:00.000Z,3818,6685549,71.89,8525,6040319,64.95,7681,4413050,47.46,19992,563544,0,0,6.06,60.97,9.2,29.82
2022-01-17T00:00:00.000Z,2809,6688358,71.92,7046,6047365,65.03,6170,4419220,47.52,17832,581376,0,0,6.25,61.09,9.13,29.78
2022-01-18T00:00:00.000Z,2475,6690833,71.95,7385,6054750,65.11,5534,4424754,47.58,14817,596193,0,0,6.41,61.23,9.07,29.7
2022-01-19T00:00:00.000Z,1915,6692748,71.97,6369,6061119,65.18,4520,4429274,47.63,8460,604653,0,0,6.5,61.37,8.98,29.65
2022-01-20T00:00:00.000Z,1778,6694526,71.99,6968,6068087,65.25,4792,4434066,47.68,8041,612694,0,0,6.59,61.44,8.85,29.71
2022-01-21T00:00:00.000Z,905,6695431,72,3725,6071812,65.29,2643,4436709,47.71,3358,616052,0,0,6.62,61.51,8.81,29.68
2022-01-22T00:00:00.000Z,328,6695759,72,1461,6073273,65.31,1066,4437775,47.72,1113,617165,0,0,6.64,61.51,8.75,29.74
2022-01-23T00:00:00.000Z,1068,6696827,72.01,5632,6078905,65.37,2878,4440653,47.75,6083,623248,0,0,6.7,61.61,8.7,29.69
2022-01-24T00:00:00.000Z,759,6697586,72.02,4481,6083386,65.42,2267,4442920,47.78,5054,628302,0,0,6.76,61.73,8.62,29.65
2022-01-25T00:00:00.000Z,744,6698330,72.03,4400,6087786,65.46,2182,4445102,47.8,7102,635404,0,0,6.83,61.9,8.51,29.59
2022-01-26T00:00:00.000Z,614,6698944,72.04,3285,6091071,65.5,1611,4446713,47.82,4262,639666,0,0,6.88,62.02,8.42,29.57
2022-01-27T00:00:00.000Z,798,6699742,72.05,4406,6095477,65.55,2004,4448717,47.84,5441,645107,0,0,6.94,62.12,8.35,29.52
2022-01-28T00:00:00.000Z,395,6700137,72.05,2376,6097853,65.57,1178,4449895,47.85,3452,648559,0,0,6.97,62.16,8.33,29.5
2022-01-29T00:00:00.000Z,124,6700261,72.05,1046,6098899,65.58,424,4450319,47.86,1162,649721,0,0,6.99,62.23,8.29,29.48
2022-01-30T00:00:00.000Z,769,6701030,72.06,4719,6103618,65.64,2020,4452339,47.88,8099,657820,0,0,7.07,62.3,8.24,29.46
2022-01-31T00:00:00.000Z,528,6701558,72.07,3184,6106802,65.67,1609,4453948,47.9,6472,664292,0,0,7.14,62.39,8.17,29.43
2022-02-01T00:00:00.000Z,480,6702038,72.07,2807,6109609,65.7,1525,4455473,47.91,5721,670013,0,0,7.21,62.45,8.15,29.4
2022-02-02T00:00:00.000Z,375,6702413,72.07,2394,6112003,65.73,1381,4456854,47.93,5074,675087,0,0,7.26,62.28,8.13,29.59
2022-02-03T00:00:00.000Z,446,6702859,72.08,2776,6114779,65.76,1461,4458315,47.94,5607,680694,0,0,7.32,62.34,8.08,29.57
2022-02-04T00:00:00.000Z,174,6703033,72.08,991,6115770,65.77,755,4459070,47.95,2455,683149,0,0,7.35,62.37,8.06,29.57
2022-02-05T00:00:00.000Z,62,6703095,72.08,342,6116112,65.77,221,4459291,47.95,420,683569,0,0,7.35,62.34,8.09,29.56
2022-02-06T00:00:00.000Z,406,6703501,72.09,2320,6118432,65.79,1343,4460634,47.97,5686,689255,0,0,7.41,62.41,8.05,29.55
2022-02-07T00:00:00.000Z,282,6703783,72.09,1307,6119739,65.81,983,4461617,47.98,5960,695215,0,0,7.48,62.47,8.01,29.52
2022-02-08T00:00:00.000Z,317,6704100,72.09,1498,6121237,65.82,1068,4462685,47.99,6137,701352,0,0,7.54,62.54,7.97,29.49
2022-02-09T00:00:00.000Z,254,6704354,72.1,1102,6122339,65.84,945,4463630,48,4570,705922,0,0,7.59,62.6,7.95,29.45
2022-02-10T00:00:00.000Z,273,6704627,72.1,1293,6123632,65.85,936,4464566,48.01,4815,710737,0,0,7.64,62.63,7.93,29.44
2022-02-11T00:00:00.000Z,211,6704838,72.1,557,6124189,65.86,518,4465084,48.02,2539,713276,0,0,7.67,62.67,7.91,29.42
2022-02-12T00:00:00.000Z,32,6704870,72.1,90,6124279,65.86,133,4465217,48.02,269,713545,0,0,7.67,62.67,7.91,29.41
2022-02-13T00:00:00.000Z,286,6705156,72.1,946,6125225,65.87,966,4466183,48.03,4998,718543,0,0,7.73,62.73,7.87,29.39
2022-02-14T00:00:00.000Z,180,6705336,72.11,627,6125852,65.87,760,4466943,48.04,3142,721685,0,0,7.76,62.89,7.74,29.36
2022-02-15T00:00:00.000Z,266,6705602,72.11,763,6126615,65.88,936,4467879,48.05,3818,725503,0,0,7.8,62.92,7.73,29.35
2022-02-16T00:00:00.000Z,179,6705781,72.11,577,6127192,65.89,803,4468682,48.05,2487,727990,0,0,7.83,62.95,7.72,29.34
2022-02-17T00:00:00.000Z,246,6706027,72.11,740,6127932,65.9,774,4469456,48.06,3061,731051,0,0,7.86,62.96,7.7,29.34
2022-02-18T00:00:00.000Z,131,6706158,72.11,342,6128274,65.9,436,4469892,48.07,1118,732169,0,0,7.87,62.98,7.69,29.33
2022-02-19T00:00:00.000Z,33,6706191,72.12,84,6128358,65.9,82,4469974,48.07,79,732248,0,0,7.87,62.99,7.69,29.32
2022-02-20T00:00:00.000Z,203,6706394,72.12,604,6128962,65.91,721,4470695,48.08,2574,734822,0,0,7.9,63.01,7.67,29.32
2022-02-21T00:00:00.000Z,173,6706567,72.12,413,6129375,65.91,489,4471184,48.08,1542,736364,0,0,7.92,63.04,7.65,29.31
2022-02-22T00:00:00.000Z,158,6706725,72.12,454,6129829,65.92,567,4471751,48.09,1871,738235,0,0,7.94,63.05,7.65,29.3
2022-02-23T00:00:00.000Z,109,6706834,72.12,353,6130182,65.92,452,4472203,48.09,1153,739388,0,0,7.95,63.06,7.65,29.29
2022-02-24T00:00:00.000Z,138,6706972,72.12,462,6130644,65.93,568,4472771,48.1,1492,740880,0,0,7.97,63.05,7.66,29.29
2022-02-25T00:00:00.000Z,59,6707031,72.12,144,6130788,65.93,190,4472961,48.1,456,741336,0,0,7.97,63.06,7.66,29.28
2022-02-26T00:00:00.000Z,17,6707048,72.12,28,6130816,65.93,161,4473122,48.1,35,741371,0,0,7.97,63.05,7.67,29.28
2022-02-27T00:00:00.000Z,112,6707160,72.13,341,6131157,65.93,448,4473570,48.11,1119,742490,0,0,7.98,63.05,7.67,29.28
2022-02-28T00:00:00.000Z,108,6707268,72.13,271,6131428,65.93,421,4473991,48.11,907,743397,0,0,7.99,63.07,7.65,29.28
2022-03-01T00:00:00.000Z,95,6707363,72.13,280,6131708,65.94,372,4474363,48.12,797,744194,0,0,8,63.1,7.63,29.27
2022-03-02T00:00:00.000Z,77,6707440,72.13,199,6131907,65.94,324,4474687,48.12,697,744891,0,0,8.01,63.11,7.62,29.27
2022-03-03T00:00:00.000Z,156,6707596,72.13,371,6132278,65.94,496,4475183,48.12,987,745878,0,0,8.02,63.05,7.67,29.27
2022-03-04T00:00:00.000Z,53,6707649,72.13,170,6132448,65.95,168,4475351,48.13,227,746105,0,0,8.02,63.05,7.68,29.27
2022-03-05T00:00:00.000Z,4,6707653,72.13,25,6132473,65.95,43,4475394,48.13,32,746137,0,0,8.02,63.04,7.69,29.27
2022-03-06T00:00:00.000Z,97,6707750,72.13,258,6132731,65.95,418,4475812,48.13,760,746897,0,0,8.03,63.04,7.69,29.27
2022-03-07T00:00:00.000Z,87,6707837,72.13,260,6132991,65.95,353,4476165,48.13,604,747501,0,0,8.04,63.05,7.69,29.26
2022-03-08T00:00:00.000Z,98,6707935,72.13,263,6133254,65.95,333,4476498,48.14,550,748051,0,0,8.04,63.04,7.7,29.26
2022-03-09T00:00:00.000Z,89,6708024,72.13,213,6133467,65.96,337,4476835,48.14,492,748543,0,0,8.05,63.02,7.72,29.25
2022-03-10T00:00:00.000Z,115,6708139,72.14,373,6133840,65.96,427,4477262,48.15,620,749163,0,0,8.06,63.01,7.74,29.25
2022-03-11T00:00:00.000Z,24,6708163,72.14,86,6133926,65.96,122,4477384,48.15,144,749307,0,0,8.06,63,7.75,29.25
2022-03-12T00:00:00.000Z,11,6708174,72.14,12,6133938,65.96,33,4477417,48.15,28,749335,0,0,8.06,62.98,7.77,29.24
2022-03-13T00:00:00.000Z,100,6708274,72.14,271,6134209,65.96,358,4477775,48.15,595,749930,0,0,8.06,62.98,7.78,29.24
2022-03-14T00:00:00.000Z,65,6708339,72.14,252,6134461,65.97,316,4478091,48.16,559,750489,0,0,8.07,62.98,7.78,29.24
2022-03-15T00:00:00.000Z,79,6708418,72.14,185,6134646,65.97,293,4478384,48.16,591,751080,0,0,8.08,62.95,7.81,29.24
2022-03-16T00:00:00.000Z,76,6708494,72.14,205,6134851,65.97,304,4478688,48.16,668,751748,0,0,8.08,62.94,7.82,29.24
2022-03-17T00:00:00.000Z,65,6708559,72.14,121,6134972,65.97,286,4478974,48.16,613,752361,0,0,8.09,62.94,7.82,29.24
2022-03-18T00:00:00.000Z,19,6708578,72.14,54,6135026,65.97,100,4479074,48.17,234,752595,0,0,8.09,62.94,7.82,29.24
2022-03-19T00:00:00.000Z,5,6708583,72.14,11,6135037,65.97,28,4479102,48.17,39,752634,0,0,8.09,62.89,7.88,29.23
2022-03-20T00:00:00.000Z,119,6708702,72.14,260,6135297,65.98,486,4479588,48.17,1431,754065,0,0,8.11,62.87,7.89,29.23
2022-03-21T00:00:00.000Z,97,6708799,72.14,247,6135544,65.98,379,4479967,48.18,1132,755197,0,0,8.12,62.87,7.9,29.23
2022-03-22T00:00:00.000Z,141,6708940,72.14,342,6135886,65.98,507,4480474,48.18,1770,756967,0,0,8.14,62.84,7.94,29.23
2022-03-23T00:00:00.000Z,108,6709048,72.15,212,6136098,65.98,463,4480937,48.19,1676,758643,0,0,8.16,62.81,7.97,29.22
2022-03-24T00:00:00.000Z,174,6709222,72.15,345,6136443,65.99,768,4481705,48.19,2361,761004,0,0,8.18,62.78,8,29.22
2022-03-25T00:00:00.000Z,39,6709261,72.15,82,6136525,65.99,156,4481861,48.2,629,761633,0,0,8.19,62.78,8,29.23
2022-03-26T00:00:00.000Z,12,6709273,72.15,13,6136538,65.99,34,4481895,48.2,91,761724,0,0,8.19,62.77,8,29.22
2022-03-27T00:00:00.000Z,167,6709440,72.15,344,6136882,65.99,758,4482653,48.2,3193,764917,0,0,8.23,62.75,8.02,29.22
2022-03-28T00:00:00.000Z,113,6709553,72.15,270,6137152,66,623,4483276,48.21,2416,767333,0,0,8.25,62.75,8.03,29.22
2022-03-29T00:00:00.000Z,125,6709678,72.15,258,6137410,66,641,4483917,48.22,2771,770104,0,0,8.28,62.7,8.07,29.22
2022-03-30T00:00:00.000Z,132,6709810,72.15,207,6137617,66,539,4484456,48.22,2370,772474,0,0,8.31,62.81,8.11,29.07
2022-03-31T00:00:00.000Z,166,6709976,72.16,302,6137919,66,730,4485186,48.23,2852,775326,0,0,8.34,62.79,8.11,29.1
2022-04-01T00:00:00.000Z,122,6710098,72.16,160,6138079,66.01,277,4485463,48.23,585,775911,0,0,8.34,62.72,8.13,29.15
2022-04-02T00:00:00.000Z,6,6710104,72.16,7,6138086,66.01,37,4485500,48.23,52,775963,0,0,8.34,62.69,8.15,29.16
2022-04-03T00:00:00.000Z,159,6710263,72.16,270,6138356,66.01,569,4486069,48.24,2478,778441,0,0,8.37,62.65,8.16,29.19
2022-04-04T00:00:00.000Z,103,6710366,72.16,207,6138563,66.01,484,4486553,48.25,2224,780665,0,0,8.39,62.62,8.16,29.22
2022-04-05T00:00:00.000Z,122,6710488,72.16,219,6138782,66.01,513,4487066,48.25,2242,782907,0,0,8.42,62.57,8.19,29.25
2022-04-06T00:00:00.000Z,92,6710580,72.16,155,6138937,66.02,381,4487447,48.26,2021,784928,0,0,8.44,62.55,8.2,29.25
2022-04-07T00:00:00.000Z,191,6710771,72.16,215,6139152,66.02,641,4488088,48.26,2556,787484,0,0,8.47,62.56,8.2,29.24
2022-04-08T00:00:00.000Z,30,6710801,72.16,60,6139212,66.02,153,4488241,48.26,482,787966,0,0,8.47,62.54,8.22,29.23
2022-04-09T00:00:00.000Z,6,6710807,72.16,17,6139229,66.02,27,4488268,48.26,47,788013,0,0,8.47,62.52,8.25,29.23
2022-04-10T00:00:00.000Z,103,6710910,72.17,264,6139493,66.02,429,4488697,48.27,1845,789858,0,0,8.49,62.51,8.26,29.23
2022-04-11T00:00:00.000Z,78,6710988,72.17,201,6139694,66.02,371,4489068,48.27,1425,791283,0,0,8.51,62.54,8.26,29.2
2022-04-12T00:00:00.000Z,204,6711192,72.17,168,6139862,66.03,374,4489442,48.28,1360,792643,0,0,8.52,62.58,8.29,29.12
2022-04-13T00:00:00.000Z,119,6711311,72.17,150,6140012,66.03,296,4489738,48.28,1217,793860,0,0,8.54,62.58,8.31,29.1
2022-04-14T00:00:00.000Z,85,6711396,72.17,221,6140233,66.03,320,4490058,48.28,1069,794929,0,0,8.55,62.57,8.33,29.1
2022-04-15T00:00:00.000Z,9,6711405,72.17,51,6140284,66.03,47,4490105,48.28,82,795011,0,0,8.55,62.55,8.35,29.1
2022-04-16T00:00:00.000Z,3,6711408,72.17,8,6140292,66.03,21,4490126,48.28,29,795040,0,0,8.55,62.53,8.37,29.1
2022-04-17T00:00:00.000Z,62,6711470,72.17,131,6140423,66.03,229,4490355,48.29,807,795847,0,0,8.56,62.52,8.38,29.1
2022-04-18T00:00:00.000Z,69,6711539,72.17,109,6140532,66.03,252,4490607,48.29,749,796596,0,0,8.57,62.51,8.38,29.1
2022-04-19T00:00:00.000Z,62,6711601,72.17,144,6140676,66.03,273,4490880,48.29,842,797438,0,0,8.58,62.5,8.4,29.1
2022-04-20T00:00:00.000Z,60,6711661,72.17,117,6140793,66.04,235,4491115,48.3,654,798092,0,0,8.58,62.48,8.42,29.1
2022-04-21T00:00:00.000Z,53,6711714,72.17,109,6140902,66.04,196,4491311,48.3,479,798571,0,0,8.59,62.47,8.43,29.1
2022-04-22T00:00:00.000Z,3,6711717,72.17,16,6140918,66.04,19,4491330,48.3,19,798590,0,0,8.59,62.45,8.44,29.11
2022-04-23T00:00:00.000Z,6,6711723,72.17,9,6140927,66.04,15,4491345,48.3,13,798603,0,0,8.59,62.43,8.46,29.11
2022-04-24T00:00:00.000Z,92,6711815,72.18,250,6141177,66.04,329,4491674,48.3,872,799475,0,0,8.6,62.43,8.47,29.1
2022-04-25T00:00:00.000Z,105,6711920,72.18,191,6141368,66.04,316,4491990,48.3,738,800213,0,0,8.61,62.43,8.47,29.1
2022-04-26T00:00:00.000Z,75,6711995,72.18,175,6141543,66.04,303,4492293,48.31,787,801000,0,0,8.61,62.42,8.48,29.1
2022-04-27T00:00:00.000Z,54,6712049,72.18,160,6141703,66.04,227,4492520,48.31,640,801640,0,0,8.62,62.41,8.49,29.1
2022-04-28T00:00:00.000Z,96,6712145,72.18,232,6141935,66.05,329,4492849,48.31,869,802509,0,0,8.63,62.41,8.5,29.1
2022-04-29T00:00:00.000Z,112,6712257,72.18,159,6142094,66.05,183,4493032,48.32,195,802704,0,0,8.63,62.39,8.51,29.1
2022-04-30T00:00:00.000Z,1,6712258,72.18,3,6142097,66.05,24,4493056,48.32,22,802726,0,0,8.63,62.38,8.52,29.1
2022-05-01T00:00:00.000Z,135,6712393,72.18,185,6142282,66.05,316,4493372,48.32,630,803356,0,0,8.64,62.38,8.53,29.09
2022-05-02T00:00:00.000Z,62,6712455,72.18,153,6142435,66.05,235,4493607,48.32,491,803847,0,0,8.64,62.37,8.54,29.09
2022-05-03T00:00:00.000Z,72,6712527,72.18,151,6142586,66.05,288,4493895,48.33,507,804354,0,0,8.65,62.36,8.55,29.09
2022-05-04T00:00:00.000Z,23,6712550,72.18,56,6142642,66.05,63,4493958,48.33,126,804480,0,0,8.65,62.35,8.57,29.08
2022-05-05T00:00:00.000Z,4,6712554,72.18,1,6142643,66.05,8,4493966,48.33,13,804493,0,0,8.65,62.34,8.58,29.08
2022-05-06T00:00:00.000Z,20,6712574,72.18,59,6142702,66.06,64,4494030,48.33,151,804644,0,0,8.65,62.33,8.59,29.08
2022-05-07T00:00:00.000Z,1,6712575,72.18,7,6142709,66.06,27,4494057,48.33,24,804668,0,0,8.65,62.32,8.6,29.08
2022-05-08T00:00:00.000Z,118,6712693,72.19,207,6142916,66.06,270,4494327,48.33,457,805125,0,0,8.66,62.31,8.61,29.08
2022-05-09T00:00:00.000Z,59,6712752,72.19,162,6143078,66.06,251,4494578,48.33,504,805629,0,0,8.66,62.31,8.61,29.08
2022-05-10T00:00:00.000Z,131,6712883,72.19,169,6143247,66.06,260,4494838,48.34,508,806137,0,0,8.67,62.3,8.62,29.08
2022-05-11T00:00:00.000Z,58,6712941,72.19,118,6143365,66.06,182,4495020,48.34,464,806601,0,0,8.67,62.3,8.63,29.08
2022-05-12T00:00:00.000Z,119,6713060,72.19,200,6143565,66.06,278,4495298,48.34,665,807266,0,0,8.68,62.29,8.64,29.07
2022-05-13T00:00:00.000Z,11,6713071,72.19,43,6143608,66.07,71,4495369,48.34,110,807376,0,0,8.68,62.28,8.65,29.07
2022-05-14T00:00:00.000Z,6,6713077,72.19,13,6143621,66.07,11,4495380,48.34,23,807399,0,0,8.68,62.26,8.66,29.07
2022-05-15T00:00:00.000Z,90,6713167,72.19,175,6143796,66.07,246,4495626,48.34,665,808064,0,0,8.69,62.26,8.67,29.07
2022-05-16T00:00:00.000Z,68,6713235,72.19,141,6143937,66.07,230,4495856,48.35,508,808572,0,0,8.7,62.19,8.65,29.16
2022-05-17T00:00:00.000Z,73,6713308,72.19,153,6144090,66.07,269,4496125,48.35,617,809189,0,0,8.7,62.18,8.66,29.16
2022-05-18T00:00:00.000Z,43,6713351,72.19,99,6144189,66.07,169,4496294,48.35,445,809634,0,0,8.71,62.17,8.67,29.16
2022-05-19T00:00:00.000Z,64,6713415,72.19,170,6144359,66.07,212,4496506,48.35,499,810133,0,0,8.71,62.16,8.68,29.16
2022-05-20T00:00:00.000Z,75,6713490,72.19,114,6144473,66.07,130,4496636,48.35,138,810271,0,0,8.71,62.15,8.69,29.16
2022-05-21T00:00:00.000Z,4,6713494,72.19,7,6144480,66.07,14,4496650,48.35,18,810289,0,0,8.71,62.14,8.7,29.16
2022-05-22T00:00:00.000Z,87,6713581,72.19,188,6144668,66.08,216,4496866,48.36,426,810715,0,0,8.72,62.14,8.71,29.16
2022-05-23T00:00:00.000Z,64,6713645,72.2,120,6144788,66.08,156,4497022,48.36,346,811061,0,0,8.72,62.14,8.71,29.16
2022-05-24T00:00:00.000Z,43,6713688,72.2,119,6144907,66.08,157,4497179,48.36,394,811455,0,0,8.73,62.13,8.71,29.15
2022-05-25T00:00:00.000Z,61,6713749,72.2,103,6145010,66.08,166,4497345,48.36,337,811792,0,0,8.73,62.12,8.72,29.15
2022-05-26T00:00:00.000Z,72,6713821,72.2,136,6145146,66.08,186,4497531,48.36,348,812140,0,0,8.73,62.11,8.73,29.16
2022-05-27T00:00:00.000Z,12,6713833,72.2,29,6145175,66.08,43,4497574,48.36,59,812199,0,0,8.73,62.1,8.74,29.16
2022-05-28T00:00:00.000Z,2,6713835,72.2,5,6145180,66.08,8,4497582,48.36,12,812211,0,0,8.73,62.09,8.75,29.16
2022-05-29T00:00:00.000Z,89,6713924,72.2,153,6145333,66.08,163,4497745,48.37,315,812526,0,0,8.74,62.09,8.75,29.16
2022-05-30T00:00:00.000Z,56,6713980,72.2,133,6145466,66.09,125,4497870,48.37,291,812817,0,0,8.74,62.09,8.76,29.16
2022-05-31T00:00:00.000Z,45,6714025,72.2,104,6145570,66.09,153,4498023,48.37,351,813168,0,0,8.74,62.07,8.78,29.15
2022-06-01T00:00:00.000Z,63,6714088,72.2,90,6145660,66.09,117,4498140,48.37,276,813444,0,0,8.75,61.95,8.9,29.16
2022-06-02T00:00:00.000Z,77,6714165,72.2,156,6145816,66.09,177,4498317,48.37,255,813699,0,0,8.75,45.96,24.88,29.15
2022-06-03T00:00:00.000Z,10,6714175,72.2,23,6145839,66.09,21,4498338,48.37,33,813732,0,0,8.75,45.9,24.95,29.16
2022-06-04T00:00:00.000Z,0,6714175,72.2,7,6145846,66.09,8,4498346,48.37,5,813737,0,0,8.75,45.84,25,29.16
2022-06-05T00:00:00.000Z,11,6714186,72.2,14,6145860,66.09,7,4498353,48.37,2,813739,0,0,8.75,45.8,25.05,29.16
2022-06-06T00:00:00.000Z,58,6714244,72.2,144,6146004,66.09,161,4498514,48.37,262,814001,0,0,8.75,39.96,30.89,29.16
2022-06-07T00:00:00.000Z,54,6714298,72.2,134,6146138,66.09,142,4498656,48.38,379,814380,0,0,8.76,39.92,30.93,29.15
2022-06-08T00:00:00.000Z,58,6714356,72.2,104,6146242,66.09,131,4498787,48.38,497,814877,0,0,8.76,39.89,30.96,29.15
2022-06-09T00:00:00.000Z,84,6714440,72.2,207,6146449,66.1,234,4499021,48.38,641,815518,0,0,8.77,39.86,30.99,29.15
2022-06-10T00:00:00.000Z,14,6714454,72.2,51,6146500,66.1,59,4499080,48.38,141,815659,0,0,8.77,39.83,31.02,29.15
2022-06-11T00:00:00.000Z,0,6714454,72.2,3,6146503,66.1,7,4499087,48.38,19,815678,0,0,8.77,39.8,31.05,29.15
2022-06-12T00:00:00.000Z,109,6714563,72.21,199,6146702,66.1,191,4499278,48.38,767,816445,0,0,8.78,39.8,31.05,29.15
2022-06-13T00:00:00.000Z,84,6714647,72.21,142,6146844,66.1,168,4499446,48.38,625,817070,0,0,8.79,39.81,31.04,29.15
2022-06-14T00:00:00.000Z,116,6714763,72.21,173,6147017,66.1,208,4499654,48.39,759,817829,0,0,8.79,39.79,31.06,29.15
2022-06-15T00:00:00.000Z,71,6714834,72.21,141,6147158,66.1,207,4499861,48.39,699,818528,0,0,8.8,39.78,31.08,29.15
2022-06-16T00:00:00.000Z,94,6714928,72.21,136,6147294,66.11,218,4500079,48.39,742,819270,0,0,8.81,39.74,31.11,29.14
2022-06-17T00:00:00.000Z,16,6714944,72.21,63,6147357,66.11,53,4500132,48.39,124,819394,0,0,8.81,39.72,31.14,29.15
2022-06-18T00:00:00.000Z,3,6714947,72.21,4,6147361,66.11,11,4500143,48.39,15,819409,0,0,8.81,39.68,31.17,29.14
2022-06-19T00:00:00.000Z,115,6715062,72.21,207,6147568,66.11,318,4500461,48.4,877,820286,0,0,8.82,39.53,31.33,29.15
2022-06-20T00:00:00.000Z,99,6715161,72.21,152,6147720,66.11,307,4500768,48.4,922,821208,0,0,8.83,33.92,36.85,29.23
2022-06-21T00:00:00.000Z,94,6715255,72.21,154,6147874,66.11,375,4501143,48.4,1229,822437,0,0,8.84,33.58,37.19,29.23
2022-06-22T00:00:00.000Z,110,6715365,72.21,135,6148009,66.11,339,4501482,48.41,894,823331,0,0,8.85,33.28,37.49,29.23
2022-06-23T00:00:00.000Z,132,6715497,72.22,217,6148226,66.11,525,4502007,48.41,1146,824477,0,0,8.87,32.84,37.92,29.23
2022-06-24T00:00:00.000Z,19,6715516,72.22,35,6148261,66.12,110,4502117,48.41,207,824684,0,0,8.87,32.43,38.34,29.24
2022-06-25T00:00:00.000Z,1,6715517,72.22,3,6148264,66.12,12,4502129,48.41,16,824700,0,0,8.87,32.04,38.72,29.24
2022-06-26T00:00:00.000Z,107,6715624,72.22,158,6148422,66.12,379,4502508,48.42,933,825633,0,0,8.88,31.63,39.13,29.24
2022-06-27T00:00:00.000Z,86,6715710,72.22,172,6148594,66.12,392,4502900,48.42,1028,826661,0,0,8.89,31.29,39.47,29.24
2022-06-28T00:00:00.000Z,84,6715794,72.22,151,6148745,66.12,364,4503264,48.43,932,827593,0,0,8.9,30.86,39.91,29.24
2022-06-29T00:00:00.000Z,76,6715870,72.22,106,6148851,66.12,265,4503529,48.43,816,828409,0,0,8.91,30.48,40.28,29.24
2022-06-30T00:00:00.000Z,86,6715956,72.22,165,6149016,66.12,356,4503885,48.43,1059,829468,0,0,8.92,30.05,40.71,29.24
2022-07-01T00:00:00.000Z,22,6715978,72.22,28,6149044,66.12,55,4503940,48.43,80,829548,0,0,8.92,29.62,41.14,29.24
2022-07-02T00:00:00.000Z,1,6715979,72.22,2,6149046,66.12,8,4503948,48.43,18,829566,0,0,8.92,29.2,41.56,29.24
2022-07-03T00:00:00.000Z,100,6716079,72.22,177,6149223,66.13,322,4504270,48.44,637,830203,0,0,8.93,28.81,41.95,29.24
2022-07-04T00:00:00.000Z,76,6716155,72.22,140,6149363,66.13,278,4504548,48.44,749,830952,0,0,8.94,28.5,42.26,29.24
2022-07-05T00:00:00.000Z,59,6716214,72.22,142,6149505,66.13,302,4504850,48.44,688,831640,0,0,8.94,28.06,42.7,29.24
2022-07-06T00:00:00.000Z,78,6716292,72.22,124,6149629,66.13,211,4505061,48.45,646,832286,0,0,8.95,27.39,43.37,29.24
2022-07-07T00:00:00.000Z,82,6716374,72.22,164,6149793,66.13,267,4505328,48.45,721,833007,0,0,8.96,26.48,44.28,29.24
2022-07-08T00:00:00.000Z,17,6716391,72.22,33,6149826,66.13,69,4505397,48.45,131,833138,0,0,8.96,25.47,45.29,29.24
2022-07-09T00:00:00.000Z,0,6716391,72.22,1,6149827,66.13,3,4505400,48.45,2,833140,0,0,8.96,24.42,46.34,29.24
2022-07-10T00:00:00.000Z,90,6716481,72.23,164,6149991,66.13,229,4505629,48.45,470,833610,0,0,8.96,23.77,46.99,29.24
2022-07-11T00:00:00.000Z,64,6716545,72.23,142,6150133,66.14,248,4505877,48.45,575,834185,0,0,8.97,23.22,47.54,29.24
2022-07-12T00:00:00.000Z,69,6716614,72.23,129,6150262,66.14,207,4506084,48.46,557,834742,0,0,8.98,22.13,48.63,29.24
2022-07-13T00:00:00.000Z,43,6716657,72.23,101,6150363,66.14,164,4506248,48.46,488,835230,0,0,8.98,21.1,49.66,29.24
2022-07-14T00:00:00.000Z,69,6716726,72.23,147,6150510,66.14,209,4506457,48.46,512,835742,0,0,8.99,20.12,50.63,29.24
2022-07-15T00:00:00.000Z,64,6716790,72.23,88,6150598,66.14,127,4506584,48.46,166,835908,0,0,8.99,19.27,51.48,29.25
2022-07-16T00:00:00.000Z,0,6716790,72.23,6,6150604,66.14,7,4506591,48.46,8,835916,0,0,8.99,18.29,52.46,29.25
2022-07-17T00:00:00.000Z,77,6716867,72.23,183,6150787,66.14,241,4506832,48.46,468,836384,0,0,8.99,17.83,52.92,29.25
2022-07-18T00:00:00.000Z,62,6716929,72.23,158,6150945,66.14,207,4507039,48.47,511,836895,0,0,9,17.48,53.26,29.26
2022-07-19T00:00:00.000Z,62,6716991,72.23,147,6151092,66.15,174,4507213,48.47,368,837263,0,0,9,16.77,53.97,29.26
2022-07-20T00:00:00.000Z,52,6717043,72.23,133,6151225,66.15,137,4507350,48.47,423,837686,0,0,9.01,16.09,54.64,29.26
2022-07-21T00:00:00.000Z,61,6717104,72.23,158,6151383,66.15,176,4507526,48.47,341,838027,0,0,9.01,15.43,55.3,29.27
2022-07-22T00:00:00.000Z,10,6717114,72.23,36,6151419,66.15,43,4507569,48.47,56,838083,0,0,9.01,14.64,56.08,29.28
2022-07-23T00:00:00.000Z,0,6717114,72.23,4,6151423,66.15,4,4507573,48.47,9,838092,0,0,9.01,14.17,56.55,29.28
2022-07-24T00:00:00.000Z,58,6717172,72.23,128,6151551,66.15,197,4507770,48.47,364,838456,0,0,9.02,13.55,57.16,29.29
2022-07-25T00:00:00.000Z,48,6717220,72.23,107,6151658,66.15,172,4507942,48.48,336,838792,0,0,9.02,13.09,57.61,29.3
2022-07-26T00:00:00.000Z,47,6717267,72.23,99,6151757,66.15,111,4508053,48.48,270,839062,0,0,9.02,12.46,58.23,29.3
2022-07-27T00:00:00.000Z,43,6717310,72.23,125,6151882,66.15,132,4508185,48.48,243,839305,0,0,9.03,11.89,58.8,29.31
2022-07-28T00:00:00.000Z,62,6717372,72.24,142,6152024,66.16,147,4508332,48.48,220,839525,0,0,9.03,11.35,59.34,29.31
2022-07-29T00:00:00.000Z,10,6717382,72.24,25,6152049,66.16,27,4508359,48.48,31,839556,0,0,9.03,10.85,59.83,29.32
2022-07-30T00:00:00.000Z,0,6717382,72.24,0,6152049,66.16,1,4508360,48.48,1,839557,0,0,9.03,10.34,60.33,29.33
2022-07-31T00:00:00.000Z,56,6717438,72.24,134,6152183,66.16,131,4508491,48.48,252,839809,0,0,9.03,9.97,60.7,29.33
2022-08-01T00:00:00.000Z,54,6717492,72.24,76,6152259,66.16,89,4508580,48.48,152,839961,0,0,9.03,9.47,61.19,29.34
2022-08-02T00:00:00.000Z,111,6717603,72.24,119,6152378,66.16,157,4508737,48.48,264,840225,0,0,9.04,8.92,61.73,29.35
2022-08-03T00:00:00.000Z,76,6717679,72.24,71,6152449,66.16,92,4508829,48.49,178,840403,0,0,9.04,8.46,62.19,29.35
2022-08-04T00:00:00.000Z,133,6717812,72.24,133,6152582,66.16,111,4508940,48.49,246,840649,0,0,9.04,8.04,62.61,29.36
2022-08-05T00:00:00.000Z,30,6717842,72.24,23,6152605,66.16,13,4508953,48.49,24,840673,0,0,9.04,7.71,62.93,29.36
2022-08-06T00:00:00.000Z,1,6717843,72.24,2,6152607,66.16,1,4508954,48.49,5,840678,0,0,9.04,7.32,63.32,29.36
2022-08-07T00:00:00.000Z,89,6717932,72.24,97,6152704,66.16,69,4509023,48.49,169,840847,0,0,9.04,6.92,63.71,29.37
2022-08-08T00:00:00.000Z,76,6718008,72.24,95,6152799,66.16,122,4509145,48.49,172,841019,0,0,9.04,6.74,63.89,29.37
2022-08-09T00:00:00.000Z,96,6718104,72.24,90,6152889,66.17,99,4509244,48.49,213,841232,0,0,9.05,6.25,64.37,29.38
2022-08-10T00:00:00.000Z,77,6718181,72.24,59,6152948,66.17,76,4509320,48.49,115,841347,0,0,9.05,5.91,64.71,29.38
2022-08-11T00:00:00.000Z,54,6718235,72.24,101,6153049,66.17,91,4509411,48.49,155,841502,0,0,9.05,5.59,65.03,29.38
2022-08-12T00:00:00.000Z,8,6718243,72.24,12,6153061,66.17,18,4509429,48.49,29,841531,0,0,9.05,5.35,65.27,29.38
2022-08-13T00:00:00.000Z,0,6718243,72.24,2,6153063,66.17,2,4509431,48.49,3,841534,0,0,9.05,5.1,65.52,29.38
2022-08-14T00:00:00.000Z,74,6718317,72.25,75,6153138,66.17,82,4509513,48.49,150,841684,0,0,9.05,4.87,65.75,29.39
2022-08-15T00:00:00.000Z,68,6718385,72.25,81,6153219,66.17,93,4509606,48.49,143,841827,0,0,9.05,4.74,65.87,29.39
2022-08-16T00:00:00.000Z,82,6718467,72.25,84,6153303,66.17,84,4509690,48.49,187,842014,0,0,9.05,4.46,66.15,29.39
2022-08-17T00:00:00.000Z,47,6718514,72.25,55,6153358,66.17,36,4509726,48.5,115,842129,0,0,9.06,4.16,66.44,29.39
2022-08-18T00:00:00.000Z,68,6718582,72.25,93,6153451,66.17,120,4509846,48.5,173,842302,0,0,9.06,3.98,66.63,29.39
2022-08-19T00:00:00.000Z,77,6718659,72.25,67,6153518,66.17,56,4509902,48.5,38,842340,0,0,9.06,3.83,66.78,29.39
2022-08-20T00:00:00.000Z,1,6718660,72.25,1,6153519,66.17,3,4509905,48.5,3,842343,0,0,9.06,3.67,66.94,29.39
2022-08-21T00:00:00.000Z,51,6718711,72.25,85,6153604,66.17,84,4509989,48.5,197,842540,0,0,9.06,3.52,67.08,29.4
2022-08-22T00:00:00.000Z,89,6718800,72.25,74,6153678,66.17,103,4510092,48.5,143,842683,0,0,9.06,3.44,67.16,29.4
2022-08-23T00:00:00.000Z,72,6718872,72.25,106,6153784,66.17,84,4510176,48.5,180,842863,0,0,9.06,3.27,67.33,29.4
2022-08-24T00:00:00.000Z,38,6718910,72.25,80,6153864,66.18,49,4510225,48.5,133,842996,0,0,9.07,3.15,67.46,29.4
2022-08-25T00:00:00.000Z,53,6718963,72.25,75,6153939,66.18,97,4510322,48.5,193,843189,0,0,9.07,3.03,67.57,29.4
2022-08-26T00:00:00.000Z,4,6718967,72.25,15,6153954,66.18,9,4510331,48.5,14,843203,0,0,9.07,2.94,67.66,29.4
2022-08-27T00:00:00.000Z,0,6718967,72.25,0,6153954,66.18,0,4510331,48.5,0,843203,0,0,9.07,2.84,67.76,29.4
2022-08-28T00:00:00.000Z,55,6719022,72.25,80,6154034,66.18,85,4510416,48.5,102,843305,0,0,9.07,2.75,67.85,29.4
2022-08-29T00:00:00.000Z,48,6719070,72.25,68,6154102,66.18,89,4510505,48.5,107,843412,0,0,9.07,2.69,67.91,29.4
2022-08-30T00:00:00.000Z,85,6719155,72.25,112,6154214,66.18,85,4510590,48.5,130,843542,0,0,9.07,2.6,68,29.4
2022-08-31T00:00:00.000Z,42,6719197,72.25,88,6154302,66.18,70,4510660,48.51,95,843637,0,0,9.07,2.53,68.07,29.4
2022-09-01T00:00:00.000Z,29,6719226,72.26,84,6154386,66.18,58,4510718,48.51,113,843750,0,0,9.07,2.46,68.14,29.4
2022-09-02T00:00:00.000Z,6,6719232,72.26,20,6154406,66.18,13,4510731,48.51,10,843760,0,0,9.07,2.4,68.2,29.4
2022-09-03T00:00:00.000Z,2,6719234,72.26,0,6154406,66.18,3,4510734,48.51,1,843761,0,0,9.07,2.33,68.27,29.4
2022-09-04T00:00:00.000Z,64,6719298,72.26,133,6154539,66.18,80,4510814,48.51,121,843882,0,0,9.07,2.27,68.32,29.4
2022-09-05T00:00:00.000Z,44,6719342,72.26,77,6154616,66.18,58,4510872,48.51,90,843972,0,0,9.08,2.23,68.37,29.4
2022-09-06T00:00:00.000Z,60,6719402,72.26,104,6154720,66.18,78,4510950,48.51,130,844102,0,0,9.08,2.17,68.42,29.4
2022-09-07T00:00:00.000Z,27,6719429,72.26,63,6154783,66.19,53,4511003,48.51,95,844197,0,0,9.08,2.12,68.47,29.4
2022-09-08T00:00:00.000Z,50,6719479,72.26,101,6154884,66.19,70,4511073,48.51,77,844274,0,0,9.08,2.07,68.53,29.4
2022-09-09T00:00:00.000Z,10,6719489,72.26,21,6154905,66.19,16,4511089,48.51,17,844291,0,0,9.08,2.03,68.57,29.4
2022-09-10T00:00:00.000Z,0,6719489,72.26,0,6154905,66.19,5,4511094,48.51,2,844293,0,0,9.08,1.97,68.62,29.4
2022-09-11T00:00:00.000Z,39,6719528,72.26,117,6155022,66.19,78,4511172,48.51,116,844409,0,0,9.08,1.92,68.67,29.41
2022-09-12T00:00:00.000Z,24,6719552,72.26,72,6155094,66.19,52,4511224,48.51,68,844477,0,0,9.08,1.88,68.71,29.41
2022-09-13T00:00:00.000Z,44,6719596,72.26,113,6155207,66.19,54,4511278,48.51,103,844580,0,0,9.08,1.82,68.77,29.41
2022-09-14T00:00:00.000Z,21,6719617,72.26,64,6155271,66.19,54,4511332,48.51,62,844642,0,0,9.08,1.78,68.82,29.41
2022-09-15T00:00:00.000Z,32,6719649,72.26,77,6155348,66.19,63,4511395,48.51,107,844749,0,0,9.08,1.73,68.86,29.41
2022-09-16T00:00:00.000Z,48,6719697,72.26,52,6155400,66.19,27,4511422,48.51,28,844777,0,0,9.08,1.7,68.89,29.41
2022-09-17T00:00:00.000Z,3,6719700,72.26,0,6155400,66.19,1,4511423,48.51,0,844777,0,0,9.08,1.66,68.93,29.41
2022-09-18T00:00:00.000Z,28,6719728,72.26,66,6155466,66.19,52,4511475,48.51,114,844891,0,0,9.09,1.63,68.96,29.41
2022-09-19T00:00:00.000Z,27,6719755,72.26,74,6155540,66.19,44,4511519,48.51,57,844948,0,0,9.09,1.61,68.98,29.41
2022-09-20T00:00:00.000Z,41,6719796,72.26,93,6155633,66.19,75,4511594,48.52,102,845050,0,0,9.09,1.56,69.03,29.41
2022-09-21T00:00:00.000Z,22,6719818,72.26,54,6155687,66.2,29,4511623,48.52,56,845106,83,0,9.09,1.55,69.05,29.41
2022-09-22T00:00:00.000Z,40,6719858,72.26,56,6155743,66.2,27,4511650,48.52,41,845147,1987,0.02,9.09,1.52,69.07,29.4
2022-09-23T00:00:00.000Z,6,6719864,72.26,11,6155754,66.2,4,4511654,48.52,1,845148,3307,0.04,9.09,1.5,69.1,29.41
2022-09-24T00:00:00.000Z,0,6719864,72.26,0,6155754,66.2,0,4511654,48.52,0,845148,3307,0.04,9.09,1.47,69.13,29.41
2022-09-25T00:00:00.000Z,5,6719869,72.26,20,6155774,66.2,10,4511664,48.52,27,845175,4256,0.05,9.09,1.46,69.13,29.41
2022-09-26T00:00:00.000Z,0,6719869,72.26,5,6155779,66.2,2,4511666,48.52,2,845177,4527,0.05,9.09,1.46,69.13,29.41
2022-09-27T00:00:00.000Z,2,6719871,72.26,0,6155779,66.2,3,4511669,48.52,3,845180,4544,0.05,9.09,1.42,69.17,29.41
2022-09-28T00:00:00.000Z,24,6719895,72.26,36,6155815,66.2,25,4511694,48.52,16,845196,8525,0.09,9.09,1.39,69.21,29.41
2022-09-29T00:00:00.000Z,32,6719927,72.26,61,6155876,66.2,13,4511707,48.52,48,845244,14057,0.15,9.09,1.37,69.22,29.41
2022-09-30T00:00:00.000Z,3,6719930,72.26,12,6155888,66.2,2,4511709,48.52,0,845244,15687,0.17,9.09,1.35,69.24,29.41
2022-10-01T00:00:00.000Z,0,6719930,72.26,1,6155889,66.2,1,4511710,48.52,1,845245,15702,0.17,9.09,1.31,69.29,29.41
2022-10-02T00:00:00.000Z,24,6719954,72.26,51,6155940,66.2,20,4511730,48.52,73,845318,21074,0.23,9.09,1.31,69.29,29.41
2022-10-03T00:00:00.000Z,23,6719977,72.26,29,6155969,66.2,13,4511743,48.52,12,845330,26955,0.29,9.09,1.31,69.28,29.4
2022-10-04T00:00:00.000Z,7,6719984,72.26,10,6155979,66.2,0,4511743,48.52,1,845331,28110,0.3,9.09,1.27,69.32,29.4
2022-10-05T00:00:00.000Z,0,6719984,72.26,0,6155979,66.2,0,4511743,48.52,0,845331,28110,0.3,9.09,1.28,69.31,29.4
2022-10-06T00:00:00.000Z,17,6720001,72.26,43,6156022,66.2,10,4511753,48.52,20,845351,35922,0.39,9.09,1.31,69.28,29.4
2022-10-07T00:00:00.000Z,3,6720004,72.26,3,6156025,66.2,3,4511756,48.52,0,845351,37334,0.4,9.09,1.3,69.29,29.41
2022-10-08T00:00:00.000Z,1,6720005,72.26,1,6156026,66.2,0,4511756,48.52,1,845352,37334,0.4,9.09,1.26,69.33,29.41
2022-10-09T00:00:00.000Z,7,6720012,72.26,22,6156048,66.2,6,4511762,48.52,5,845357,39388,0.42,9.09,1.31,69.28,29.41
2022-10-10T00:00:00.000Z,5,6720017,72.26,2,6156050,66.2,0,4511762,48.52,0,845357,39450,0.42,9.09,1.38,69.22,29.4
2022-10-11T00:00:00.000Z,12,6720029,72.26,32,6156082,66.2,1,4511763,48.52,32,845389,44128,0.47,9.09,1.36,69.24,29.4
2022-10-12T00:00:00.000Z,13,6720042,72.26,24,6156106,66.2,5,4511768,48.52,4,845393,49421,0.53,9.09,1.34,69.26,29.4
2022-10-13T00:00:00.000Z,17,6720059,72.26,16,6156122,66.2,5,4511773,48.52,9,845402,53409,0.57,9.09,1.4,69.2,29.4
2022-10-14T00:00:00.000Z,6,6720065,72.26,7,6156129,66.2,4,4511777,48.52,3,845405,54714,0.59,9.09,1.4,69.2,29.4
2022-10-15T00:00:00.000Z,0,6720065,72.26,0,6156129,66.2,0,4511777,48.52,1,845406,54722,0.59,9.09,1.38,69.22,29.4
2022-10-16T00:00:00.000Z,4,6720069,72.26,13,6156142,66.2,5,4511782,48.52,8,845414,56632,0.61,9.09,1.39,69.2,29.4
2022-10-17T00:00:00.000Z,1,6720070,72.26,1,6156143,66.2,1,4511783,48.52,0,845414,56662,0.61,9.09,1.39,69.2,29.4
2022-10-18T00:00:00.000Z,24,6720094,72.26,31,6156174,66.2,14,4511797,48.52,16,845430,61863,0.67,9.09,1.43,69.17,29.4
2022-10-19T00:00:00.000Z,18,6720112,72.26,25,6156199,66.2,7,4511804,48.52,3,845433,68217,0.73,9.09,1.47,69.12,29.4
2022-10-20T00:00:00.000Z,25,6720137,72.27,44,6156243,66.2,12,4511816,48.52,4,845437,74734,0.8,9.09,1.5,69.1,29.4
2022-10-21T00:00:00.000Z,4,6720141,72.27,7,6156250,66.2,2,4511818,48.52,2,845439,76241,0.82,9.09,1.5,69.09,29.4
2022-10-22T00:00:00.000Z,0,6720141,72.27,0,6156250,66.2,0,4511818,48.52,0,845439,76241,0.82,9.09,1.49,69.1,29.4
2022-10-23T00:00:00.000Z,15,6720156,72.27,33,6156283,66.2,18,4511836,48.52,10,845449,81377,0.88,9.09,1.51,69.08,29.4
2022-10-24T00:00:00.000Z,20,6720176,72.27,16,6156299,66.2,19,4511855,48.52,9,845458,86717,0.93,9.09,1.51,69.08,29.41
2022-10-25T00:00:00.000Z,18,6720194,72.27,34,6156333,66.2,22,4511877,48.52,21,845479,93131,1,9.09,1.55,69.04,29.4
2022-10-26T00:00:00.000Z,18,6720212,72.27,25,6156358,66.2,8,4511885,48.52,9,845488,100054,1.08,9.09,1.61,68.99,29.4
2022-10-27T00:00:00.000Z,18,6720230,72.27,26,6156384,66.2,14,4511899,48.52,16,845504,108318,1.16,9.09,1.67,68.93,29.4
2022-10-28T00:00:00.000Z,45,6720275,72.27,47,6156431,66.2,31,4511930,48.52,18,845522,110182,1.18,9.09,1.67,68.93,29.4
2022-10-29T00:00:00.000Z,0,6720275,72.27,0,6156431,66.2,0,4511930,48.52,0,845522,110182,1.18,9.09,1.66,68.94,29.4
2022-10-30T00:00:00.000Z,14,6720289,72.27,23,6156454,66.2,15,4511945,48.52,9,845531,116137,1.25,9.09,1.71,68.89,29.4
2022-10-31T00:00:00.000Z,17,6720306,72.27,16,6156470,66.2,8,4511953,48.52,9,845540,122450,1.32,9.09,1.76,68.84,29.4
2022-11-01T00:00:00.000Z,2,6720308,72.27,1,6156471,66.2,1,4511954,48.52,0,845540,123719,1.33,9.09,1.82,68.78,29.4
2022-11-02T00:00:00.000Z,13,6720321,72.27,13,6156484,66.2,7,4511961,48.52,8,845548,129814,1.4,9.09,1.88,68.72,29.4
2022-11-03T00:00:00.000Z,16,6720337,72.27,18,6156502,66.2,11,4511972,48.52,8,845556,136619,1.47,9.09,1.96,68.64,29.4
2022-11-04T00:00:00.000Z,4,6720341,72.27,6,6156508,66.2,1,4511973,48.52,2,845558,138278,1.49,9.09,1.98,68.63,29.4
2022-11-05T00:00:00.000Z,0,6720341,72.27,0,6156508,66.2,0,4511973,48.52,0,845558,138278,1.49,9.09,1.97,68.63,29.4
2022-11-06T00:00:00.000Z,24,6720365,72.27,31,6156539,66.2,11,4511984,48.52,23,845581,145093,1.56,9.09,2.03,68.57,29.4
2022-11-07T00:00:00.000Z,15,6720380,72.27,11,6156550,66.2,10,4511994,48.52,54,845635,152514,1.64,9.09,2.1,68.51,29.4
2022-11-08T00:00:00.000Z,28,6720408,72.27,26,6156576,66.2,14,4512008,48.52,9,845644,159421,1.71,9.09,2.1,68.5,29.4
2022-11-09T00:00:00.000Z,16,6720424,72.27,20,6156596,66.2,17,4512025,48.52,9,845653,166921,1.8,9.09,2.16,68.45,29.4
2022-11-10T00:00:00.000Z,26,6720450,72.27,14,6156610,66.21,11,4512036,48.52,4,845657,175757,1.89,9.09,2.22,68.39,29.4
2022-11-11T00:00:00.000Z,1,6720451,72.27,17,6156627,66.21,2,4512038,48.52,1,845658,178311,1.92,9.09,2.23,68.37,29.4
2022-11-12T00:00:00.000Z,1,6720452,72.27,0,6156627,66.21,1,4512039,48.52,0,845658,178361,1.92,9.09,2.22,68.38,29.4
2022-11-13T00:00:00.000Z,24,6720476,72.27,30,6156657,66.21,17,4512056,48.52,8,845666,185634,2,9.09,2.29,68.31,29.4
2022-11-14T00:00:00.000Z,20,6720496,72.27,17,6156674,66.21,21,4512077,48.52,16,845682,193620,2.08,9.09,2.37,68.23,29.4
2022-11-15T00:00:00.000Z,39,6720535,72.27,25,6156699,66.21,16,4512093,48.52,17,845699,201147,2.16,9.09,2.43,68.17,29.4
2022-11-16T00:00:00.000Z,14,6720549,72.27,26,6156725,66.21,16,4512109,48.52,11,845710,208770,2.25,9.09,2.5,68.1,29.4
2022-11-17T00:00:00.000Z,19,6720568,72.27,33,6156758,66.21,18,4512127,48.52,4,845714,217128,2.33,9.09,2.59,68.02,29.4
2022-11-18T00:00:00.000Z,6,6720574,72.27,4,6156762,66.21,4,4512131,48.52,0,845714,219682,2.36,9.09,2.61,67.99,29.4
2022-11-19T00:00:00.000Z,0,6720574,72.27,0,6156762,66.21,0,4512131,48.52,0,845714,219682,2.36,9.09,2.6,68,29.4
2022-11-20T00:00:00.000Z,19,6720593,72.27,19,6156781,66.21,6,4512137,48.52,13,845727,225910,2.43,9.09,2.67,67.93,29.4
2022-11-21T00:00:00.000Z,15,6720608,72.27,12,6156793,66.21,6,4512143,48.52,6,845733,232942,2.5,9.09,2.76,67.85,29.4
2022-11-22T00:00:00.000Z,26,6720634,72.27,13,6156806,66.21,17,4512160,48.52,6,845739,239920,2.58,9.09,2.83,67.77,29.4
2022-11-23T00:00:00.000Z,17,6720651,72.27,20,6156826,66.21,4,4512164,48.52,8,845747,246611,2.65,9.09,2.9,67.7,29.4
2022-11-24T00:00:00.000Z,9,6720660,72.27,16,6156842,66.21,13,4512177,48.52,27,845774,253753,2.73,9.1,2.98,67.62,29.4
2022-11-25T00:00:00.000Z,17,6720677,72.27,32,6156874,66.21,14,4512191,48.52,12,845786,255745,2.75,9.1,3,67.6,29.4
2022-11-26T00:00:00.000Z,0,6720677,72.27,2,6156876,66.21,0,4512191,48.52,0,845786,255755,2.75,9.1,3,67.61,29.4
2022-11-27T00:00:00.000Z,14,6720691,72.27,14,6156890,66.21,19,4512210,48.52,2,845788,261722,2.81,9.1,3.06,67.54,29.4
2022-11-28T00:00:00.000Z,8,6720699,72.27,23,6156913,66.21,8,4512218,48.52,6,845794,267407,2.88,9.1,3.14,67.47,29.4
2022-11-29T00:00:00.000Z,37,6720736,72.27,31,6156944,66.21,19,4512237,48.52,14,845808,273755,2.94,9.1,3.2,67.4,29.4
2022-11-30T00:00:00.000Z,12,6720748,72.27,25,6156969,66.21,20,4512257,48.52,8,845816,280372,3.02,9.1,3.27,67.34,29.39
2022-12-01T00:00:00.000Z,13,6720761,72.27,16,6156985,66.21,15,4512272,48.52,4,845820,287770,3.09,9.1,3.34,67.26,29.39
2022-12-02T00:00:00.000Z,2,6720763,72.27,7,6156992,66.21,4,4512276,48.52,10,845830,289616,3.11,9.1,3.36,67.24,29.39
2022-12-03T00:00:00.000Z,0,6720763,72.27,0,6156992,66.21,0,4512276,48.52,1,845831,289626,3.11,9.1,3.36,67.24,29.39
2022-12-04T00:00:00.000Z,25,6720788,72.27,23,6157015,66.21,29,4512305,48.52,23,845854,295361,3.18,9.1,3.42,67.18,29.39
2022-12-05T00:00:00.000Z,9,6720797,72.27,17,6157032,66.21,11,4512316,48.52,18,845872,300868,3.24,9.1,3.48,67.12,29.4
2022-12-06T00:00:00.000Z,32,6720829,72.27,25,6157057,66.21,27,4512343,48.52,9,845881,305757,3.29,9.1,3.55,67.06,29.39
2022-12-07T00:00:00.000Z,10,6720839,72.27,17,6157074,66.21,8,4512351,48.52,7,845888,310471,3.34,9.1,3.62,66.99,29.39
2022-12-08T00:00:00.000Z,18,6720857,72.27,26,6157100,66.21,15,4512366,48.52,3,845891,316206,3.4,9.1,3.69,66.91,29.39
2022-12-09T00:00:00.000Z,4,6720861,72.27,1,6157101,66.21,1,4512367,48.52,7,845898,317992,3.42,9.1,3.71,66.9,29.39
2022-12-10T00:00:00.000Z,1,6720862,72.27,0,6157101,66.21,2,4512369,48.52,0,845898,317999,3.42,9.1,3.7,66.91,29.39
2022-12-11T00:00:00.000Z,14,6720876,72.27,19,6157120,66.21,15,4512384,48.52,16,845914,322202,3.46,9.1,3.76,66.84,29.39
2022-12-12T00:00:00.000Z,14,6720890,72.27,11,6157131,66.21,5,4512389,48.52,0,845914,326686,3.51,9.1,3.82,66.78,29.39
2022-12-13T00:00:00.000Z,17,6720907,72.27,44,6157175,66.21,18,4512407,48.52,13,845927,331352,3.56,9.1,3.87,66.73,29.39
2022-12-14T00:00:00.000Z,17,6720924,72.27,16,6157191,66.21,7,4512414,48.52,3,845930,335970,3.61,9.1,3.92,66.69,29.39
2022-12-15T00:00:00.000Z,21,6720945,72.27,16,6157207,66.21,7,4512421,48.52,3,845933,341342,3.67,9.1,3.97,66.64,29.39
2022-12-16T00:00:00.000Z,6,6720951,72.27,2,6157209,66.21,1,4512422,48.52,0,845933,342836,3.69,9.1,3.98,66.62,29.39
2022-12-17T00:00:00.000Z,0,6720951,72.27,0,6157209,66.21,0,4512422,48.52,0,845933,342836,3.69,9.1,3.97,66.63,29.39
2022-12-18T00:00:00.000Z,9,6720960,72.27,17,6157226,66.21,8,4512430,48.52,3,845936,345957,3.72,9.1,4.01,66.59,29.39
2022-12-19T00:00:00.000Z,7,6720967,72.27,14,6157240,66.21,12,4512442,48.52,6,845942,349159,3.75,9.1,4.06,66.54,29.4
2022-12-20T00:00:00.000Z,5,6720972,72.27,7,6157247,66.21,0,4512442,48.52,2,845944,349869,3.76,9.1,4.1,66.5,29.4
