Day_Date,vaccinated,vaccinated_cum,vaccinated_population_perc,vaccinated_seconde_dose,vaccinated_seconde_dose_cum,vaccinated_seconde_dose_population_perc,vaccinated_third_dose,vaccinated_third_dose_cum,vaccinated_third_dose_population_perc,vaccinated_fourth_dose,vaccinated_fourth_dose_cum,vaccinated_fourth_dose_population_perc,vaccinated_validity_perc,vaccinated_expired_perc,not_vaccinated_perc
2020-12-19T00:00:00.000Z,46,89,0,0,4,0,0,0,0,0,0,0,0,0,100
2020-12-20T00:00:00.000Z,7388,7477,0.08,0,4,0,0,0,0,0,0,0,0,0,100
2020-12-21T00:00:00.000Z,24913,32390,0.35,0,4,0,0,0,0,0,0,0,0,0,100
2020-12-22T00:00:00.000Z,44645,77035,0.83,0,4,0,0,0,0,0,0,0,0,0,100
2020-12-23T00:00:00.000Z,62895,139930,1.5,0,4,0,0,0,0,0,0,0,0,0,100
2020-12-24T00:00:00.000Z,73407,213337,2.29,0,4,0,0,0,0,0,0,0,0,0,100
2020-12-25T00:00:00.000Z,38501,251838,2.71,0,4,0,0,0,0,0,0,0,0,0,100
2020-12-26T00:00:00.000Z,32604,284442,3.06,0,4,0,0,0,0,0,0,0,0,0,100
2020-12-27T00:00:00.000Z,104532,388974,4.18,0,4,0,0,0,0,0,0,0,0,0,100
2020-12-28T00:00:00.000Z,134969,523943,5.63,0,4,0,0,0,0,0,0,0,0,0,100
2020-12-29T00:00:00.000Z,156228,680171,7.31,2,6,0,0,0,0,0,0,0,0,0,100
2020-12-30T00:00:00.000Z,153078,833249,8.96,0,6,0,0,0,0,0,0,0,0,0,100
2020-12-31T00:00:00.000Z,158487,991736,10.66,0,6,0,0,0,0,0,0,0,0,0,100
2021-01-01T00:00:00.000Z,71394,1063130,11.43,0,6,0,0,0,0,0,0,0,0,0,100
2021-01-02T00:00:00.000Z,71702,1134832,12.2,0,6,0,0,0,0,0,0,0,0,0,100
2021-01-03T00:00:00.000Z,149674,1284506,13.81,0,6,0,0,0,0,0,0,0,0,0,100
2021-01-04T00:00:00.000Z,152108,1436614,15.45,2,8,0,0,0,0,0,0,0,0,0,100
2021-01-05T00:00:00.000Z,125113,1561727,16.79,3,11,0,0,0,0,0,0,0,0,0,100
2021-01-06T00:00:00.000Z,103269,1664996,17.9,2,13,0,0,0,0,0,0,0,0,0,100
2021-01-07T00:00:00.000Z,115960,1780956,19.15,7,20,0,0,0,0,0,0,0,0,0,100
2021-01-08T00:00:00.000Z,66408,1847364,19.87,4,24,0,0,0,0,0,0,0,0,0,100
2021-01-09T00:00:00.000Z,44510,1891874,20.34,25,49,0,0,0,0,0,0,0,0,0,100
2021-01-10T00:00:00.000Z,37616,1929490,20.75,5996,6045,0.07,0,0,0,0,0,0,0,0,100
2021-01-11T00:00:00.000Z,21126,1950616,20.98,19256,25301,0.27,0,0,0,0,0,0,0,0,100
2021-01-12T00:00:00.000Z,24017,1974633,21.23,35662,60963,0.66,0,0,0,0,0,0,0,0,100
2021-01-13T00:00:00.000Z,52013,2026646,21.79,56859,117822,1.27,0,0,0,0,0,0,0,0,100
2021-01-14T00:00:00.000Z,56408,2083054,22.4,68824,186646,2.01,0,0,0,0,0,0,0,0,100
2021-01-15T00:00:00.000Z,30721,2113775,22.73,35923,222569,2.39,0,0,0,0,0,0,0,0,100
2021-01-16T00:00:00.000Z,29435,2143210,23.05,26002,248571,2.67,0,0,0,0,0,0,0,0,100
2021-01-17T00:00:00.000Z,68394,2211604,23.78,84573,333144,3.58,0,0,0,0,0,0,0.36,0,99.64
2021-01-18T00:00:00.000Z,69734,2281338,24.53,120392,453536,4.88,0,0,0,0,0,0,0.64,0,99.36
2021-01-19T00:00:00.000Z,72834,2354172,25.32,137789,591325,6.36,0,0,0,0,0,0,1.16,0,98.84
2021-01-20T00:00:00.000Z,76824,2430996,26.14,143705,735030,7.9,0,0,0,0,0,0,1.98,0,98.02
2021-01-21T00:00:00.000Z,69928,2500924,26.89,164372,899402,9.67,0,0,0,0,0,0,2.98,0,97.02
2021-01-22T00:00:00.000Z,37875,2538799,27.3,71096,970498,10.44,0,0,0,0,0,0,3.5,0,96.5
2021-01-23T00:00:00.000Z,39938,2578737,27.73,53568,1024066,11.01,0,0,0,0,0,0,3.89,0,96.11
2021-01-24T00:00:00.000Z,69078,2647815,28.47,140649,1164715,12.52,0,0,0,0,0,0,5.1,0,94.9
2021-01-25T00:00:00.000Z,80871,2728686,29.34,139457,1304172,14.02,0,0,0,0,0,0,6.78,0,93.22
2021-01-26T00:00:00.000Z,78663,2807349,30.19,126377,1430549,15.38,0,0,0,0,0,0,8.65,0,91.35
2021-01-27T00:00:00.000Z,77910,2885259,31.03,125000,1555549,16.73,0,0,0,0,0,0,10.56,0,89.44
2021-01-28T00:00:00.000Z,79511,2964770,31.88,130565,1686114,18.13,0,0,0,0,0,0,12.69,0,87.31
2021-01-29T00:00:00.000Z,36647,3001417,32.28,64760,1750874,18.83,0,0,0,0,0,0,13.61,0,86.39
2021-01-30T00:00:00.000Z,34369,3035786,32.65,42741,1793615,19.29,0,0,0,0,0,0,14.3,0,85.7
2021-01-31T00:00:00.000Z,73298,3109084,33.43,59473,1853088,19.93,0,0,0,0,0,0,16.07,0,83.93
2021-02-01T00:00:00.000Z,82454,3191538,34.32,35315,1888403,20.31,0,0,0,0,0,0,17.81,0,82.19
2021-02-02T00:00:00.000Z,70039,3261577,35.07,31038,1919441,20.64,0,0,0,0,0,0,19.35,0,80.65
2021-02-03T00:00:00.000Z,60255,3321832,35.72,51396,1970837,21.19,0,0,0,0,0,0,20.84,0,79.16
2021-02-04T00:00:00.000Z,72575,3394407,36.5,58049,2028886,21.82,0,0,0,0,0,0,22.39,0,77.61
2021-02-05T00:00:00.000Z,33895,3428302,36.87,28773,2057659,22.13,0,0,0,0,0,0,23.15,0,76.85
2021-02-06T00:00:00.000Z,21589,3449891,37.1,22210,2079869,22.37,0,0,0,0,0,0,23.64,0,76.36
2021-02-07T00:00:00.000Z,54060,3503951,37.68,68694,2148563,23.1,0,0,0,0,0,0,24.4,0,75.6
2021-02-08T00:00:00.000Z,58594,3562545,38.31,65417,2213980,23.81,0,0,0,0,0,0,24.95,0,75.05
2021-02-09T00:00:00.000Z,66296,3628841,39.02,67519,2281499,24.53,0,0,0,0,0,0,25.48,0,74.52
2021-02-10T00:00:00.000Z,70506,3699347,39.78,72247,2353746,25.31,0,0,0,0,0,0,26.23,0,73.77
2021-02-11T00:00:00.000Z,81111,3780458,40.65,72042,2425788,26.09,0,0,0,0,0,0,27.08,0,72.92
2021-02-12T00:00:00.000Z,39064,3819522,41.07,37555,2463343,26.49,0,0,0,0,0,0,27.5,0,72.5
2021-02-13T00:00:00.000Z,27435,3846957,41.37,30408,2493751,26.82,0,0,0,0,0,0,27.82,0,72.18
2021-02-14T00:00:00.000Z,74872,3921829,42.17,69038,2562789,27.56,0,0,0,0,0,0,28.76,0,71.24
2021-02-15T00:00:00.000Z,81503,4003332,43.05,75656,2638445,28.37,0,0,0,0,0,0,29.69,0,70.31
2021-02-16T00:00:00.000Z,83384,4086716,43.95,78238,2716683,29.21,0,0,0,0,0,0,30.64,0,69.36
2021-02-17T00:00:00.000Z,61930,4148646,44.61,75589,2792272,30.03,0,0,0,0,0,0,31.56,0,68.44
2021-02-18T00:00:00.000Z,69110,4217756,45.36,79700,2871972,30.88,0,0,0,0,0,0,32.51,0,67.49
2021-02-19T00:00:00.000Z,39626,4257382,45.78,38119,2910091,31.29,0,0,0,0,0,0,33.02,0,66.98
2021-02-20T00:00:00.000Z,31630,4289012,46.12,28711,2938802,31.6,0,0,0,0,0,0,33.43,0,66.57
2021-02-21T00:00:00.000Z,79399,4368411,46.98,78402,3017204,32.45,0,0,0,0,0,0,34.39,0,65.61
2021-02-22T00:00:00.000Z,85020,4453431,47.89,80562,3097766,33.31,0,0,0,0,0,0,35.44,0,64.56
2021-02-23T00:00:00.000Z,77287,4530718,48.72,70430,3168196,34.07,0,0,0,0,0,0,36.47,0,63.53
2021-02-24T00:00:00.000Z,61024,4591742,49.38,63085,3231281,34.75,0,0,0,0,0,0,37.4,0,62.6
2021-02-25T00:00:00.000Z,51685,4643427,49.93,64754,3296035,35.44,0,0,0,0,0,0,38.31,0,61.69
2021-02-26T00:00:00.000Z,25869,4669296,50.21,32006,3328041,35.79,0,0,0,0,0,0,38.76,0,61.24
2021-02-27T00:00:00.000Z,18315,4687611,50.41,21179,3349220,36.02,0,0,0,0,0,0,39.08,0,60.92
2021-02-28T00:00:00.000Z,40319,4727930,50.84,55849,3405069,36.62,0,0,0,0,0,0,39.92,0,60.08
2021-03-01T00:00:00.000Z,45695,4773625,51.33,61402,3466471,37.28,0,0,0,0,0,0,40.78,0,59.22
2021-03-02T00:00:00.000Z,41142,4814767,51.78,64750,3531221,37.97,0,0,0,0,0,0,41.54,0,58.46
2021-03-03T00:00:00.000Z,41967,4856734,52.23,66730,3597951,38.69,0,0,0,0,0,0,42.25,0,57.75
2021-03-04T00:00:00.000Z,39658,4896392,52.65,79071,3677022,39.54,0,0,0,0,0,0,42.95,0,57.05
2021-03-05T00:00:00.000Z,17309,4913701,52.84,40436,3717458,39.98,0,0,0,0,0,0,43.28,0,56.72
2021-03-06T00:00:00.000Z,10681,4924382,52.95,25329,3742787,40.25,0,0,0,0,0,0,43.5,0,56.5
2021-03-07T00:00:00.000Z,31104,4955486,53.29,72817,3815604,41.03,0,0,0,0,0,0,44.09,0,55.91
2021-03-08T00:00:00.000Z,27332,4982818,53.58,73253,3888857,41.82,0,0,0,0,0,0,44.71,0,55.29
2021-03-09T00:00:00.000Z,26693,5009511,53.87,76571,3965428,42.64,0,0,0,0,0,0,45.37,0,54.63
2021-03-10T00:00:00.000Z,23299,5032810,54.12,58639,4024067,43.27,0,0,0,0,0,0,46.03,0,53.97
2021-03-11T00:00:00.000Z,23250,5056060,54.37,69042,4093109,44.02,0,0,0,0,0,0,46.76,0,53.24
2021-03-12T00:00:00.000Z,11233,5067293,54.49,41378,4134487,44.46,0,0,0,0,0,0,47.12,0,52.88
2021-03-13T00:00:00.000Z,7920,5075213,54.58,25226,4159713,44.73,0,0,0,0,0,0,47.35,0,52.65
2021-03-14T00:00:00.000Z,20929,5096142,54.8,73908,4233621,45.53,0,0,0,0,0,0,47.99,0,52.01
2021-03-15T00:00:00.000Z,20091,5116233,55.02,78234,4311855,46.37,0,0,0,0,0,0,48.61,0,51.39
2021-03-16T00:00:00.000Z,18706,5134939,55.22,71442,4383297,47.14,0,0,0,0,0,0,49.23,0,50.77
2021-03-17T00:00:00.000Z,17652,5152591,55.41,58975,4442272,47.77,0,0,0,0,0,0,49.72,0,50.28
2021-03-18T00:00:00.000Z,15997,5168588,55.58,58093,4500365,48.39,0,0,0,0,0,0,50.26,0,49.74
2021-03-19T00:00:00.000Z,6899,5175487,55.65,27949,4528314,48.7,0,0,0,0,0,0,50.56,0,49.44
2021-03-20T00:00:00.000Z,5196,5180683,55.71,15275,4543589,48.86,0,0,0,0,0,0,50.74,0,49.26
2021-03-21T00:00:00.000Z,13134,5193817,55.85,40470,4584059,49.29,0,0,0,0,0,0,51.27,0,48.73
2021-03-22T00:00:00.000Z,13521,5207338,56,40507,4624566,49.73,0,0,0,0,0,0,51.81,0,48.19
2021-03-23T00:00:00.000Z,2789,5210127,56.03,7261,4631827,49.81,0,0,0,0,0,0,52.24,0,47.76
2021-03-24T00:00:00.000Z,10961,5221088,56.15,46510,4678337,50.31,0,0,0,0,0,0,52.65,0,47.35
2021-03-25T00:00:00.000Z,10209,5231297,56.25,35394,4713731,50.69,0,0,0,0,0,0,53.04,0,46.96
2021-03-26T00:00:00.000Z,4143,5235440,56.3,13297,4727028,50.83,0,0,0,0,0,0,53.22,0,46.78
2021-03-27T00:00:00.000Z,1768,5237208,56.32,4247,4731275,50.88,0,0,0,0,0,0,53.31,0,46.69
2021-03-28T00:00:00.000Z,2088,5239296,56.34,4592,4735867,50.93,0,0,0,0,0,0,53.55,0,46.45
2021-03-29T00:00:00.000Z,6860,5246156,56.41,29985,4765852,51.25,0,0,0,0,0,0,53.81,0,46.19
2021-03-30T00:00:00.000Z,7825,5253981,56.5,22399,4788251,51.49,0,0,0,0,0,0,53.9,0,46.1
2021-03-31T00:00:00.000Z,8106,5262087,56.59,19432,4807683,51.7,0,0,0,0,0,0,54.2,0,45.8
2021-04-01T00:00:00.000Z,8131,5270218,56.67,18648,4826331,51.9,0,0,0,0,0,0,54.43,0,45.57
2021-04-02T00:00:00.000Z,2894,5273112,56.7,8096,4834427,51.99,0,0,0,0,0,0,54.52,0,45.48
2021-04-03T00:00:00.000Z,1409,5274521,56.72,2937,4837364,52.02,0,0,0,0,0,0,54.55,0,45.45
2021-04-04T00:00:00.000Z,9607,5284128,56.82,22801,4860165,52.26,0,0,0,0,0,0,54.64,0,45.36
2021-04-05T00:00:00.000Z,10307,5294435,56.93,21215,4881380,52.49,0,0,0,0,0,0,54.86,0,45.14
2021-04-06T00:00:00.000Z,8977,5303412,57.03,16734,4898114,52.67,0,0,0,0,0,0,55.03,0,44.97
2021-04-07T00:00:00.000Z,8878,5312290,57.13,15248,4913362,52.84,0,0,0,0,0,0,55.18,0,44.82
2021-04-08T00:00:00.000Z,9359,5321649,57.23,16954,4930316,53.02,0,0,0,0,0,0,55.34,0,44.66
2021-04-09T00:00:00.000Z,3552,5325201,57.26,6187,4936503,53.08,0,0,0,0,0,0,55.4,0,44.6
2021-04-10T00:00:00.000Z,1608,5326809,57.28,3496,4939999,53.12,0,0,0,0,0,0,55.43,0,44.57
2021-04-11T00:00:00.000Z,9007,5335816,57.38,14213,4954212,53.28,0,0,0,0,0,0,55.61,0,44.39
2021-04-12T00:00:00.000Z,8892,5344708,57.47,13190,4967402,53.42,0,0,0,0,0,0,55.77,0,44.23
2021-04-13T00:00:00.000Z,5787,5350495,57.54,4914,4972316,53.47,0,0,0,0,0,0,55.9,0,44.1
2021-04-14T00:00:00.000Z,3592,5354087,57.58,5266,4977582,53.53,0,0,0,0,0,0,56,0,44
2021-04-15T00:00:00.000Z,642,5354729,57.58,547,4978129,53.53,0,0,0,0,0,0,56.1,0,43.9
2021-04-16T00:00:00.000Z,3366,5358095,57.62,6608,4984737,53.6,0,0,0,0,0,0,56.15,0,43.85
2021-04-17T00:00:00.000Z,799,5358894,57.63,1956,4986693,53.62,0,0,0,0,0,0,56.17,0,43.83
2021-04-18T00:00:00.000Z,7070,5365964,57.7,7412,4994105,53.7,0,0,0,0,0,0,56.29,0,43.71
2021-04-19T00:00:00.000Z,6367,5372331,57.77,7082,5001187,53.78,0,0,0,0,0,0,56.4,0,43.6
2021-04-20T00:00:00.000Z,6228,5378559,57.84,6838,5008025,53.85,0,0,0,0,0,0,56.47,0,43.53
2021-04-21T00:00:00.000Z,6321,5384880,57.91,7056,5015081,53.93,0,0,0,0,0,0,56.54,0,43.46
2021-04-22T00:00:00.000Z,5901,5390781,57.97,7642,5022723,54.01,0,0,0,0,0,0,56.58,0,43.42
2021-04-23T00:00:00.000Z,2727,5393508,58,3348,5026071,54.05,0,0,0,0,0,0,56.63,0,43.37
2021-04-24T00:00:00.000Z,745,5394253,58.01,1267,5027338,54.06,0,0,0,0,0,0,56.64,0,43.36
2021-04-25T00:00:00.000Z,4806,5399059,58.06,6898,5034236,54.14,0,0,0,0,0,0,56.71,0,43.29
2021-04-26T00:00:00.000Z,5436,5404495,58.12,7848,5042084,54.22,0,0,0,0,0,0,56.79,0,43.21
2021-04-27T00:00:00.000Z,4474,5408969,58.17,6586,5048670,54.29,0,0,0,0,0,0,56.85,0,43.15
2021-04-28T00:00:00.000Z,4455,5413424,58.21,7278,5055948,54.37,0,0,0,0,0,0,56.92,0,43.08
2021-04-29T00:00:00.000Z,4334,5417758,58.26,7240,5063188,54.45,0,0,0,0,0,0,56.99,0,43.01
2021-04-30T00:00:00.000Z,1887,5419645,58.28,3150,5066338,54.48,0,0,0,0,0,0,57.02,0,42.98
2021-05-01T00:00:00.000Z,439,5420084,58.28,880,5067218,54.49,0,0,0,0,0,0,57.03,0,42.97
2021-05-02T00:00:00.000Z,3210,5423294,58.32,6060,5073278,54.56,0,0,0,0,0,0,57.08,0,42.92
2021-05-03T00:00:00.000Z,3515,5426809,58.36,5774,5079052,54.62,0,0,0,0,0,0,57.15,0,42.85
2021-05-04T00:00:00.000Z,3546,5430355,58.4,4689,5083741,54.67,0,0,0,0,0,0,57.2,0,42.8
2021-05-05T00:00:00.000Z,3252,5433607,58.43,4038,5087779,54.71,0,0,0,0,0,0,57.26,0,42.74
2021-05-06T00:00:00.000Z,3596,5437203,58.47,3086,5090865,54.74,0,0,0,0,0,0,57.32,0,42.68
2021-05-07T00:00:00.000Z,1792,5438995,58.49,2451,5093316,54.77,0,0,0,0,0,0,57.35,0,42.65
2021-05-08T00:00:00.000Z,224,5439219,58.49,486,5093802,54.78,0,0,0,0,0,0,57.35,0,42.65
2021-05-09T00:00:00.000Z,2832,5442051,58.52,4726,5098528,54.83,0,0,0,0,0,0,57.4,0,42.6
2021-05-10T00:00:00.000Z,2870,5444921,58.55,4674,5103202,54.88,0,0,0,0,0,0,57.45,0,42.55
2021-05-11T00:00:00.000Z,2577,5447498,58.58,3833,5107035,54.92,0,0,0,0,0,0,57.49,0,42.51
2021-05-12T00:00:00.000Z,1985,5449483,58.6,3281,5110316,54.95,0,0,0,0,0,0,57.53,0,42.47
2021-05-13T00:00:00.000Z,2013,5451496,58.62,3629,5113945,54.99,0,0,0,0,0,0,57.56,0,42.44
2021-05-14T00:00:00.000Z,934,5452430,58.63,1458,5115403,55.01,0,0,0,0,0,0,57.57,0,42.43
2021-05-15T00:00:00.000Z,227,5452657,58.64,232,5115635,55.01,0,0,0,0,0,0,57.58,0,42.42
2021-05-16T00:00:00.000Z,515,5453172,58.64,1190,5116825,55.02,0,0,0,0,0,0,57.6,0,42.4
2021-05-17T00:00:00.000Z,275,5453447,58.64,819,5117644,55.03,0,0,0,0,0,0,57.63,0,42.37
2021-05-18T00:00:00.000Z,1928,5455375,58.66,4908,5122552,55.09,0,0,0,0,0,0,57.66,0,42.34
2021-05-19T00:00:00.000Z,2191,5457566,58.69,5004,5127556,55.14,0,0,0,0,0,0,57.69,0,42.31
2021-05-20T00:00:00.000Z,2282,5459848,58.71,3840,5131396,55.18,0,0,0,0,0,0,57.72,0,42.28
2021-05-21T00:00:00.000Z,1157,5461005,58.73,1370,5132766,55.2,0,0,0,0,0,0,57.74,0,42.26
2021-05-22T00:00:00.000Z,199,5461204,58.73,371,5133137,55.2,0,0,0,0,0,0,57.74,0,42.26
2021-05-23T00:00:00.000Z,2260,5463464,58.75,3200,5136337,55.23,0,0,0,0,0,0,57.76,0,42.24
2021-05-24T00:00:00.000Z,2102,5465566,58.77,3566,5139903,55.27,0,0,0,0,0,0,57.78,0,42.22
2021-05-25T00:00:00.000Z,1792,5467358,58.79,2558,5142461,55.3,0,0,0,0,0,0,57.81,0,42.19
2021-05-26T00:00:00.000Z,1375,5468733,58.81,2461,5144922,55.33,0,0,0,0,0,0,57.85,0,42.15
2021-05-27T00:00:00.000Z,1810,5470543,58.83,3140,5148062,55.36,0,0,0,0,0,0,57.88,0,42.12
2021-05-28T00:00:00.000Z,743,5471286,58.84,1367,5149429,55.37,0,0,0,0,0,0,57.89,0,42.11
2021-05-29T00:00:00.000Z,164,5471450,58.84,210,5149639,55.38,0,0,0,0,0,0,57.89,0,42.11
2021-05-30T00:00:00.000Z,1621,5473071,58.85,1914,5151553,55.4,0,0,0,0,0,0,57.92,0,42.08
2021-05-31T00:00:00.000Z,1686,5474757,58.87,2063,5153616,55.42,0,0,0,0,0,0,57.95,0,42.05
2021-06-01T00:00:00.000Z,1329,5476086,58.89,1794,5155410,55.44,0,0,0,0,0,0,57.97,0,42.03
2021-06-02T00:00:00.000Z,1467,5477553,58.9,1578,5156988,55.46,0,0,0,0,0,0,57.99,0,42.01
2021-06-03T00:00:00.000Z,1641,5479194,58.92,1447,5158435,55.47,0,0,0,0,0,0,58.01,0,41.99
2021-06-04T00:00:00.000Z,1059,5480253,58.93,736,5159171,55.48,0,0,0,0,0,0,58.03,0,41.97
2021-06-05T00:00:00.000Z,165,5480418,58.93,141,5159312,55.48,0,0,0,0,0,0,58.03,0,41.97
2021-06-06T00:00:00.000Z,4266,5484684,58.98,984,5160296,55.49,0,0,0,0,0,0,58.07,0,41.93
2021-06-07T00:00:00.000Z,4391,5489075,59.03,781,5161077,55.5,0,0,0,0,0,0,58.1,0,41.9
2021-06-08T00:00:00.000Z,3699,5492774,59.07,1141,5162218,55.51,0,0,0,0,0,0,58.14,0,41.86
2021-06-09T00:00:00.000Z,3559,5496333,59.1,1288,5163506,55.53,0,0,0,0,0,0,58.17,0,41.83
2021-06-10T00:00:00.000Z,3299,5499632,59.14,1267,5164773,55.54,0,0,0,0,0,0,58.2,0,41.8
2021-06-11T00:00:00.000Z,1356,5500988,59.15,554,5165327,55.55,0,0,0,0,0,0,58.21,0,41.79
2021-06-12T00:00:00.000Z,189,5501177,59.16,150,5165477,55.55,0,0,0,0,0,0,58.21,0,41.79
2021-06-13T00:00:00.000Z,3089,5504266,59.19,1235,5166712,55.56,0,0,0,0,0,0,58.24,0,41.76
2021-06-14T00:00:00.000Z,3012,5507278,59.22,1503,5168215,55.58,0,0,0,0,0,0,58.26,0,41.74
2021-06-15T00:00:00.000Z,3104,5510382,59.26,1341,5169556,55.59,0,0,0,0,0,0,58.28,0,41.72
2021-06-16T00:00:00.000Z,2685,5513067,59.28,957,5170513,55.6,0,0,0,0,0,0,58.31,0,41.69
2021-06-17T00:00:00.000Z,2682,5515749,59.31,1167,5171680,55.61,0,0,0,0,0,0,58.33,0,41.67
2021-06-18T00:00:00.000Z,1224,5516973,59.33,470,5172150,55.62,0,0,0,0,0,0,58.34,0,41.66
2021-06-19T00:00:00.000Z,204,5517177,59.33,127,5172277,55.62,0,0,0,0,0,0,58.34,0,41.66
2021-06-20T00:00:00.000Z,3295,5520472,59.36,1310,5173587,55.63,0,0,0,0,0,0,58.37,0,41.63
2021-06-21T00:00:00.000Z,5197,5525669,59.42,1185,5174772,55.65,0,0,0,0,0,0,58.41,0,41.59
2021-06-22T00:00:00.000Z,6877,5532546,59.49,1064,5175836,55.66,0,0,0,0,0,0,58.46,0,41.54
2021-06-23T00:00:00.000Z,10696,5543242,59.61,1264,5177100,55.67,0,0,0,0,0,0,58.54,0,41.46
2021-06-24T00:00:00.000Z,11987,5555229,59.74,1430,5178530,55.69,0,0,0,0,0,0,58.62,0,41.38
2021-06-25T00:00:00.000Z,7059,5562288,59.81,899,5179429,55.7,0,0,0,0,0,0,58.67,0,41.33
2021-06-26T00:00:00.000Z,2247,5564535,59.84,179,5179608,55.7,0,0,0,0,0,0,58.68,0,41.32
2021-06-27T00:00:00.000Z,13597,5578132,59.98,3419,5183027,55.74,0,0,0,0,0,0,58.78,0,41.22
2021-06-28T00:00:00.000Z,14467,5592599,60.14,3638,5186665,55.77,0,0,0,0,0,0,58.88,0,41.12
2021-06-29T00:00:00.000Z,16667,5609266,60.32,3696,5190361,55.81,0,0,0,0,0,0,58.99,0,41.01
2021-06-30T00:00:00.000Z,16432,5625698,60.5,3356,5193717,55.85,0,0,0,0,0,0,59.11,0,40.89
2021-07-01T00:00:00.000Z,16759,5642457,60.68,3335,5197052,55.89,18,18,0,0,0,0,59.23,0,40.77
2021-07-02T00:00:00.000Z,9798,5652255,60.78,1559,5198611,55.9,4,22,0,0,0,0,59.3,0,40.7
2021-07-03T00:00:00.000Z,2644,5654899,60.81,280,5198891,55.91,0,22,0,0,0,0,59.32,0,40.68
2021-07-04T00:00:00.000Z,17709,5672608,61,3135,5202026,55.94,0,22,0,0,0,0,59.46,0,40.54
2021-07-05T00:00:00.000Z,17813,5690421,61.19,3004,5205030,55.97,4,26,0,0,0,0,59.6,0,40.4
2021-07-06T00:00:00.000Z,17803,5708224,61.38,3376,5208406,56.01,7,33,0,0,0,0,59.74,0,40.26
2021-07-07T00:00:00.000Z,15483,5723707,61.55,2648,5211054,56.04,11,44,0,0,0,0,59.87,0,40.13
2021-07-08T00:00:00.000Z,16545,5740252,61.73,2826,5213880,56.07,15,59,0,0,0,0,60,0,40
2021-07-09T00:00:00.000Z,11097,5751349,61.85,1480,5215360,56.08,2,61,0,0,0,0,60.09,0,39.91
2021-07-10T00:00:00.000Z,4942,5756291,61.9,368,5215728,56.09,5,66,0,0,0,0,60.13,0,39.87
2021-07-11T00:00:00.000Z,1442,5757733,61.92,2828,5218556,56.12,5,71,0,0,0,0,60.16,0,39.84
2021-07-12T00:00:00.000Z,2382,5760115,61.94,3646,5222202,56.16,48,119,0,0,0,0,60.2,0,39.8
2021-07-13T00:00:00.000Z,2923,5763038,61.97,5418,5227620,56.22,121,240,0,0,0,0,60.25,0,39.75
2021-07-14T00:00:00.000Z,2702,5765740,62,7476,5235096,56.3,441,681,0.01,0,0,0,60.29,0,39.71
2021-07-15T00:00:00.000Z,2948,5768688,62.03,9251,5244347,56.4,372,1053,0.01,0,0,0,60.34,0,39.66
2021-07-16T00:00:00.000Z,1223,5769911,62.05,5852,5250199,56.46,63,1116,0.01,0,0,0,60.36,0,39.64
2021-07-17T00:00:00.000Z,343,5770254,62.05,1362,5251561,56.47,7,1123,0.01,0,0,0,60.37,0,39.63
2021-07-18T00:00:00.000Z,2038,5772292,62.07,9747,5261308,56.58,235,1358,0.01,0,0,0,60.4,0,39.6
2021-07-19T00:00:00.000Z,3159,5775451,62.11,11299,5272607,56.7,456,1814,0.02,0,0,0,60.44,0,39.56
2021-07-20T00:00:00.000Z,2634,5778085,62.13,11873,5284480,56.83,371,2185,0.02,0,0,0,60.42,0.07,39.51
2021-07-21T00:00:00.000Z,2345,5780430,62.16,11833,5296313,56.95,320,2505,0.03,0,0,0,60.26,0.28,39.46
2021-07-22T00:00:00.000Z,2845,5783275,62.19,13209,5309522,57.1,387,2892,0.03,0,0,0,59.93,0.67,39.4
2021-07-23T00:00:00.000Z,1999,5785274,62.21,8181,5317703,57.18,101,2993,0.03,0,0,0,59.35,1.29,39.36
2021-07-24T00:00:00.000Z,608,5785882,62.22,1453,5319156,57.2,6,2999,0.03,0,0,0,58.61,2.04,39.35
2021-07-25T00:00:00.000Z,4397,5790279,62.27,15463,5334619,57.37,225,3224,0.03,0,0,0,58.29,2.43,39.28
2021-07-26T00:00:00.000Z,5121,5795400,62.32,13476,5348095,57.51,322,3546,0.04,0,0,0,58.1,2.71,39.19
2021-07-27T00:00:00.000Z,5446,5800846,62.38,13510,5361605,57.66,410,3956,0.04,0,0,0,57.27,3.63,39.1
2021-07-28T00:00:00.000Z,3951,5804797,62.42,12296,5373901,57.79,469,4425,0.05,0,0,0,56.05,4.93,39.02
2021-07-29T00:00:00.000Z,4628,5809425,62.47,14123,5388024,57.94,522,4947,0.05,0,0,0,54.65,6.41,38.93
2021-07-30T00:00:00.000Z,2620,5812045,62.5,10805,5398829,58.06,4115,9062,0.1,0,0,0,53.18,7.92,38.9
2021-07-31T00:00:00.000Z,1382,5813427,62.51,3522,5402351,58.09,6152,15214,0.16,0,0,0,51.46,9.64,38.9
2021-08-01T00:00:00.000Z,3053,5816480,62.55,3337,5405688,58.13,31041,46255,0.5,0,0,0,50.94,10.15,38.92
2021-08-02T00:00:00.000Z,3085,5819565,62.58,3128,5408816,58.16,58496,104751,1.13,0,0,0,50.72,10.24,39.03
2021-08-03T00:00:00.000Z,3343,5822908,62.62,3270,5412086,58.2,78954,183705,1.98,0,0,0,49.7,11.07,39.23
2021-08-04T00:00:00.000Z,3492,5826400,62.65,3201,5415287,58.23,80743,264448,2.84,0,0,0,48.7,11.86,39.44
2021-08-05T00:00:00.000Z,4474,5830874,62.7,3531,5418818,58.27,88432,352880,3.79,0,0,0,47.92,12.4,39.68
2021-08-06T00:00:00.000Z,2388,5833262,62.73,1809,5420627,58.29,44734,397614,4.28,0,0,0,46.97,13.26,39.77
2021-08-07T00:00:00.000Z,1007,5834269,62.74,650,5421277,58.3,27346,424960,4.57,0,0,0,45.82,14.34,39.84
2021-08-08T00:00:00.000Z,4989,5839258,62.79,3043,5424320,58.33,80063,505023,5.43,0,0,0,45.73,14.27,40
2021-08-09T00:00:00.000Z,5312,5844570,62.85,3005,5427325,58.36,76470,581493,6.25,0,0,0,45.97,13.98,40.05
2021-08-10T00:00:00.000Z,5532,5850102,62.91,3144,5430469,58.4,75403,656896,7.06,0,0,0,46.18,13.81,40.01
2021-08-11T00:00:00.000Z,5661,5855763,62.97,2902,5433371,58.43,62614,719510,7.74,0,0,0,46.57,13.52,39.91
2021-08-12T00:00:00.000Z,7010,5862773,63.05,3256,5436627,58.46,59433,778943,8.38,0,0,0,47.05,13.21,39.74
2021-08-13T00:00:00.000Z,3782,5866555,63.09,2025,5438652,58.48,43846,822789,8.85,0,0,0,47.01,13.29,39.7
2021-08-14T00:00:00.000Z,2234,5868789,63.11,823,5439475,58.49,44459,867248,9.33,0,0,0,46.77,13.49,39.74
2021-08-15T00:00:00.000Z,7160,5875949,63.19,4507,5443982,58.54,97937,965185,10.38,0,0,0,47.43,12.85,39.72
2021-08-16T00:00:00.000Z,6960,5882909,63.26,4692,5448674,58.59,89476,1054661,11.34,0,0,0,48.08,12.25,39.68
2021-08-17T00:00:00.000Z,7562,5890471,63.34,5098,5453772,58.65,83267,1137928,12.24,0,0,0,48.24,12.15,39.61
2021-08-18T00:00:00.000Z,8632,5899103,63.44,4567,5458339,58.7,69203,1207131,12.98,0,0,0,48.3,12.17,39.53
2021-08-19T00:00:00.000Z,10068,5909171,63.54,5181,5463520,58.75,65927,1273058,13.69,0,0,0,48.32,12.24,39.44
2021-08-20T00:00:00.000Z,4718,5913889,63.59,2775,5466295,58.78,60419,1333477,14.34,0,0,0,48.14,12.41,39.44
2021-08-21T00:00:00.000Z,3483,5917372,63.63,1543,5467838,58.8,50702,1384179,14.88,0,0,0,47.9,12.68,39.42
2021-08-22T00:00:00.000Z,9833,5927205,63.74,4784,5472622,58.85,105036,1489215,16.01,0,0,0,48.58,12.09,39.32
2021-08-23T00:00:00.000Z,10920,5938125,63.86,4400,5477022,58.9,93945,1583160,17.02,0,0,0,49.21,11.58,39.21
2021-08-24T00:00:00.000Z,11742,5949867,63.98,4671,5481693,58.95,98428,1681588,18.08,0,0,0,49.46,11.42,39.12
2021-08-25T00:00:00.000Z,9630,5959497,64.09,4443,5486136,59,99420,1781008,19.15,0,0,0,49.56,11.37,39.07
2021-08-26T00:00:00.000Z,10103,5969600,64.19,5020,5491156,59.05,101094,1882102,20.24,0,0,0,49.63,11.33,39.04
2021-08-27T00:00:00.000Z,4310,5973910,64.24,2747,5493903,59.08,56648,1938750,20.85,0,0,0,49.51,11.55,38.95
2021-08-28T00:00:00.000Z,3692,5977602,64.28,1468,5495371,59.09,33500,1972250,21.21,0,0,0,49.19,11.98,38.84
2021-08-29T00:00:00.000Z,10339,5987941,64.39,5914,5501285,59.16,79449,2051699,22.06,0,0,0,49.75,11.65,38.61
2021-08-30T00:00:00.000Z,12345,6000286,64.52,6976,5508261,59.23,115901,2167600,23.31,0,0,0,50.44,11.05,38.51
2021-08-31T00:00:00.000Z,12087,6012373,64.65,6471,5514732,59.3,114766,2282366,24.54,0,0,0,50.77,10.82,38.41
2021-09-01T00:00:00.000Z,9065,6021438,64.75,5969,5520701,59.37,112378,2394744,25.75,0,0,0,51.06,10.58,38.36
2021-09-02T00:00:00.000Z,8801,6030239,64.85,7135,5527836,59.44,111415,2506159,26.95,0,0,0,51.47,10.22,38.31
2021-09-03T00:00:00.000Z,3729,6033968,64.89,4080,5531916,59.49,58840,2564999,27.58,0,0,0,51.53,10.2,38.27
2021-09-04T00:00:00.000Z,2687,6036655,64.92,1996,5533912,59.51,29921,2594920,27.9,0,0,0,51.36,10.4,38.23
2021-09-05T00:00:00.000Z,7023,6043678,64.99,6437,5540349,59.58,73258,2668178,28.69,0,0,0,51.84,10.03,38.14
2021-09-06T00:00:00.000Z,2822,6046500,65.02,2654,5543003,59.61,22762,2690940,28.94,0,0,0,52.27,9.9,37.83
2021-09-07T00:00:00.000Z,1183,6047683,65.03,837,5543840,59.62,5373,2696313,28.99,0,0,0,52.37,10.13,37.5
2021-09-08T00:00:00.000Z,1369,6049052,65.05,1151,5544991,59.63,6606,2702919,29.07,0,0,0,52.44,10.39,37.17
2021-09-09T00:00:00.000Z,7106,6056158,65.12,12521,5557512,59.76,73761,2776680,29.86,0,0,0,52.79,10.21,36.99
2021-09-10T00:00:00.000Z,3232,6059390,65.16,4964,5562476,59.82,37894,2814574,30.27,0,0,0,52.75,10.34,36.91
2021-09-11T00:00:00.000Z,2110,6061500,65.18,2476,5564952,59.84,14793,2829367,30.43,0,0,0,52.38,10.77,36.85
2021-09-12T00:00:00.000Z,6123,6067623,65.25,8568,5573520,59.93,54079,2883446,31.01,0,0,0,52.69,10.57,36.74
2021-09-13T00:00:00.000Z,5651,6073274,65.31,8203,5581723,60.02,47886,2931332,31.52,0,0,0,52.86,10.37,36.76
2021-09-14T00:00:00.000Z,4951,6078225,65.36,7379,5589102,60.1,48798,2980130,32.05,0,0,0,52.63,10.52,36.85
2021-09-15T00:00:00.000Z,1733,6079958,65.38,2681,5591783,60.13,16663,2996793,32.23,0,0,0,52.21,10.93,36.86
2021-09-16T00:00:00.000Z,332,6080290,65.38,522,5592305,60.14,1730,2998523,32.24,0,0,0,51.98,11.42,36.59
2021-09-17T00:00:00.000Z,3673,6083963,65.42,6981,5599286,60.21,42858,3041381,32.71,0,0,0,51.93,11.5,36.57
2021-09-18T00:00:00.000Z,2245,6086208,65.45,2924,5602210,60.24,12771,3054152,32.84,0,0,0,51.53,11.93,36.54
2021-09-19T00:00:00.000Z,5972,6092180,65.51,10695,5612905,60.36,44271,3098423,33.32,0,0,0,51.73,11.82,36.44
2021-09-20T00:00:00.000Z,3232,6095412,65.55,4610,5617515,60.41,16675,3115098,33.5,0,0,0,51.86,11.84,36.3
2021-09-21T00:00:00.000Z,1317,6096729,65.56,2027,5619542,60.43,3443,3118541,33.54,0,0,0,51.53,12.34,36.13
2021-09-22T00:00:00.000Z,4256,6100985,65.61,7218,5626760,60.51,25014,3143555,33.8,0,0,0,51.13,12.74,36.12
2021-09-23T00:00:00.000Z,4390,6105375,65.65,5877,5632637,60.57,27786,3171341,34.1,0,0,0,50.75,13.08,36.17
2021-09-24T00:00:00.000Z,3192,6108567,65.69,4149,5636786,60.62,27683,3199024,34.4,0,0,0,50.65,13.27,36.08
2021-09-25T00:00:00.000Z,2077,6110644,65.71,2236,5639022,60.64,10412,3209436,34.51,0,0,0,50.32,13.63,36.05
2021-09-26T00:00:00.000Z,5631,6116275,65.77,5955,5644977,60.7,36213,3245649,34.9,0,0,0,50.56,13.48,35.95
2021-09-27T00:00:00.000Z,4694,6120969,65.82,4433,5649410,60.75,30410,3276059,35.23,0,0,0,50.72,13.33,35.95
2021-09-28T00:00:00.000Z,1455,6122424,65.84,1157,5650567,60.76,6217,3282276,35.3,0,0,0,50.48,13.59,35.94
2021-09-29T00:00:00.000Z,9643,6132067,65.94,8315,5658882,60.85,60236,3342512,35.94,0,0,0,50.67,13.36,35.97
2021-09-30T00:00:00.000Z,10987,6143054,66.06,8531,5667413,60.94,79621,3422133,36.8,0,0,0,51.24,12.7,36.07
2021-10-01T00:00:00.000Z,5121,6148175,66.11,3837,5671250,60.99,46469,3468602,37.3,0,0,0,51.32,12.6,36.08
2021-10-02T00:00:00.000Z,2863,6151038,66.15,2101,5673351,61.01,22407,3491009,37.54,0,0,0,51.24,12.67,36.09
2021-10-03T00:00:00.000Z,11693,6162731,66.27,7252,5680603,61.09,70658,3561667,38.3,0,0,0,51.81,12.09,36.11
2021-10-04T00:00:00.000Z,10325,6173056,66.38,6730,5687333,61.16,51839,3613506,38.86,0,0,0,52.28,11.63,36.09
2021-10-05T00:00:00.000Z,8453,6181509,66.47,5273,5692606,61.22,40414,3653920,39.29,0,0,0,52.55,11.31,36.15
2021-10-06T00:00:00.000Z,7592,6189101,66.55,4145,5696751,61.26,34027,3687947,39.66,0,0,0,52.9,11.14,35.96
2021-10-07T00:00:00.000Z,6918,6196019,66.63,3980,5700731,61.3,33973,3721920,40.02,0,0,0,53.39,10.91,35.7
2021-10-08T00:00:00.000Z,3094,6199113,66.66,2596,5703327,61.33,19189,3741109,40.23,0,0,0,53.62,10.82,35.56
2021-10-09T00:00:00.000Z,1332,6200445,66.68,1419,5704746,61.35,7412,3748521,40.31,0,0,0,53.66,10.85,35.49
2021-10-10T00:00:00.000Z,4691,6205136,66.73,3729,5708475,61.39,21484,3770005,40.54,0,0,0,54.13,10.63,35.24
2021-10-11T00:00:00.000Z,4298,6209434,66.77,2919,5711394,61.42,17217,3787222,40.73,0,0,0,54.51,10.44,35.05
2021-10-12T00:00:00.000Z,3975,6213409,66.82,2975,5714369,61.45,15305,3802527,40.89,0,0,0,54.66,10.42,34.91
2021-10-13T00:00:00.000Z,3495,6216904,66.85,2424,5716793,61.48,13513,3816040,41.04,0,0,0,54.81,10.41,34.78
2021-10-14T00:00:00.000Z,3872,6220776,66.9,2651,5719444,61.5,16498,3832538,41.21,0,0,0,55,10.34,34.66
2021-10-15T00:00:00.000Z,1699,6222475,66.91,1647,5721091,61.52,8957,3841495,41.31,0,0,0,55.07,10.34,34.59
2021-10-16T00:00:00.000Z,733,6223208,66.92,927,5722018,61.53,4013,3845508,41.35,0,0,0,55.02,10.42,34.56
2021-10-17T00:00:00.000Z,3112,6226320,66.95,2509,5724527,61.56,12758,3858266,41.49,0,0,0,55.21,10.31,34.48
2021-10-18T00:00:00.000Z,2456,6228776,66.98,1638,5726165,61.58,10014,3868280,41.6,0,0,0,55.36,10.23,34.41
2021-10-19T00:00:00.000Z,2378,6231154,67.01,1250,5727415,61.59,9257,3877537,41.7,0,0,0,55.42,10.23,34.35
2021-10-20T00:00:00.000Z,2445,6233599,67.03,2270,5729685,61.61,10028,3887565,41.8,0,0,0,55.49,10.21,34.3
2021-10-21T00:00:00.000Z,3029,6236628,67.07,3064,5732749,61.65,12093,3899658,41.94,0,0,0,55.64,10.12,34.24
2021-10-22T00:00:00.000Z,1269,6237897,67.08,1397,5734146,61.66,5780,3905438,42,0,0,0,55.7,10.09,34.21
2021-10-23T00:00:00.000Z,555,6238452,67.09,1244,5735390,61.68,2555,3907993,42.02,0,0,0,55.74,10.07,34.2
2021-10-24T00:00:00.000Z,2509,6240961,67.11,2649,5738039,61.7,9821,3917814,42.13,0,0,0,55.84,10.01,34.15
2021-10-25T00:00:00.000Z,2630,6243591,67.14,2707,5740746,61.73,8459,3926273,42.22,0,0,0,55.95,9.94,34.11
2021-10-26T00:00:00.000Z,2371,6245962,67.17,2015,5742761,61.75,8477,3934750,42.31,0,0,0,56.02,9.9,34.08
2021-10-27T00:00:00.000Z,2298,6248260,67.19,2534,5745295,61.78,7881,3942631,42.4,0,0,0,56.09,9.87,34.04
2021-10-28T00:00:00.000Z,2493,6250753,67.22,2733,5748028,61.81,8615,3951246,42.49,1,1,0,56.17,9.83,33.99
2021-10-29T00:00:00.000Z,879,6251632,67.23,1108,5749136,61.82,4078,3955324,42.53,0,1,0,56.19,9.84,33.98
2021-10-30T00:00:00.000Z,351,6251983,67.23,512,5749648,61.83,1693,3957017,42.55,0,1,0,56.16,9.87,33.96
2021-10-31T00:00:00.000Z,2265,6254248,67.26,2473,5752121,61.86,8212,3965229,42.64,0,1,0,56.26,9.81,33.93
2021-11-01T00:00:00.000Z,1735,6255983,67.27,2076,5754197,61.88,6433,3971662,42.71,0,1,0,56.35,9.76,33.89
2021-11-02T00:00:00.000Z,2023,6258006,67.3,2009,5756206,61.9,6224,3977886,42.78,1,2,0,56.4,9.74,33.86
2021-11-03T00:00:00.000Z,1764,6259770,67.31,1864,5758070,61.92,5485,3983371,42.84,0,2,0,56.43,9.74,33.83
2021-11-04T00:00:00.000Z,2110,6261880,67.34,2774,5760844,61.95,7059,3990430,42.91,0,2,0,56.49,9.72,33.79
2021-11-05T00:00:00.000Z,765,6262645,67.35,876,5761720,61.96,3419,3993849,42.95,0,2,0,56.48,9.73,33.78
2021-11-06T00:00:00.000Z,338,6262983,67.35,377,5762097,61.96,1354,3995203,42.96,0,2,0,56.45,9.77,33.77
2021-11-07T00:00:00.000Z,1591,6264574,67.37,1761,5763858,61.98,6092,4001295,43.03,0,2,0,56.53,9.73,33.74
2021-11-08T00:00:00.000Z,1511,6266085,67.38,1569,5765427,62,5350,4006645,43.09,0,2,0,56.6,9.68,33.72
2021-11-09T00:00:00.000Z,1431,6267516,67.4,1577,5767004,62.02,5272,4011917,43.14,0,2,0,56.63,9.67,33.7
2021-11-10T00:00:00.000Z,1430,6268946,67.41,1629,5768633,62.03,4701,4016618,43.19,0,2,0,56.66,9.67,33.68
2021-11-11T00:00:00.000Z,1632,6270578,67.43,1923,5770556,62.05,5680,4022298,43.25,3,5,0,56.71,9.64,33.65
2021-11-12T00:00:00.000Z,617,6271195,67.44,797,5771353,62.06,2856,4025154,43.28,1,6,0,56.72,9.64,33.64
2021-11-13T00:00:00.000Z,247,6271442,67.44,275,5771628,62.07,1093,4026247,43.3,0,6,0,56.71,9.66,33.63
2021-11-14T00:00:00.000Z,1546,6272988,67.46,1613,5773241,62.08,5079,4031326,43.35,1,7,0,56.77,9.62,33.61
2021-11-15T00:00:00.000Z,1256,6274244,67.47,1595,5774836,62.1,4724,4036050,43.4,0,7,0,56.83,9.58,33.59
2021-11-16T00:00:00.000Z,1275,6275519,67.48,1385,5776221,62.11,4278,4040328,43.45,0,7,0,56.86,9.57,33.57
2021-11-17T00:00:00.000Z,1208,6276727,67.5,1533,5777754,62.13,3815,4044143,43.49,0,7,0,56.89,9.57,33.55
2021-11-18T00:00:00.000Z,1356,6278083,67.51,1656,5779410,62.15,4943,4049086,43.54,0,7,0,56.93,9.54,33.53
2021-11-19T00:00:00.000Z,580,6278663,67.52,731,5780141,62.16,2389,4051475,43.57,0,7,0,56.94,9.54,33.52
2021-11-20T00:00:00.000Z,228,6278891,67.52,231,5780372,62.16,894,4052369,43.58,1,8,0,56.93,9.56,33.51
2021-11-21T00:00:00.000Z,1433,6280324,67.54,1512,5781884,62.18,4831,4057200,43.63,0,8,0,56.98,9.52,33.5
2021-11-22T00:00:00.000Z,1675,6281999,67.55,1498,5783382,62.19,4164,4061364,43.67,1,9,0,57.04,9.48,33.47
2021-11-23T00:00:00.000Z,8613,6290612,67.65,1660,5785042,62.21,3927,4065291,43.72,0,9,0,57.14,9.46,33.4
2021-11-24T00:00:00.000Z,9355,6299967,67.75,1291,5786333,62.22,3836,4069127,43.76,0,9,0,57.23,9.44,33.33
2021-11-25T00:00:00.000Z,9821,6309788,67.85,1572,5787905,62.24,4769,4073896,43.81,0,9,0,57.31,9.44,33.25
2021-11-26T00:00:00.000Z,5606,6315394,67.91,717,5788622,62.25,2722,4076618,43.84,0,9,0,57.34,9.46,33.21
2021-11-27T00:00:00.000Z,4776,6320170,67.96,308,5788930,62.25,1122,4077740,43.85,0,9,0,57.35,9.48,33.17
2021-11-28T00:00:00.000Z,10156,6330326,68.07,1467,5790397,62.27,4845,4082585,43.9,0,9,0,57.46,9.45,33.09
2021-11-29T00:00:00.000Z,9029,6339355,68.17,1113,5791510,62.28,4289,4086874,43.95,0,9,0,57.57,9.42,33.01
2021-11-30T00:00:00.000Z,10043,6349398,68.28,1000,5792510,62.29,4002,4090876,43.99,0,9,0,57.65,9.42,32.93
2021-12-01T00:00:00.000Z,8621,6358019,68.37,1067,5793577,62.3,4350,4095226,44.04,1,10,0,57.73,9.42,32.86
2021-12-02T00:00:00.000Z,9166,6367185,68.47,1411,5794988,62.32,5009,4100235,44.09,1,11,0,57.82,9.4,32.78
2021-12-03T00:00:00.000Z,6346,6373531,68.54,635,5795623,62.32,2772,4103007,44.12,1,12,0,57.87,9.4,32.73
2021-12-04T00:00:00.000Z,2499,6376030,68.56,228,5795851,62.33,870,4103877,44.13,1,13,0,57.88,9.41,32.71
2021-12-05T00:00:00.000Z,8335,6384365,68.65,1241,5797092,62.34,4645,4108522,44.18,0,13,0,57.98,9.39,32.63
2021-12-06T00:00:00.000Z,6726,6391091,68.73,1171,5798263,62.35,4267,4112789,44.23,1,14,0,58.07,9.36,32.57
2021-12-07T00:00:00.000Z,5549,6396640,68.79,1479,5799742,62.37,3891,4116680,44.27,1,15,0,58.13,9.35,32.52
2021-12-08T00:00:00.000Z,4930,6401570,68.84,1175,5800917,62.38,3770,4120450,44.31,1,16,0,58.19,9.33,32.48
2021-12-09T00:00:00.000Z,6242,6407812,68.91,1214,5802131,62.39,4427,4124877,44.36,1,17,0,58.27,9.31,32.42
2021-12-10T00:00:00.000Z,3003,6410815,68.94,662,5802793,62.4,2595,4127472,44.38,1,18,0,58.31,9.3,32.39
2021-12-11T00:00:00.000Z,1491,6412306,68.95,246,5803039,62.4,961,4128433,44.4,0,18,0,58.32,9.3,32.38
2021-12-12T00:00:00.000Z,7283,6419589,69.03,1426,5804465,62.42,5196,4133629,44.45,0,18,0,58.42,9.27,32.32
2021-12-13T00:00:00.000Z,6169,6425758,69.1,1353,5805818,62.43,4277,4137906,44.5,0,18,0,58.5,9.24,32.26
2021-12-14T00:00:00.000Z,7325,6433083,69.18,6087,5811905,62.5,4848,4142754,44.55,1,19,0,58.59,9.21,32.2
2021-12-15T00:00:00.000Z,7202,6440285,69.26,7382,5819287,62.58,5365,4148119,44.61,0,19,0,58.68,9.18,32.14
2021-12-16T00:00:00.000Z,8079,6448364,69.34,8597,5827884,62.67,6457,4154576,44.68,4,23,0,58.78,9.15,32.07
2021-12-17T00:00:00.000Z,4366,6452730,69.39,5110,5832994,62.73,3833,4158409,44.72,1,24,0,58.83,9.14,32.04
2021-12-18T00:00:00.000Z,3930,6456660,69.43,2896,5835890,62.76,1293,4159702,44.73,0,24,0,58.86,9.14,32.01
2021-12-19T00:00:00.000Z,6982,6463642,69.51,9325,5845215,62.86,6218,4165920,44.8,1,25,0,58.96,9.1,31.94
2021-12-20T00:00:00.000Z,7983,6471625,69.59,7498,5852713,62.94,5312,4171232,44.86,2,27,0,59.05,9.08,31.87
2021-12-21T00:00:00.000Z,9555,6481180,69.7,8630,5861343,63.03,6368,4177600,44.92,0,27,0,59.18,9.05,31.77
2021-12-22T00:00:00.000Z,9665,6490845,69.8,8124,5869467,63.12,6144,4183744,44.99,3,30,0,59.31,9.03,31.66
2021-12-23T00:00:00.000Z,11550,6502395,69.92,10251,5879718,63.23,8037,4191781,45.08,5,35,0,59.46,9,31.54
2021-12-24T00:00:00.000Z,5893,6508288,69.99,6229,5885947,63.29,5189,4196970,45.13,2,37,0,59.55,8.98,31.47
2021-12-25T00:00:00.000Z,3337,6511625,70.02,2562,5888509,63.32,2009,4198979,45.15,3,40,0,59.59,8.98,31.44
2021-12-26T00:00:00.000Z,10662,6522287,70.14,8903,5897412,63.42,8165,4207144,45.24,4,44,0,59.75,8.93,31.32
2021-12-27T00:00:00.000Z,10372,6532659,70.25,7128,5904540,63.49,8104,4215248,45.33,75,119,0,59.9,8.89,31.21
2021-12-28T00:00:00.000Z,11378,6544037,70.37,7432,5911972,63.57,9543,4224791,45.43,84,203,0,60.05,8.86,31.09
2021-12-29T00:00:00.000Z,9967,6554004,70.48,5949,5917921,63.64,8238,4233029,45.52,3,206,0,60.19,8.83,30.98
2021-12-30T00:00:00.000Z,11028,6565032,70.6,7725,5925646,63.72,12155,4245184,45.65,4,210,0,60.36,8.79,30.86
2021-12-31T00:00:00.000Z,4840,6569872,70.65,3664,5929310,63.76,7237,4252421,45.73,41,251,0,60.44,8.77,30.8
2022-01-01T00:00:00.000Z,1991,6571863,70.67,1586,5930896,63.78,2733,4255154,45.76,3,254,0,60.46,8.76,30.77
2022-01-02T00:00:00.000Z,10223,6582086,70.78,6482,5937378,63.85,12958,4268112,45.9,154,408,0,60.63,8.71,30.66
2022-01-03T00:00:00.000Z,9393,6591479,70.88,5230,5942608,63.9,11249,4279361,46.02,4448,4856,0.05,60.78,8.66,30.56
2022-01-04T00:00:00.000Z,8976,6600455,70.98,5934,5948542,63.97,10421,4289782,46.13,50309,55165,0.59,60.91,8.64,30.46
2022-01-05T00:00:00.000Z,8560,6609015,71.07,5710,5954252,64.03,10396,4300178,46.24,59534,114699,1.23,61.03,8.61,30.37
2022-01-06T00:00:00.000Z,10355,6619370,71.18,7943,5962195,64.11,13442,4313620,46.39,63944,178643,1.92,61.18,8.56,30.26
2022-01-07T00:00:00.000Z,4756,6624126,71.23,4532,5966727,64.16,8077,4321697,46.47,31126,209769,2.26,61.25,8.54,30.21
2022-01-08T00:00:00.000Z,2747,6626873,71.26,2437,5969164,64.19,5451,4327148,46.53,27620,237389,2.55,61.28,8.53,30.19
2022-01-09T00:00:00.000Z,9316,6636189,71.36,7729,5976893,64.27,11824,4338972,46.66,66796,304185,3.27,61.43,8.48,30.09
2022-01-10T00:00:00.000Z,8355,6644544,71.45,7619,5984512,64.35,11787,4350759,46.79,64821,369006,3.97,61.57,8.43,30
2022-01-11T00:00:00.000Z,8108,6652652,71.54,8592,5993104,64.45,11898,4362657,46.91,56664,425670,4.58,61.69,8.4,29.91
2022-01-12T00:00:00.000Z,7241,6659893,71.62,8281,6001385,64.54,11023,4373680,47.03,44588,470258,5.06,61.81,8.35,29.83
2022-01-13T00:00:00.000Z,7515,6667408,71.7,9598,6010983,64.64,11461,4385141,47.16,34734,504992,5.43,62,8.27,29.73
2022-01-14T00:00:00.000Z,2548,6669956,71.73,4916,6015899,64.69,6045,4391186,47.22,11151,516143,5.55,62.08,8.23,29.69
2022-01-15T00:00:00.000Z,1461,6671417,71.74,3154,6019053,64.73,3834,4395020,47.26,5709,521852,5.61,62.12,8.21,29.66
2022-01-16T00:00:00.000Z,3818,6675235,71.78,8512,6027565,64.82,7630,4402650,47.34,19990,541842,5.83,62.26,8.14,29.6
2022-01-17T00:00:00.000Z,2800,6678035,71.81,7036,6034601,64.89,6099,4408749,47.41,17815,559657,6.02,62.4,8.06,29.54
2022-01-18T00:00:00.000Z,2473,6680508,71.84,7353,6041954,64.97,5442,4414191,47.47,14828,574485,6.18,62.53,8,29.47
2022-01-19T00:00:00.000Z,1892,6682400,71.86,6341,6048295,65.04,4450,4418641,47.52,8438,582923,6.27,62.7,7.89,29.41
2022-01-20T00:00:00.000Z,1776,6684176,71.88,6941,6055236,65.11,4724,4423365,47.57,8020,590943,6.35,62.8,7.85,29.35
2022-01-21T00:00:00.000Z,914,6685090,71.89,3703,6058939,65.15,2563,4425928,47.59,3348,594291,6.39,62.92,7.77,29.32
2022-01-22T00:00:00.000Z,329,6685419,71.89,1455,6060394,65.17,1028,4426956,47.61,1110,595401,6.4,63,7.71,29.29
2022-01-23T00:00:00.000Z,1066,6686485,71.9,5612,6066006,65.23,2842,4429798,47.64,6076,601477,6.47,63.13,7.63,29.24
2022-01-24T00:00:00.000Z,750,6687235,71.91,4474,6070480,65.28,2208,4432006,47.66,5048,606525,6.52,63.22,7.58,29.2
2022-01-25T00:00:00.000Z,741,6687976,71.92,4388,6074868,65.33,2138,4434144,47.68,7079,613604,6.6,63.28,7.55,29.17
2022-01-26T00:00:00.000Z,615,6688591,71.93,3271,6078139,65.36,1564,4435708,47.7,4250,617854,6.64,63.37,7.5,29.13
2022-01-27T00:00:00.000Z,793,6689384,71.93,4388,6082527,65.41,1938,4437646,47.72,5422,623276,6.7,63.45,7.46,29.09
2022-01-28T00:00:00.000Z,394,6689778,71.94,2363,6084890,65.43,1113,4438759,47.73,3426,626702,6.74,63.49,7.44,29.07
2022-01-29T00:00:00.000Z,125,6689903,71.94,1033,6085923,65.44,394,4439153,47.74,1157,627859,6.75,63.57,7.38,29.05
2022-01-30T00:00:00.000Z,773,6690676,71.95,4688,6090611,65.5,1985,4441138,47.76,8086,635945,6.84,63.67,7.31,29.02
2022-01-31T00:00:00.000Z,524,6691200,71.95,3162,6093773,65.53,1557,4442695,47.77,6420,642365,6.91,63.76,7.24,28.99
2022-02-01T00:00:00.000Z,471,6691671,71.96,2762,6096535,65.56,1466,4444161,47.79,5670,648035,6.97,63.8,7.23,28.97
2022-02-02T00:00:00.000Z,374,6692045,71.96,2368,6098903,65.58,1303,4445464,47.8,5021,653056,7.02,63.81,7.24,28.95
2022-02-03T00:00:00.000Z,430,6692475,71.97,2765,6101668,65.61,1395,4446859,47.82,5537,658593,7.08,63.83,7.24,28.93
2022-02-04T00:00:00.000Z,172,6692647,71.97,970,6102638,65.62,702,4447561,47.83,2405,660998,7.11,63.86,7.22,28.92
2022-02-05T00:00:00.000Z,61,6692708,71.97,330,6102968,65.63,197,4447758,47.83,414,661412,7.11,63.84,7.25,28.91
2022-02-06T00:00:00.000Z,197,6692905,71.97,641,6103609,65.64,557,4448315,47.84,2436,663848,7.14,63.9,7.22,28.88
