Day_Date,vaccinated,vaccinated_cum,vaccinated_population_perc,vaccinated_seconde_dose,vaccinated_seconde_dose_cum,vaccinated_seconde_dose_population_perc,vaccinated_third_dose,vaccinated_third_dose_cum,vaccinated_third_dose_population_perc,vaccinated_fourth_dose,vaccinated_fourth_dose_cum,vaccinated_fourth_dose_population_perc,vaccinated_validity_perc,vaccinated_expired_perc,not_vaccinated_perc
2020-12-19T00:00:00.000Z,46,70,0,0,4,0,0,0,0,0,0,0,0,0,100
2020-12-20T00:00:00.000Z,7393,7463,0.08,0,4,0,0,0,0,0,0,0,0,0,100
2020-12-21T00:00:00.000Z,24923,32386,0.35,0,4,0,0,0,0,0,0,0,0,0,100
2020-12-22T00:00:00.000Z,44662,77048,0.83,0,4,0,0,0,0,0,0,0,0,0,100
2020-12-23T00:00:00.000Z,62914,139962,1.51,0,4,0,0,0,0,0,0,0,0,0,100
2020-12-24T00:00:00.000Z,73425,213387,2.29,0,4,0,0,0,0,0,0,0,0,0,100
2020-12-25T00:00:00.000Z,38514,251901,2.71,0,4,0,0,0,0,0,0,0,0,0,100
2020-12-26T00:00:00.000Z,32617,284518,3.06,0,4,0,0,0,0,0,0,0,0,0,100
2020-12-27T00:00:00.000Z,104563,389081,4.18,0,4,0,0,0,0,0,0,0,0,0,100
2020-12-28T00:00:00.000Z,135018,524099,5.64,0,4,0,0,0,0,0,0,0,0,0,100
2020-12-29T00:00:00.000Z,156315,680414,7.32,2,6,0,0,0,0,0,0,0,0,0,100
2020-12-30T00:00:00.000Z,153163,833577,8.96,0,6,0,0,0,0,0,0,0,0,0,100
2020-12-31T00:00:00.000Z,158564,992141,10.67,0,6,0,0,0,0,0,0,0,0,0,100
2021-01-01T00:00:00.000Z,71424,1063565,11.44,0,6,0,0,0,0,0,0,0,0,0,100
2021-01-02T00:00:00.000Z,71735,1135300,12.21,0,6,0,0,0,0,0,0,0,0,0,100
2021-01-03T00:00:00.000Z,149754,1285054,13.82,0,6,0,0,0,0,0,0,0,0,0,100
2021-01-04T00:00:00.000Z,152183,1437237,15.46,1,7,0,0,0,0,0,0,0,0,0,100
2021-01-05T00:00:00.000Z,125195,1562432,16.8,4,11,0,0,0,0,0,0,0,0,0,100
2021-01-06T00:00:00.000Z,103354,1665786,17.91,2,13,0,0,0,0,0,0,0,0,0,100
2021-01-07T00:00:00.000Z,116039,1781825,19.16,9,22,0,0,0,0,0,0,0,0,0,100
2021-01-08T00:00:00.000Z,66450,1848275,19.88,4,26,0,0,0,0,0,0,0,0,0,100
2021-01-09T00:00:00.000Z,44542,1892817,20.35,24,50,0,0,0,0,0,0,0,0,0,100
2021-01-10T00:00:00.000Z,37643,1930460,20.76,5999,6049,0.07,0,0,0,0,0,0,0,0,100
2021-01-11T00:00:00.000Z,21167,1951627,20.99,19264,25313,0.27,0,0,0,0,0,0,0,0,100
2021-01-12T00:00:00.000Z,24067,1975694,21.25,35671,60984,0.66,0,0,0,0,0,0,0,0,100
2021-01-13T00:00:00.000Z,52064,2027758,21.81,56873,117857,1.27,0,0,0,0,0,0,0,0,100
2021-01-14T00:00:00.000Z,56469,2084227,22.41,68834,186691,2.01,0,0,0,0,0,0,0,0,100
2021-01-15T00:00:00.000Z,30769,2114996,22.74,35939,222630,2.39,0,0,0,0,0,0,0,0,100
2021-01-16T00:00:00.000Z,29477,2144473,23.06,26006,248636,2.67,0,0,0,0,0,0,0,0,100
2021-01-17T00:00:00.000Z,68429,2212902,23.8,84591,333227,3.58,0,0,0,0,0,0,0.31,0,99.69
2021-01-18T00:00:00.000Z,69809,2282711,24.55,120424,453651,4.88,0,0,0,0,0,0,0.58,0,99.42
2021-01-19T00:00:00.000Z,72887,2355598,25.33,137834,591485,6.36,0,0,0,0,0,0,1.09,0,98.91
2021-01-20T00:00:00.000Z,76901,2432499,26.16,143754,735239,7.91,0,0,0,0,0,0,1.9,0,98.1
2021-01-21T00:00:00.000Z,69992,2502491,26.91,164447,899686,9.67,0,0,0,0,0,0,2.88,0,97.12
2021-01-22T00:00:00.000Z,37919,2540410,27.32,71128,970814,10.44,0,0,0,0,0,0,3.39,0,96.61
2021-01-23T00:00:00.000Z,39962,2580372,27.75,53584,1024398,11.02,0,0,0,0,0,0,3.77,0,96.23
2021-01-24T00:00:00.000Z,69140,2649512,28.49,140695,1165093,12.53,0,0,0,0,0,0,4.96,0,95.04
2021-01-25T00:00:00.000Z,80937,2730449,29.36,139505,1304598,14.03,0,0,0,0,0,0,6.61,0,93.39
2021-01-26T00:00:00.000Z,78717,2809166,30.21,126427,1431025,15.39,0,0,0,0,0,0,8.45,0,91.55
2021-01-27T00:00:00.000Z,77965,2887131,31.05,125056,1556081,16.73,0,0,0,0,0,0,10.34,0,89.66
2021-01-28T00:00:00.000Z,79564,2966695,31.9,130610,1686691,18.14,0,0,0,0,0,0,12.43,0,87.57
2021-01-29T00:00:00.000Z,36697,3003392,32.3,64784,1751475,18.83,0,0,0,0,0,0,13.34,0,86.66
2021-01-30T00:00:00.000Z,34392,3037784,32.67,42759,1794234,19.29,0,0,0,0,0,0,14.02,0,85.98
2021-01-31T00:00:00.000Z,73326,3111110,33.46,59495,1853729,19.93,0,0,0,0,0,0,15.76,0,84.24
2021-02-01T00:00:00.000Z,82496,3193606,34.34,35352,1889081,20.31,0,0,0,0,0,0,17.48,0,82.52
2021-02-02T00:00:00.000Z,70090,3263696,35.1,31062,1920143,20.65,0,0,0,0,0,0,19.01,0,80.99
2021-02-03T00:00:00.000Z,60303,3323999,35.74,51435,1971578,21.2,0,0,0,0,0,0,20.47,0,79.53
2021-02-04T00:00:00.000Z,72623,3396622,36.53,58092,2029670,21.83,0,0,0,0,0,0,22,0,78
2021-02-05T00:00:00.000Z,33940,3430562,36.89,28802,2058472,22.14,0,0,0,0,0,0,22.75,0,77.25
2021-02-06T00:00:00.000Z,21620,3452182,37.12,22228,2080700,22.37,0,0,0,0,0,0,23.23,0,76.77
2021-02-07T00:00:00.000Z,54075,3506257,37.7,68729,2149429,23.11,0,0,0,0,0,0,23.99,0,76.01
2021-02-08T00:00:00.000Z,58632,3564889,38.34,65458,2214887,23.82,0,0,0,0,0,0,24.52,0,75.48
2021-02-09T00:00:00.000Z,66342,3631231,39.05,67568,2282455,24.54,0,0,0,0,0,0,25.04,0,74.96
2021-02-10T00:00:00.000Z,70559,3701790,39.81,72303,2354758,25.32,0,0,0,0,0,0,25.77,0,74.23
2021-02-11T00:00:00.000Z,81156,3782946,40.68,72098,2426856,26.1,0,0,0,0,0,0,26.61,0,73.39
2021-02-12T00:00:00.000Z,39095,3822041,41.1,37588,2464444,26.5,0,0,0,0,0,0,27.02,0,72.98
2021-02-13T00:00:00.000Z,27461,3849502,41.4,30440,2494884,26.83,0,0,0,0,0,0,27.33,0,72.67
2021-02-14T00:00:00.000Z,74910,3924412,42.2,69077,2563961,27.57,0,0,0,0,0,0,28.25,0,71.75
2021-02-15T00:00:00.000Z,81539,4005951,43.08,75714,2639675,28.39,0,0,0,0,0,0,29.17,0,70.83
2021-02-16T00:00:00.000Z,83412,4089363,43.97,78288,2717963,29.23,0,0,0,0,0,0,30.11,0,69.89
2021-02-17T00:00:00.000Z,61976,4151339,44.64,75633,2793596,30.04,0,0,0,0,0,0,31.01,0,68.99
2021-02-18T00:00:00.000Z,69148,4220487,45.38,79731,2873327,30.9,0,0,0,0,0,0,31.94,0,68.06
2021-02-19T00:00:00.000Z,39668,4260155,45.81,38155,2911482,31.31,0,0,0,0,0,0,32.45,0,67.55
2021-02-20T00:00:00.000Z,31648,4291803,46.15,28723,2940205,31.62,0,0,0,0,0,0,32.85,0,67.15
2021-02-21T00:00:00.000Z,79428,4371231,47.01,78441,3018646,32.46,0,0,0,0,0,0,33.8,0,66.2
2021-02-22T00:00:00.000Z,85054,4456285,47.92,80589,3099235,33.33,0,0,0,0,0,0,34.83,0,65.17
2021-02-23T00:00:00.000Z,77321,4533606,48.75,70473,3169708,34.09,0,0,0,0,0,0,35.84,0,64.16
2021-02-24T00:00:00.000Z,61064,4594670,49.41,63136,3232844,34.76,0,0,0,0,0,0,36.76,0,63.24
2021-02-25T00:00:00.000Z,51724,4646394,49.96,64799,3297643,35.46,0,0,0,0,0,0,37.66,0,62.34
2021-02-26T00:00:00.000Z,25906,4672300,50.24,32038,3329681,35.81,0,0,0,0,0,0,38.1,0,61.9
2021-02-27T00:00:00.000Z,18347,4690647,50.44,21195,3350876,36.03,0,0,0,0,0,0,38.42,0,61.58
2021-02-28T00:00:00.000Z,40358,4731005,50.87,55870,3406746,36.63,0,0,0,0,0,0,39.24,0,60.76
2021-03-01T00:00:00.000Z,45738,4776743,51.37,61434,3468180,37.3,0,0,0,0,0,0,40.1,0,59.9
2021-03-02T00:00:00.000Z,41195,4817938,51.81,64792,3532972,37.99,0,0,0,0,0,0,40.85,0,59.15
2021-03-03T00:00:00.000Z,42020,4859958,52.26,66785,3599757,38.71,0,0,0,0,0,0,41.55,0,58.45
2021-03-04T00:00:00.000Z,39711,4899669,52.69,79113,3678870,39.56,0,0,0,0,0,0,42.24,0,57.76
2021-03-05T00:00:00.000Z,17359,4917028,52.88,40460,3719330,40,0,0,0,0,0,0,42.57,0,57.43
2021-03-06T00:00:00.000Z,10717,4927745,52.99,25345,3744675,40.27,0,0,0,0,0,0,42.78,0,57.22
2021-03-07T00:00:00.000Z,31152,4958897,53.33,72839,3817514,41.05,0,0,0,0,0,0,43.36,0,56.64
2021-03-08T00:00:00.000Z,27382,4986279,53.62,73290,3890804,41.84,0,0,0,0,0,0,43.97,0,56.03
2021-03-09T00:00:00.000Z,26751,5013030,53.91,76595,3967399,42.66,0,0,0,0,0,0,44.62,0,55.38
2021-03-10T00:00:00.000Z,23364,5036394,54.16,58678,4026077,43.29,0,0,0,0,0,0,45.27,0,54.73
2021-03-11T00:00:00.000Z,23295,5059689,54.41,69086,4095163,44.04,0,0,0,0,0,0,45.99,0,54.01
2021-03-12T00:00:00.000Z,11291,5070980,54.53,41410,4136573,44.48,0,0,0,0,0,0,46.34,0,53.66
2021-03-13T00:00:00.000Z,7946,5078926,54.62,25237,4161810,44.75,0,0,0,0,0,0,46.57,0,53.43
2021-03-14T00:00:00.000Z,20982,5099908,54.84,73931,4235741,45.55,0,0,0,0,0,0,47.2,0,52.8
2021-03-15T00:00:00.000Z,20138,5120046,55.06,78276,4314017,46.39,0,0,0,0,0,0,47.81,0,52.19
2021-03-16T00:00:00.000Z,18749,5138795,55.26,71474,4385491,47.16,0,0,0,0,0,0,48.43,0,51.57
2021-03-17T00:00:00.000Z,17700,5156495,55.45,59000,4444491,47.79,0,0,0,0,0,0,48.92,0,51.08
2021-03-18T00:00:00.000Z,16043,5172538,55.62,58125,4502616,48.42,0,0,0,0,0,0,49.45,0,50.55
2021-03-19T00:00:00.000Z,6950,5179488,55.7,27975,4530591,48.72,0,0,0,0,0,0,49.75,0,50.25
2021-03-20T00:00:00.000Z,5224,5184712,55.75,15297,4545888,48.88,0,0,0,0,0,0,49.93,0,50.07
2021-03-21T00:00:00.000Z,13168,5197880,55.9,40504,4586392,49.32,0,0,0,0,0,0,50.46,0,49.54
2021-03-22T00:00:00.000Z,13571,5211451,56.04,40535,4626927,49.76,0,0,0,0,0,0,51,0,49
2021-03-23T00:00:00.000Z,2840,5214291,56.07,7297,4634224,49.83,0,0,0,0,0,0,51.43,0,48.57
2021-03-24T00:00:00.000Z,10990,5225281,56.19,46552,4680776,50.33,0,0,0,0,0,0,51.84,0,48.16
2021-03-25T00:00:00.000Z,10258,5235539,56.3,35432,4716208,50.72,0,0,0,0,0,0,52.22,0,47.78
2021-03-26T00:00:00.000Z,4180,5239719,56.35,13329,4729537,50.86,0,0,0,0,0,0,52.4,0,47.6
2021-03-27T00:00:00.000Z,1784,5241503,56.36,4267,4733804,50.91,0,0,0,0,0,0,52.5,0,47.5
2021-03-28T00:00:00.000Z,2110,5243613,56.39,4608,4738412,50.95,0,0,0,0,0,0,52.74,0,47.26
2021-03-29T00:00:00.000Z,6905,5250518,56.46,30014,4768426,51.28,0,0,0,0,0,0,53,0,47
2021-03-30T00:00:00.000Z,7885,5258403,56.55,22449,4790875,51.52,0,0,0,0,0,0,53.08,0,46.92
2021-03-31T00:00:00.000Z,8146,5266549,56.63,19488,4810363,51.73,0,0,0,0,0,0,53.38,0,46.62
2021-04-01T00:00:00.000Z,8201,5274750,56.72,18697,4829060,51.93,0,0,0,0,0,0,53.62,0,46.38
2021-04-02T00:00:00.000Z,2930,5277680,56.75,8126,4837186,52.02,0,0,0,0,0,0,53.71,0,46.29
2021-04-03T00:00:00.000Z,1431,5279111,56.77,2978,4840164,52.05,0,0,0,0,0,0,53.74,0,46.26
2021-04-04T00:00:00.000Z,9617,5288728,56.87,22830,4862994,52.29,0,0,0,0,0,0,53.82,0,46.18
2021-04-05T00:00:00.000Z,10358,5299086,56.98,21268,4884262,52.52,0,0,0,0,0,0,54.04,0,45.96
2021-04-06T00:00:00.000Z,9021,5308107,57.08,16786,4901048,52.7,0,0,0,0,0,0,54.21,0,45.79
2021-04-07T00:00:00.000Z,8922,5317029,57.18,15305,4916353,52.87,0,0,0,0,0,0,54.36,0,45.64
2021-04-08T00:00:00.000Z,9419,5326448,57.28,17002,4933355,53.05,0,0,0,0,0,0,54.52,0,45.48
2021-04-09T00:00:00.000Z,3605,5330053,57.32,6245,4939600,53.12,0,0,0,0,0,0,54.58,0,45.42
2021-04-10T00:00:00.000Z,1630,5331683,57.33,3519,4943119,53.16,0,0,0,0,0,0,54.61,0,45.39
2021-04-11T00:00:00.000Z,9033,5340716,57.43,14246,4957365,53.31,0,0,0,0,0,0,54.78,0,45.22
2021-04-12T00:00:00.000Z,8930,5349646,57.53,13227,4970592,53.45,0,0,0,0,0,0,54.95,0,45.05
2021-04-13T00:00:00.000Z,5836,5355482,57.59,4957,4975549,53.5,0,0,0,0,0,0,55.08,0,44.92
2021-04-14T00:00:00.000Z,3643,5359125,57.63,5301,4980850,53.56,0,0,0,0,0,0,55.18,0,44.82
2021-04-15T00:00:00.000Z,689,5359814,57.64,574,4981424,53.57,0,0,0,0,0,0,55.27,0,44.73
2021-04-16T00:00:00.000Z,3409,5363223,57.67,6641,4988065,53.64,0,0,0,0,0,0,55.33,0,44.67
2021-04-17T00:00:00.000Z,818,5364041,57.68,1970,4990035,53.66,0,0,0,0,0,0,55.35,0,44.65
2021-04-18T00:00:00.000Z,7091,5371132,57.76,7432,4997467,53.74,0,0,0,0,0,0,55.47,0,44.53
2021-04-19T00:00:00.000Z,6393,5377525,57.83,7124,5004591,53.82,0,0,0,0,0,0,55.58,0,44.42
2021-04-20T00:00:00.000Z,6275,5383800,57.89,6883,5011474,53.89,0,0,0,0,0,0,55.65,0,44.35
2021-04-21T00:00:00.000Z,6370,5390170,57.96,7101,5018575,53.97,0,0,0,0,0,0,55.71,0,44.29
2021-04-22T00:00:00.000Z,5941,5396111,58.03,7682,5026257,54.05,0,0,0,0,0,0,55.75,0,44.25
2021-04-23T00:00:00.000Z,2756,5398867,58.06,3383,5029640,54.09,0,0,0,0,0,0,55.8,0,44.2
2021-04-24T00:00:00.000Z,766,5399633,58.06,1287,5030927,54.1,0,0,0,0,0,0,55.82,0,44.18
2021-04-25T00:00:00.000Z,4827,5404460,58.12,6919,5037846,54.17,0,0,0,0,0,0,55.89,0,44.11
2021-04-26T00:00:00.000Z,5472,5409932,58.18,7886,5045732,54.26,0,0,0,0,0,0,55.96,0,44.04
2021-04-27T00:00:00.000Z,4502,5414434,58.22,6618,5052350,54.33,0,0,0,0,0,0,56.03,0,43.97
2021-04-28T00:00:00.000Z,4490,5418924,58.27,7323,5059673,54.41,0,0,0,0,0,0,56.09,0,43.91
2021-04-29T00:00:00.000Z,4369,5423293,58.32,7285,5066958,54.49,0,0,0,0,0,0,56.16,0,43.84
2021-04-30T00:00:00.000Z,1917,5425210,58.34,3199,5070157,54.52,0,0,0,0,0,0,56.19,0,43.81
2021-05-01T00:00:00.000Z,457,5425667,58.34,892,5071049,54.53,0,0,0,0,0,0,56.2,0,43.8
2021-05-02T00:00:00.000Z,3224,5428891,58.38,6085,5077134,54.6,0,0,0,0,0,0,56.26,0,43.74
2021-05-03T00:00:00.000Z,3533,5432424,58.42,5827,5082961,54.66,0,0,0,0,0,0,56.32,0,43.68
2021-05-04T00:00:00.000Z,3584,5436008,58.46,4726,5087687,54.71,0,0,0,0,0,0,56.38,0,43.62
2021-05-05T00:00:00.000Z,3287,5439295,58.49,4086,5091773,54.75,0,0,0,0,0,0,56.44,0,43.56
2021-05-06T00:00:00.000Z,3638,5442933,58.53,3138,5094911,54.79,0,0,0,0,0,0,56.5,0,43.5
2021-05-07T00:00:00.000Z,1835,5444768,58.55,2500,5097411,54.82,0,0,0,0,0,0,56.52,0,43.48
2021-05-08T00:00:00.000Z,235,5445003,58.55,505,5097916,54.82,0,0,0,0,0,0,56.53,0,43.47
2021-05-09T00:00:00.000Z,2848,5447851,58.58,4746,5102662,54.87,0,0,0,0,0,0,56.58,0,43.42
2021-05-10T00:00:00.000Z,2891,5450742,58.61,4702,5107364,54.92,0,0,0,0,0,0,56.63,0,43.37
2021-05-11T00:00:00.000Z,2619,5453361,58.64,3876,5111240,54.96,0,0,0,0,0,0,56.67,0,43.33
2021-05-12T00:00:00.000Z,2023,5455384,58.66,3333,5114573,55,0,0,0,0,0,0,56.7,0,43.3
2021-05-13T00:00:00.000Z,2037,5457421,58.69,3677,5118250,55.04,0,0,0,0,0,0,56.73,0,43.27
2021-05-14T00:00:00.000Z,972,5458393,58.7,1489,5119739,55.06,0,0,0,0,0,0,56.75,0,43.25
2021-05-15T00:00:00.000Z,251,5458644,58.7,255,5119994,55.06,0,0,0,0,0,0,56.75,0,43.25
2021-05-16T00:00:00.000Z,528,5459172,58.71,1202,5121196,55.07,0,0,0,0,0,0,56.78,0,43.22
2021-05-17T00:00:00.000Z,295,5459467,58.71,841,5122037,55.08,0,0,0,0,0,0,56.81,0,43.19
2021-05-18T00:00:00.000Z,1956,5461423,58.73,4933,5126970,55.13,0,0,0,0,0,0,56.84,0,43.16
2021-05-19T00:00:00.000Z,2224,5463647,58.75,5034,5132004,55.19,0,0,0,0,0,0,56.87,0,43.13
2021-05-20T00:00:00.000Z,2307,5465954,58.78,3876,5135880,55.23,0,0,0,0,0,0,56.9,0,43.1
2021-05-21T00:00:00.000Z,1182,5467136,58.79,1403,5137283,55.24,0,0,0,0,0,0,56.92,0,43.08
2021-05-22T00:00:00.000Z,205,5467341,58.79,395,5137678,55.25,0,0,0,0,0,0,56.92,0,43.08
2021-05-23T00:00:00.000Z,2271,5469612,58.82,3214,5140892,55.28,0,0,0,0,0,0,56.94,0,43.06
2021-05-24T00:00:00.000Z,2128,5471740,58.84,3595,5144487,55.32,0,0,0,0,0,0,56.96,0,43.04
2021-05-25T00:00:00.000Z,1815,5473555,58.86,2583,5147070,55.35,0,0,0,0,0,0,56.99,0,43.01
2021-05-26T00:00:00.000Z,1402,5474957,58.88,2500,5149570,55.38,0,0,0,0,0,0,57.03,0,42.97
2021-05-27T00:00:00.000Z,1850,5476807,58.89,3181,5152751,55.41,0,0,0,0,0,0,57.06,0,42.94
2021-05-28T00:00:00.000Z,776,5477583,58.9,1402,5154153,55.43,0,0,0,0,0,0,57.07,0,42.93
2021-05-29T00:00:00.000Z,187,5477770,58.91,223,5154376,55.43,0,0,0,0,0,0,57.07,0,42.93
2021-05-30T00:00:00.000Z,1642,5479412,58.92,1935,5156311,55.45,0,0,0,0,0,0,57.1,0,42.9
2021-05-31T00:00:00.000Z,1731,5481143,58.94,2089,5158400,55.47,0,0,0,0,0,0,57.13,0,42.87
2021-06-01T00:00:00.000Z,1371,5482514,58.96,1816,5160216,55.49,0,0,0,0,0,0,57.47,0,42.53
2021-06-02T00:00:00.000Z,1509,5484023,58.97,1604,5161820,55.51,0,0,0,0,0,0,57.25,0,42.75
2021-06-03T00:00:00.000Z,1679,5485702,58.99,1485,5163305,55.52,0,0,0,0,0,0,57.27,0,42.73
2021-06-04T00:00:00.000Z,1091,5486793,59,777,5164082,55.53,0,0,0,0,0,0,57.28,0,42.72
2021-06-05T00:00:00.000Z,180,5486973,59,158,5164240,55.53,0,0,0,0,0,0,57.29,0,42.71
2021-06-06T00:00:00.000Z,4287,5491260,59.05,1002,5165242,55.54,0,0,0,0,0,0,57.31,0,42.69
2021-06-07T00:00:00.000Z,4432,5495692,59.1,807,5166049,55.55,0,0,0,0,0,0,57.34,0,42.66
2021-06-08T00:00:00.000Z,3733,5499425,59.14,1167,5167216,55.57,0,0,0,0,0,0,57.36,0,42.64
2021-06-09T00:00:00.000Z,3609,5503034,59.18,1322,5168538,55.58,0,0,0,0,0,0,57.4,0,42.6
2021-06-10T00:00:00.000Z,3352,5506386,59.21,1292,5169830,55.59,0,0,0,0,0,0,57.42,0,42.58
2021-06-11T00:00:00.000Z,1393,5507779,59.23,580,5170410,55.6,0,0,0,0,0,0,57.43,0,42.57
2021-06-12T00:00:00.000Z,214,5507993,59.23,170,5170580,55.6,0,0,0,0,0,0,57.43,0,42.57
2021-06-13T00:00:00.000Z,3100,5511093,59.26,1257,5171837,55.62,0,0,0,0,0,0,57.45,0,42.55
2021-06-14T00:00:00.000Z,3050,5514143,59.3,1524,5173361,55.63,0,0,0,0,0,0,57.46,0,42.54
2021-06-15T00:00:00.000Z,3136,5517279,59.33,1369,5174730,55.65,0,0,0,0,0,0,57.48,0,42.52
2021-06-16T00:00:00.000Z,2726,5520005,59.36,995,5175725,55.66,0,0,0,0,0,0,57.49,0,42.51
2021-06-17T00:00:00.000Z,2722,5522727,59.39,1195,5176920,55.67,0,0,0,0,0,0,57.51,0,42.49
2021-06-18T00:00:00.000Z,1262,5523989,59.4,503,5177423,55.68,0,0,0,0,0,0,57.52,0,42.48
2021-06-19T00:00:00.000Z,240,5524229,59.4,139,5177562,55.68,0,0,0,0,0,0,57.52,0,42.48
2021-06-20T00:00:00.000Z,3312,5527541,59.44,1330,5178892,55.69,0,0,0,0,0,0,57.54,0,42.46
2021-06-21T00:00:00.000Z,5235,5532776,59.5,1211,5180103,55.7,0,0,0,0,0,0,57.56,0,42.44
2021-06-22T00:00:00.000Z,6920,5539696,59.57,1095,5181198,55.72,0,0,0,0,0,0,57.58,0,42.42
2021-06-23T00:00:00.000Z,10746,5550442,59.69,1292,5182490,55.73,0,0,0,0,0,0,57.6,0,42.4
2021-06-24T00:00:00.000Z,12038,5562480,59.82,1462,5183952,55.75,0,0,0,0,0,0,57.62,0,42.38
2021-06-25T00:00:00.000Z,7108,5569588,59.89,939,5184891,55.76,0,0,0,0,0,0,57.62,0,42.38
2021-06-26T00:00:00.000Z,2266,5571854,59.92,197,5185088,55.76,0,0,0,0,0,0,57.63,0,42.37
2021-06-27T00:00:00.000Z,13628,5585482,60.06,3434,5188522,55.79,0,0,0,0,0,0,57.65,0,42.35
2021-06-28T00:00:00.000Z,14513,5599995,60.22,3673,5192195,55.83,0,0,0,0,0,0,57.68,0,42.32
2021-06-29T00:00:00.000Z,16705,5616700,60.4,3738,5195933,55.87,0,0,0,0,0,0,57.69,0,42.31
2021-06-30T00:00:00.000Z,16480,5633180,60.58,3391,5199324,55.91,0,0,0,0,0,0,57.72,0,42.28
2021-07-01T00:00:00.000Z,16822,5650002,60.76,3369,5202693,55.95,119,119,0,0,0,0,57.78,0,42.22
2021-07-02T00:00:00.000Z,9826,5659828,60.86,1596,5204289,55.96,7,126,0,0,0,0,57.79,0,42.21
2021-07-03T00:00:00.000Z,2673,5662501,60.89,296,5204585,55.97,1,127,0,0,0,0,57.79,0,42.21
2021-07-04T00:00:00.000Z,17731,5680232,61.08,3158,5207743,56,1,128,0,0,0,0,57.85,0,42.15
2021-07-05T00:00:00.000Z,17844,5698076,61.27,3041,5210784,56.03,7,135,0,0,0,0,57.91,0,42.09
2021-07-06T00:00:00.000Z,17839,5715915,61.47,3404,5214188,56.07,11,146,0,0,0,0,57.99,0,42.01
2021-07-07T00:00:00.000Z,15521,5731436,61.63,2695,5216883,56.1,12,158,0,0,0,0,58.05,0,41.95
2021-07-08T00:00:00.000Z,16579,5748015,61.81,2872,5219755,56.13,17,175,0,0,0,0,58.12,0,41.88
2021-07-09T00:00:00.000Z,11120,5759135,61.93,1531,5221286,56.15,4,179,0,0,0,0,58.15,0,41.85
2021-07-10T00:00:00.000Z,4984,5764119,61.98,386,5221672,56.15,6,185,0,0,0,0,58.15,0,41.85
2021-07-11T00:00:00.000Z,1454,5765573,62,2847,5224519,56.18,8,193,0,0,0,0,58.22,0,41.78
2021-07-12T00:00:00.000Z,2419,5767992,62.03,3679,5228198,56.22,56,249,0,0,0,0,58.29,0,41.71
2021-07-13T00:00:00.000Z,2955,5770947,62.06,5457,5233655,56.28,124,373,0,0,0,0,58.36,0,41.64
2021-07-14T00:00:00.000Z,2738,5773685,62.09,7525,5241180,56.36,441,814,0.01,0,0,0,58.42,0,41.58
2021-07-15T00:00:00.000Z,2998,5776683,62.12,9285,5250465,56.46,374,1188,0.01,0,0,0,58.5,0,41.5
2021-07-16T00:00:00.000Z,1282,5777965,62.13,5892,5256357,56.52,66,1254,0.01,0,0,0,58.54,0,41.46
2021-07-17T00:00:00.000Z,367,5778332,62.14,1388,5257745,56.54,7,1261,0.01,0,0,0,58.55,0,41.44
2021-07-18T00:00:00.000Z,2070,5780402,62.16,9766,5267511,56.64,235,1496,0.02,0,0,0,58.6,0,41.4
2021-07-19T00:00:00.000Z,3208,5783610,62.19,11340,5278851,56.77,461,1957,0.02,0,0,0,58.65,0,41.35
2021-07-20T00:00:00.000Z,2680,5786290,62.22,11905,5290756,56.89,373,2330,0.03,0,0,0,58.72,0,41.28
2021-07-21T00:00:00.000Z,2396,5788686,62.25,11873,5302629,57.02,325,2655,0.03,0,0,0,58.81,0,41.19
2021-07-22T00:00:00.000Z,2871,5791557,62.28,13267,5315896,57.16,391,3046,0.03,0,0,0,58.93,0,41.07
2021-07-23T00:00:00.000Z,2028,5793585,62.3,8232,5324128,57.25,106,3152,0.03,0,0,0,58.99,0,41.01
2021-07-24T00:00:00.000Z,639,5794224,62.31,1477,5325605,57.27,7,3159,0.03,0,0,0,58.99,0,41
2021-07-25T00:00:00.000Z,4413,5798637,62.36,15489,5341094,57.44,223,3382,0.04,0,0,0,59.1,0,40.89
2021-07-26T00:00:00.000Z,5164,5803801,62.41,13523,5354617,57.58,324,3706,0.04,0,0,0,59.24,0,40.75
2021-07-27T00:00:00.000Z,5485,5809286,62.47,13570,5368187,57.73,413,4119,0.04,0,0,0,59.37,0.01,40.62
2021-07-28T00:00:00.000Z,3982,5813268,62.51,12338,5380525,57.86,472,4591,0.05,0,0,0,59.5,0.01,40.49
2021-07-29T00:00:00.000Z,4655,5817923,62.56,14192,5394717,58.01,530,5121,0.06,0,0,0,59.65,0.01,40.33
2021-07-30T00:00:00.000Z,2643,5820566,62.59,10849,5405566,58.13,4122,9243,0.1,0,0,0,59.74,0.02,40.25
2021-07-31T00:00:00.000Z,1403,5821969,62.61,3548,5409114,58.17,6159,15402,0.17,0,0,0,59.75,0.02,40.23
2021-08-01T00:00:00.000Z,3073,5825042,62.64,3361,5412475,58.2,31047,46449,0.5,0,0,0,59.91,0.02,40.06
2021-08-02T00:00:00.000Z,3126,5828168,62.67,3166,5415641,58.24,58511,104960,1.13,0,0,0,60.06,0.03,39.91
2021-08-03T00:00:00.000Z,3380,5831548,62.71,3320,5418961,58.27,78951,183911,1.98,0,0,0,60.21,0.03,39.76
2021-08-04T00:00:00.000Z,3520,5835068,62.75,3246,5422207,58.31,80762,264673,2.85,0,0,0,60.34,0.03,39.63
2021-08-05T00:00:00.000Z,4504,5839572,62.8,3566,5425773,58.35,88442,353115,3.8,0,0,0,60.49,0.04,39.47
2021-08-06T00:00:00.000Z,2430,5842002,62.82,1845,5427618,58.37,44741,397856,4.28,0,0,0,60.6,0.04,39.36
2021-08-07T00:00:00.000Z,1027,5843029,62.83,696,5428314,58.37,27352,425208,4.57,0,0,0,60.63,0.04,39.32
2021-08-08T00:00:00.000Z,4988,5848017,62.89,3075,5431389,58.41,80085,505293,5.43,0,0,0,60.68,0.04,39.28
2021-08-09T00:00:00.000Z,5336,5853353,62.94,3053,5434442,58.44,76487,581780,6.26,0,0,0,60.72,0.04,39.24
2021-08-10T00:00:00.000Z,5544,5858897,63,3198,5437640,58.47,75426,657206,7.07,0,0,0,60.75,0.04,39.2
2021-08-11T00:00:00.000Z,5691,5864588,63.06,2936,5440576,58.51,62635,719841,7.74,0,0,0,60.79,0.04,39.17
2021-08-12T00:00:00.000Z,7025,5871613,63.14,3284,5443860,58.54,59459,779300,8.38,0,0,0,60.83,0.04,39.12
2021-08-13T00:00:00.000Z,3812,5875425,63.18,2060,5445920,58.56,43869,823169,8.85,0,0,0,60.84,0.05,39.11
2021-08-14T00:00:00.000Z,2247,5877672,63.21,849,5446769,58.57,44484,867653,9.33,0,0,0,60.85,0.05,39.1
2021-08-15T00:00:00.000Z,7140,5884812,63.28,4529,5451298,58.62,97977,965630,10.38,0,0,0,60.89,0.05,39.06
2021-08-16T00:00:00.000Z,6984,5891796,63.36,4739,5456037,58.67,89513,1055143,11.35,0,0,0,60.92,0.04,39.03
2021-08-17T00:00:00.000Z,7570,5899366,63.44,5130,5461167,58.73,83315,1138458,12.24,0,0,0,60.96,0.04,39
2021-08-18T00:00:00.000Z,8635,5908001,63.53,4600,5465767,58.78,69259,1207717,12.99,0,0,0,60.99,0.04,38.96
2021-08-19T00:00:00.000Z,10071,5918072,63.64,5212,5470979,58.83,65971,1273688,13.7,0,0,0,61.03,0.04,38.92
2021-08-20T00:00:00.000Z,4763,5922835,63.69,2823,5473802,58.86,60447,1334135,14.35,0,0,0,61.05,0.05,38.9
2021-08-21T00:00:00.000Z,3492,5926327,63.73,1575,5475377,58.88,50723,1384858,14.89,0,0,0,61.06,0.05,38.89
2021-08-22T00:00:00.000Z,9822,5936149,63.83,4801,5480178,58.93,105100,1489958,16.02,0,0,0,61.12,0.04,38.84
2021-08-23T00:00:00.000Z,10930,5947079,63.95,4442,5484620,58.98,94011,1583969,17.03,0,0,0,61.17,0.04,38.79
2021-08-24T00:00:00.000Z,11726,5958805,64.08,4696,5489316,59.03,98533,1682502,18.09,0,0,0,61.23,0.04,38.73
2021-08-25T00:00:00.000Z,9613,5968418,64.18,4477,5493793,59.08,99524,1782026,19.16,0,0,0,61.29,0.04,38.67
2021-08-26T00:00:00.000Z,10107,5978525,64.29,5053,5498846,59.13,101207,1883233,20.25,0,0,0,61.36,0.03,38.61
2021-08-27T00:00:00.000Z,4324,5982849,64.34,2778,5501624,59.16,56689,1939922,20.86,0,0,0,61.35,0.04,38.61
2021-08-28T00:00:00.000Z,3697,5986546,64.38,1495,5503119,59.18,33536,1973458,21.22,0,0,0,61.4,0.04,38.57
2021-08-29T00:00:00.000Z,10326,5996872,64.49,5931,5509050,59.24,79525,2052983,22.08,0,0,0,61.46,0.03,38.5
2021-08-30T00:00:00.000Z,12335,6009207,64.62,7012,5516062,59.32,115989,2168972,23.32,0,0,0,61.53,0.03,38.44
2021-08-31T00:00:00.000Z,12077,6021284,64.75,6521,5522583,59.39,114861,2283833,24.56,0,0,0,61.6,0.03,38.37
2021-09-01T00:00:00.000Z,9036,6030320,64.85,6029,5528612,59.45,112474,2396307,25.77,0,0,0,61.43,0.03,38.54
2021-09-02T00:00:00.000Z,8783,6039103,64.94,7175,5535787,59.53,111524,2507831,26.97,0,0,0,61.49,0.03,38.48
2021-09-03T00:00:00.000Z,3746,6042849,64.98,4109,5539896,59.57,58878,2566709,27.6,0,0,0,61.56,0.03,38.42
2021-09-04T00:00:00.000Z,2691,6045540,65.01,2017,5541913,59.59,29945,2596654,27.92,0,0,0,61.59,0.03,38.38
2021-09-05T00:00:00.000Z,6992,6052532,65.09,6456,5548369,59.66,73319,2669973,28.71,0,0,0,61.68,0.03,38.29
2021-09-06T00:00:00.000Z,2830,6055362,65.12,2705,5551074,59.69,22794,2692767,28.96,0,0,0,61.77,0.03,38.2
2021-09-07T00:00:00.000Z,1198,6056560,65.13,875,5551949,59.7,5396,2698163,29.01,0,0,0,61.85,0.03,38.12
2021-09-08T00:00:00.000Z,1378,6057938,65.14,1190,5553139,59.72,6619,2704782,29.09,0,0,0,61.93,0.03,38.05
2021-09-09T00:00:00.000Z,7087,6065025,65.22,12564,5565703,59.85,73839,2778621,29.88,0,0,0,62.02,0.03,37.95
2021-09-10T00:00:00.000Z,3255,6068280,65.26,5011,5570714,59.9,37931,2816552,30.29,0,0,0,62.06,0.03,37.91
2021-09-11T00:00:00.000Z,2106,6070386,65.28,2501,5573215,59.93,14815,2831367,30.45,0,0,0,62.08,0.03,37.89
2021-09-12T00:00:00.000Z,6112,6076498,65.34,8583,5581798,60.02,54122,2885489,31.03,0,0,0,62.16,0.03,37.81
2021-09-13T00:00:00.000Z,5607,6082105,65.4,8255,5590053,60.11,47977,2933466,31.55,0,0,0,62.15,0.03,37.82
2021-09-14T00:00:00.000Z,4958,6087063,65.46,7416,5597469,60.19,48848,2982314,32.07,0,0,0,62.2,0.03,37.77
2021-09-15T00:00:00.000Z,1745,6088808,65.48,2713,5600182,60.22,16683,2998997,32.25,0,0,0,62.25,0.03,37.72
2021-09-16T00:00:00.000Z,339,6089147,65.48,545,5600727,60.23,1740,3000737,32.27,0,0,0,62.37,0.03,37.6
2021-09-17T00:00:00.000Z,3680,6092827,65.52,7013,5607740,60.3,42897,3043634,32.73,0,0,0,62.42,0.03,37.54
2021-09-18T00:00:00.000Z,2255,6095082,65.54,2941,5610681,60.33,12782,3056416,32.87,0,0,0,62.45,0.03,37.52
2021-09-19T00:00:00.000Z,5940,6101022,65.61,10709,5621390,60.45,44328,3100744,33.34,0,0,0,62.55,0.03,37.42
2021-09-20T00:00:00.000Z,3243,6104265,65.64,4642,5626032,60.5,16703,3117447,33.52,0,0,0,62.63,0.03,37.34
2021-09-21T00:00:00.000Z,1335,6105600,65.66,2054,5628086,60.52,3474,3120921,33.56,0,0,0,62.69,0.03,37.28
2021-09-22T00:00:00.000Z,4256,6109856,65.7,7243,5635329,60.6,25068,3145989,33.83,0,0,0,62.72,0.03,37.25
2021-09-23T00:00:00.000Z,4386,6114242,65.75,5903,5641232,60.66,27831,3173820,34.13,0,0,0,62.75,0.03,37.22
2021-09-24T00:00:00.000Z,3199,6117441,65.78,4183,5645415,60.71,27718,3201538,34.43,0,0,0,62.82,0.03,37.15
2021-09-25T00:00:00.000Z,2073,6119514,65.81,2256,5647671,60.73,10440,3211978,34.54,0,0,0,62.85,0.03,37.12
2021-09-26T00:00:00.000Z,5604,6125118,65.87,5968,5653639,60.8,36262,3248240,34.93,0,0,0,62.96,0.03,37
2021-09-27T00:00:00.000Z,4692,6129810,65.92,4466,5658105,60.84,30450,3278690,35.26,0,0,0,63.02,0.03,36.94
2021-09-28T00:00:00.000Z,1466,6131276,65.93,1179,5659284,60.86,6249,3284939,35.32,0,0,0,63.06,0.04,36.91
2021-09-29T00:00:00.000Z,9620,6140896,66.04,8343,5667627,60.95,60321,3345260,35.97,0,0,0,63.13,0.03,36.84
2021-09-30T00:00:00.000Z,10970,6151866,66.15,8569,5676196,61.04,79685,3424945,36.83,0,0,0,63.18,0.03,36.79
2021-10-01T00:00:00.000Z,5120,6156986,66.21,3871,5680067,61.08,46537,3471482,37.33,0,0,0,63.23,0.03,36.73
2021-10-02T00:00:00.000Z,2859,6159845,66.24,2123,5682190,61.1,22429,3493911,37.57,0,0,0,63.26,0.03,36.71
2021-10-03T00:00:00.000Z,11666,6171511,66.37,7272,5689462,61.18,70722,3564633,38.33,0,0,0,63.35,0.03,36.62
2021-10-04T00:00:00.000Z,10315,6181826,66.48,6755,5696217,61.25,51905,3616538,38.89,0,0,0,63.4,0.03,36.57
2021-10-05T00:00:00.000Z,8456,6190282,66.57,5307,5701524,61.31,40473,3657011,39.33,0,0,0,63.41,0.03,36.55
2021-10-06T00:00:00.000Z,7539,6197821,66.65,4175,5705699,61.36,34135,3691146,39.69,0,0,0,63.52,0.03,36.45
2021-10-07T00:00:00.000Z,6891,6204712,66.72,4006,5709705,61.4,34055,3725201,40.06,0,0,0,63.63,0.03,36.34
2021-10-08T00:00:00.000Z,3085,6207797,66.76,2637,5712342,61.43,19242,3744443,40.27,0,0,0,63.68,0.03,36.29
2021-10-09T00:00:00.000Z,1335,6209132,66.77,1441,5713783,61.44,7440,3751883,40.35,0,0,0,63.71,0.03,36.26
2021-10-10T00:00:00.000Z,4674,6213806,66.82,3742,5717525,61.48,21514,3773397,40.58,0,0,0,63.82,0.04,36.14
2021-10-11T00:00:00.000Z,4294,6218100,66.87,2941,5720466,61.52,17258,3790655,40.76,0,0,0,63.91,0.04,36.05
2021-10-12T00:00:00.000Z,3973,6222073,66.91,3003,5723469,61.55,15354,3806009,40.93,0,0,0,63.99,0.05,35.96
2021-10-13T00:00:00.000Z,3482,6225555,66.95,2446,5725915,61.57,13582,3819591,41.07,0,0,0,64.09,0.05,35.86
2021-10-14T00:00:00.000Z,3866,6229421,66.99,2682,5728597,61.6,16563,3836154,41.25,0,0,0,64.19,0.06,35.75
2021-10-15T00:00:00.000Z,1699,6231120,67.01,1680,5730277,61.62,9005,3845159,41.35,0,0,0,64.23,0.07,35.7
2021-10-16T00:00:00.000Z,725,6231845,67.01,953,5731230,61.63,4034,3849193,41.39,0,0,0,64.25,0.08,35.67
2021-10-17T00:00:00.000Z,3089,6234934,67.05,2521,5733751,61.66,12790,3861983,41.53,0,0,0,64.36,0.09,35.56
2021-10-18T00:00:00.000Z,2454,6237388,67.07,1683,5735434,61.68,10065,3872048,41.64,0,0,0,64.43,0.1,35.47
2021-10-19T00:00:00.000Z,2395,6239783,67.1,1277,5736711,61.69,9296,3881344,41.74,0,0,0,64.49,0.1,35.4
2021-10-20T00:00:00.000Z,2432,6242215,67.13,2302,5739013,61.71,10091,3891435,41.85,0,0,0,64.14,0.52,35.34
2021-10-21T00:00:00.000Z,3031,6245246,67.16,3089,5742102,61.75,12159,3903594,41.98,0,0,0,54.23,10.41,35.36
2021-10-22T00:00:00.000Z,1274,6246520,67.17,1428,5743530,61.76,5827,3909421,42.04,0,0,0,54.36,10.26,35.38
2021-10-23T00:00:00.000Z,570,6247090,67.18,1262,5744792,61.78,2560,3911981,42.07,0,0,0,54.42,10.19,35.39
2021-10-24T00:00:00.000Z,2514,6249604,67.21,2652,5747444,61.81,9851,3921832,42.17,0,0,0,54.22,10.43,35.35
2021-10-25T00:00:00.000Z,2632,6252236,67.23,2742,5750186,61.83,8504,3930336,42.26,0,0,0,54.59,10.22,35.19
2021-10-26T00:00:00.000Z,2375,6254611,67.26,2048,5752234,61.86,8517,3938853,42.36,0,0,0,54.64,10.26,35.1
2021-10-27T00:00:00.000Z,2285,6256896,67.28,2561,5754795,61.88,7950,3946803,42.44,0,0,0,54.58,10.37,35.06
2021-10-28T00:00:00.000Z,2497,6259393,67.31,2771,5757566,61.91,8660,3955463,42.54,0,0,0,54.69,10.76,34.55
2021-10-29T00:00:00.000Z,897,6260290,67.32,1145,5758711,61.93,4129,3959592,42.58,0,0,0,54.73,10.75,34.52
2021-10-30T00:00:00.000Z,363,6260653,67.32,529,5759240,61.93,1709,3961301,42.6,0,0,0,54.68,10.81,34.52
2021-10-31T00:00:00.000Z,2259,6262912,67.35,2491,5761731,61.96,8250,3969551,42.69,0,0,0,54.83,10.7,34.47
2021-11-01T00:00:00.000Z,1733,6264645,67.37,2089,5763820,61.98,6477,3976028,42.76,0,0,0,54.95,10.63,34.42
2021-11-02T00:00:00.000Z,2024,6266669,67.39,2042,5765862,62,6286,3982314,42.82,0,0,0,54.89,10.69,34.42
2021-11-03T00:00:00.000Z,1759,6268428,67.41,1891,5767753,62.02,5550,3987864,42.88,0,0,0,54.86,10.75,34.39
2021-11-04T00:00:00.000Z,2105,6270533,67.43,2799,5770552,62.05,7126,3994990,42.96,0,0,0,54.85,10.81,34.33
2021-11-05T00:00:00.000Z,783,6271316,67.44,900,5771452,62.06,3477,3998467,43,0,0,0,54.85,10.83,34.32
2021-11-06T00:00:00.000Z,345,6271661,67.44,384,5771836,62.07,1371,3999838,43.01,0,0,0,54.82,10.86,34.32
2021-11-07T00:00:00.000Z,1578,6273239,67.46,1768,5773604,62.09,6131,4005969,43.08,0,0,0,54.92,10.8,34.28
2021-11-08T00:00:00.000Z,1516,6274755,67.48,1599,5775203,62.1,5405,4011374,43.14,0,0,0,55.01,10.75,34.24
2021-11-09T00:00:00.000Z,1428,6276183,67.49,1603,5776806,62.12,5328,4016702,43.19,0,0,0,55.05,10.74,34.21
2021-11-10T00:00:00.000Z,1421,6277604,67.51,1654,5778460,62.14,4776,4021478,43.24,0,0,0,55.08,10.73,34.19
2021-11-11T00:00:00.000Z,1624,6279228,67.52,1941,5780401,62.16,5708,4027186,43.31,0,0,0,55.15,10.69,34.15
2021-11-12T00:00:00.000Z,632,6279860,67.53,820,5781221,62.17,2920,4030106,43.34,0,0,0,55.17,10.69,34.14
2021-11-13T00:00:00.000Z,254,6280114,67.53,284,5781505,62.17,1126,4031232,43.35,0,0,0,55.14,10.72,34.14
2021-11-14T00:00:00.000Z,1536,6281650,67.55,1636,5783141,62.19,5108,4036340,43.4,0,0,0,55.21,10.68,34.11
2021-11-15T00:00:00.000Z,1272,6282922,67.56,1617,5784758,62.21,4766,4041106,43.46,0,0,0,55.28,10.63,34.09
2021-11-16T00:00:00.000Z,1270,6284192,67.58,1410,5786168,62.22,4339,4045445,43.5,0,0,0,55.32,10.62,34.07
2021-11-17T00:00:00.000Z,1201,6285393,67.59,1559,5787727,62.24,3908,4049353,43.54,0,0,0,55.35,10.6,34.05
2021-11-18T00:00:00.000Z,1359,6286752,67.6,1686,5789413,62.26,5004,4054357,43.6,0,0,0,55.41,10.58,34.02
2021-11-19T00:00:00.000Z,588,6287340,67.61,760,5790173,62.26,2451,4056808,43.62,0,0,0,55.42,10.57,34.01
2021-11-20T00:00:00.000Z,236,6287576,67.61,254,5790427,62.27,926,4057734,43.63,0,0,0,55.41,10.58,34
2021-11-21T00:00:00.000Z,1410,6288986,67.63,1537,5791964,62.28,4875,4062609,43.69,0,0,0,55.47,10.54,33.98
2021-11-22T00:00:00.000Z,1680,6290666,67.65,1516,5793480,62.3,4233,4066842,43.73,0,0,0,55.54,10.5,33.96
2021-11-23T00:00:00.000Z,8616,6299282,67.74,1678,5795158,62.32,3999,4070841,43.78,0,0,0,55.57,10.48,33.95
2021-11-24T00:00:00.000Z,9348,6308630,67.84,1314,5796472,62.33,3919,4074760,43.82,0,0,0,55.6,10.44,33.95
2021-11-25T00:00:00.000Z,9810,6318440,67.95,1599,5798071,62.35,4833,4079593,43.87,0,0,0,55.64,10.43,33.93
2021-11-26T00:00:00.000Z,5611,6324051,68.01,745,5798816,62.36,2797,4082390,43.9,0,0,0,55.63,10.45,33.92
2021-11-27T00:00:00.000Z,4777,6328828,68.06,322,5799138,62.36,1160,4083550,43.91,0,0,0,55.62,10.46,33.92
2021-11-28T00:00:00.000Z,10149,6338977,68.17,1475,5800613,62.38,4898,4088448,43.97,0,0,0,55.67,10.43,33.9
2021-11-29T00:00:00.000Z,9040,6348017,68.26,1129,5801742,62.39,4367,4092815,44.01,0,0,0,55.73,10.39,33.88
2021-11-30T00:00:00.000Z,10042,6358059,68.37,1031,5802773,62.4,4082,4096897,44.06,0,0,0,55.77,10.37,33.86
2021-12-01T00:00:00.000Z,8624,6366683,68.46,1093,5803866,62.41,4435,4101332,44.1,5,5,0,55.79,10.36,33.84
2021-12-02T00:00:00.000Z,9169,6375852,68.56,1448,5805314,62.43,5117,4106449,44.16,6,11,0,55.84,10.34,33.82
2021-12-03T00:00:00.000Z,6331,6382183,68.63,670,5805984,62.43,2862,4109311,44.19,1,12,0,55.86,10.33,33.81
2021-12-04T00:00:00.000Z,2508,6384691,68.66,233,5806217,62.44,915,4110226,44.2,3,15,0,55.85,10.34,33.81
2021-12-05T00:00:00.000Z,8333,6393024,68.75,1252,5807469,62.45,4679,4114905,44.25,1,16,0,55.9,10.31,33.79
2021-12-06T00:00:00.000Z,6722,6399746,68.82,1194,5808663,62.46,4346,4119251,44.3,4,20,0,55.95,10.27,33.78
2021-12-07T00:00:00.000Z,5553,6405299,68.88,1497,5810160,62.48,3958,4123209,44.34,9,29,0,55.99,10.25,33.76
2021-12-08T00:00:00.000Z,4930,6410229,68.93,1198,5811358,62.49,3874,4127083,44.38,10,39,0,56.03,10.22,33.75
2021-12-09T00:00:00.000Z,6237,6416466,69,1235,5812593,62.51,4499,4131582,44.43,8,47,0,56.08,10.19,33.73
2021-12-10T00:00:00.000Z,3005,6419471,69.03,700,5813293,62.51,2676,4134258,44.46,4,51,0,56.1,10.18,33.72
2021-12-11T00:00:00.000Z,1491,6420962,69.05,251,5813544,62.52,1012,4135270,44.47,0,51,0,56.1,10.18,33.71
2021-12-12T00:00:00.000Z,7272,6428234,69.13,1442,5814986,62.53,5246,4140516,44.53,3,54,0,56.16,10.15,33.69
2021-12-13T00:00:00.000Z,6176,6434410,69.19,1371,5816357,62.55,4346,4144862,44.57,5,59,0,56.21,10.11,33.67
2021-12-14T00:00:00.000Z,7315,6441725,69.27,6100,5822457,62.61,4929,4149791,44.62,11,70,0,56.27,10.09,33.65
2021-12-15T00:00:00.000Z,7203,6448928,69.35,7401,5829858,62.69,5439,4155230,44.68,7,77,0,56.34,10.06,33.6
2021-12-16T00:00:00.000Z,8079,6457007,69.44,8609,5838467,62.78,6554,4161784,44.75,8,85,0,56.53,10.05,33.42
2021-12-17T00:00:00.000Z,4403,6461410,69.48,5136,5843603,62.84,3946,4165730,44.8,3,88,0,56.64,10.05,33.3
2021-12-18T00:00:00.000Z,3940,6465350,69.53,2913,5846516,62.87,1353,4167083,44.81,2,90,0,56.73,10.07,33.2
2021-12-19T00:00:00.000Z,6980,6472330,69.6,9331,5855847,62.97,6268,4173351,44.88,5,95,0,56.92,10.04,33.04
2021-12-20T00:00:00.000Z,7968,6480298,69.69,7515,5863362,63.05,5438,4178789,44.94,9,104,0,57.07,10.02,32.91
2021-12-21T00:00:00.000Z,9547,6489845,69.79,8645,5872007,63.14,6479,4185268,45.01,8,112,0,57.27,10.01,32.71
2021-12-22T00:00:00.000Z,9664,6499509,69.89,8148,5880155,63.23,6241,4191509,45.07,12,124,0,57.49,10,32.52
2021-12-23T00:00:00.000Z,11539,6511048,70.02,10261,5890416,63.34,8138,4199647,45.16,15,139,0,57.7,9.97,32.33
2021-12-24T00:00:00.000Z,5868,6516916,70.08,6240,5896656,63.41,5274,4204921,45.22,12,151,0,57.83,9.96,32.21
2021-12-25T00:00:00.000Z,3338,6520254,70.12,2565,5899221,63.44,2020,4206941,45.24,6,157,0,57.9,9.96,32.15
2021-12-26T00:00:00.000Z,10653,6530907,70.23,8907,5908128,63.53,8193,4215134,45.33,8,165,0,58.1,9.92,31.98
2021-12-27T00:00:00.000Z,10368,6541275,70.34,7144,5915272,63.61,8182,4223316,45.42,21,186,0,58.27,9.9,31.83
2021-12-28T00:00:00.000Z,11373,6552648,70.46,7451,5922723,63.69,9626,4232942,45.52,24,210,0,58.46,9.88,31.66
2021-12-29T00:00:00.000Z,9934,6562582,70.57,5959,5928682,63.75,8364,4241306,45.61,17,227,0,58.64,9.85,31.51
2021-12-30T00:00:00.000Z,11008,6573590,70.69,7734,5936416,63.84,12237,4253543,45.74,10,237,0,58.84,9.82,31.34
2021-12-31T00:00:00.000Z,4828,6578418,70.74,3671,5940087,63.88,7291,4260834,45.82,134,371,0,58.9,9.79,31.3
2022-01-01T00:00:00.000Z,1992,6580410,70.76,1591,5941678,63.89,2741,4263575,45.85,65,436,0,58.93,9.79,31.28
2022-01-02T00:00:00.000Z,10215,6590625,70.87,6486,5948164,63.96,13000,4276575,45.99,590,1026,0.01,59.14,9.76,31.1
2022-01-03T00:00:00.000Z,9382,6600007,70.97,5257,5953421,64.02,11328,4287903,46.11,25055,26081,0.28,59.29,9.71,31
2022-01-04T00:00:00.000Z,8969,6608976,71.07,5944,5959365,64.08,10519,4298422,46.22,50653,76734,0.83,59.46,9.68,30.86
2022-01-05T00:00:00.000Z,8551,6617527,71.16,5737,5965102,64.15,10487,4308909,46.34,59579,136313,1.47,59.56,9.65,30.79
2022-01-06T00:00:00.000Z,10339,6627866,71.27,7959,5973061,64.23,13526,4322435,46.48,63993,200306,2.15,59.81,9.63,30.56
2022-01-07T00:00:00.000Z,4755,6632621,71.32,4555,5977616,64.28,8152,4330587,46.57,31133,231439,2.49,59.89,9.61,30.49
2022-01-08T00:00:00.000Z,2750,6635371,71.35,2451,5980067,64.31,5499,4336086,46.63,27628,259067,2.79,59.9,9.64,30.46
2022-01-09T00:00:00.000Z,9308,6644679,71.45,7722,5987789,64.39,11862,4347948,46.76,66760,325827,3.5,60.06,9.59,30.35
2022-01-10T00:00:00.000Z,8353,6653032,71.54,7645,5995434,64.47,11871,4359819,46.88,64762,390589,4.2,60.21,9.54,30.25
2022-01-11T00:00:00.000Z,8103,6661135,71.63,8622,6004056,64.56,11965,4371784,47.01,56652,447241,4.81,60.38,9.49,30.13
2022-01-12T00:00:00.000Z,7279,6668414,71.71,8306,6012362,64.65,11106,4382890,47.13,44625,491866,5.29,60.51,9.45,30.04
2022-01-13T00:00:00.000Z,7510,6675924,71.79,9615,6021977,64.76,11538,4394428,47.26,34754,526620,5.66,60.7,9.35,29.94
2022-01-14T00:00:00.000Z,2555,6678479,71.82,4931,6026908,64.81,6138,4400566,47.32,11138,537758,5.78,60.79,9.31,29.9
2022-01-15T00:00:00.000Z,1466,6679945,71.83,3166,6030074,64.84,3878,4404444,47.36,5715,543473,5.84,60.83,9.29,29.87
2022-01-16T00:00:00.000Z,3818,6683763,71.87,8523,6038597,64.94,7679,4412123,47.45,19989,563462,6.06,60.97,9.2,29.82
2022-01-17T00:00:00.000Z,2808,6686571,71.9,7045,6045642,65.01,6167,4418290,47.51,17836,581298,6.25,61.09,9.13,29.78
2022-01-18T00:00:00.000Z,2475,6689046,71.93,7382,6053024,65.09,5523,4423813,47.57,14814,596112,6.41,61.23,9.07,29.7
2022-01-19T00:00:00.000Z,1914,6690960,71.95,6364,6059388,65.16,4515,4428328,47.62,8458,604570,6.5,61.37,8.98,29.65
2022-01-20T00:00:00.000Z,1779,6692739,71.97,6965,6066353,65.23,4785,4433113,47.67,8040,612610,6.59,61.44,8.85,29.71
2022-01-21T00:00:00.000Z,904,6693643,71.98,3725,6070078,65.27,2637,4435750,47.7,3358,615968,6.62,61.51,8.81,29.68
2022-01-22T00:00:00.000Z,328,6693971,71.98,1461,6071539,65.29,1060,4436810,47.71,1113,617081,6.64,61.51,8.75,29.74
2022-01-23T00:00:00.000Z,1066,6695037,72,5628,6077167,65.35,2874,4439684,47.74,6081,623162,6.7,61.61,8.7,29.69
2022-01-24T00:00:00.000Z,758,6695795,72,4481,6081648,65.4,2259,4441943,47.77,5054,628216,6.76,61.73,8.62,29.65
2022-01-25T00:00:00.000Z,741,6696536,72.01,4398,6086046,65.45,2172,4444115,47.79,7102,635318,6.83,61.9,8.51,29.59
2022-01-26T00:00:00.000Z,614,6697150,72.02,3283,6089329,65.48,1604,4445719,47.81,4261,639579,6.88,62.02,8.42,29.57
2022-01-27T00:00:00.000Z,797,6697947,72.03,4405,6093734,65.53,2001,4447720,47.83,5439,645018,6.94,62.12,8.35,29.52
2022-01-28T00:00:00.000Z,395,6698342,72.03,2372,6096106,65.55,1171,4448891,47.84,3449,648467,6.97,62.16,8.33,29.5
2022-01-29T00:00:00.000Z,124,6698466,72.03,1045,6097151,65.57,424,4449315,47.85,1161,649628,6.99,62.23,8.29,29.48
2022-01-30T00:00:00.000Z,768,6699234,72.04,4719,6101870,65.62,2016,4451331,47.87,8098,657726,7.07,62.3,8.24,29.46
2022-01-31T00:00:00.000Z,528,6699762,72.05,3184,6105054,65.65,1608,4452939,47.88,6472,664198,7.14,62.39,8.17,29.43
2022-02-01T00:00:00.000Z,478,6700240,72.05,2805,6107859,65.68,1517,4454456,47.9,5719,669917,7.2,62.45,8.15,29.4
2022-02-02T00:00:00.000Z,373,6700613,72.06,2390,6110249,65.71,1379,4455835,47.92,5073,674990,7.26,62.28,8.13,29.59
2022-02-03T00:00:00.000Z,445,6701058,72.06,2775,6113024,65.74,1454,4457289,47.93,5605,680595,7.32,62.34,8.08,29.57
2022-02-04T00:00:00.000Z,174,6701232,72.06,989,6114013,65.75,753,4458042,47.94,2454,683049,7.35,62.37,8.06,29.57
2022-02-05T00:00:00.000Z,62,6701294,72.06,340,6114353,65.75,215,4458257,47.94,420,683469,7.35,62.34,8.09,29.56
2022-02-06T00:00:00.000Z,407,6701701,72.07,2320,6116673,65.78,1343,4459600,47.96,5685,689154,7.41,62.41,8.05,29.55
2022-02-07T00:00:00.000Z,282,6701983,72.07,1306,6117979,65.79,980,4460580,47.97,5960,695114,7.47,62.47,8.01,29.52
2022-02-08T00:00:00.000Z,315,6702298,72.07,1497,6119476,65.81,1064,4461644,47.98,6137,701251,7.54,62.54,7.97,29.49
2022-02-09T00:00:00.000Z,253,6702551,72.08,1102,6120578,65.82,941,4462585,47.99,4570,705821,7.59,62.6,7.95,29.45
2022-02-10T00:00:00.000Z,270,6702821,72.08,1293,6121871,65.83,931,4463516,48,4815,710636,7.64,62.63,7.93,29.44
2022-02-11T00:00:00.000Z,211,6703032,72.08,555,6122426,65.84,514,4464030,48,2536,713172,7.67,62.67,7.91,29.42
2022-02-12T00:00:00.000Z,31,6703063,72.08,90,6122516,65.84,127,4464157,48.01,268,713440,7.67,62.67,7.91,29.41
2022-02-13T00:00:00.000Z,286,6703349,72.08,945,6123461,65.85,964,4465121,48.02,4996,718436,7.73,62.73,7.87,29.39
2022-02-14T00:00:00.000Z,179,6703528,72.09,626,6124087,65.86,747,4465868,48.02,3143,721579,7.76,62.89,7.74,29.36
2022-02-15T00:00:00.000Z,265,6703793,72.09,764,6124851,65.86,928,4466796,48.03,3816,725395,7.8,62.92,7.73,29.35
2022-02-16T00:00:00.000Z,179,6703972,72.09,577,6125428,65.87,800,4467596,48.04,2487,727882,7.83,62.95,7.72,29.34
2022-02-17T00:00:00.000Z,246,6704218,72.09,738,6126166,65.88,771,4468367,48.05,3059,730941,7.86,62.96,7.7,29.34
2022-02-18T00:00:00.000Z,129,6704347,72.1,337,6126503,65.88,433,4468800,48.06,1118,732059,7.87,62.98,7.69,29.33
2022-02-19T00:00:00.000Z,33,6704380,72.1,83,6126586,65.88,80,4468880,48.06,79,732138,7.87,62.99,7.69,29.32
2022-02-20T00:00:00.000Z,202,6704582,72.1,604,6127190,65.89,717,4469597,48.06,2574,734712,7.9,63.01,7.67,29.32
2022-02-21T00:00:00.000Z,173,6704755,72.1,412,6127602,65.89,488,4470085,48.07,1542,736254,7.92,63.04,7.65,29.31
2022-02-22T00:00:00.000Z,158,6704913,72.1,454,6128056,65.9,561,4470646,48.08,1870,738124,7.94,63.05,7.65,29.3
2022-02-23T00:00:00.000Z,109,6705022,72.1,352,6128408,65.9,450,4471096,48.08,1152,739276,7.95,63.06,7.65,29.29
2022-02-24T00:00:00.000Z,138,6705160,72.1,454,6128862,65.91,563,4471659,48.09,1492,740768,7.97,63.05,7.66,29.29
2022-02-25T00:00:00.000Z,58,6705218,72.1,139,6129001,65.91,188,4471847,48.09,455,741223,7.97,63.06,7.66,29.28
2022-02-26T00:00:00.000Z,15,6705233,72.1,28,6129029,65.91,156,4472003,48.09,35,741258,7.97,63.05,7.67,29.28
2022-02-27T00:00:00.000Z,111,6705344,72.11,341,6129370,65.91,448,4472451,48.09,1118,742376,7.98,63.05,7.67,29.28
2022-02-28T00:00:00.000Z,109,6705453,72.11,271,6129641,65.92,419,4472870,48.1,906,743282,7.99,63.07,7.65,29.28
2022-03-01T00:00:00.000Z,95,6705548,72.11,280,6129921,65.92,372,4473242,48.1,796,744078,8,63.1,7.63,29.27
2022-03-02T00:00:00.000Z,77,6705625,72.11,198,6130119,65.92,323,4473565,48.11,694,744772,8.01,63.11,7.62,29.27
2022-03-03T00:00:00.000Z,157,6705782,72.11,369,6130488,65.92,496,4474061,48.11,985,745757,8.02,63.05,7.67,29.27
2022-03-04T00:00:00.000Z,52,6705834,72.11,167,6130655,65.93,165,4474226,48.11,227,745984,8.02,63.05,7.68,29.27
2022-03-05T00:00:00.000Z,4,6705838,72.11,25,6130680,65.93,43,4474269,48.11,32,746016,8.02,63.04,7.69,29.27
2022-03-06T00:00:00.000Z,98,6705936,72.11,258,6130938,65.93,414,4474683,48.12,759,746775,8.03,63.04,7.69,29.27
2022-03-07T00:00:00.000Z,87,6706023,72.11,259,6131197,65.93,346,4475029,48.12,604,747379,8.04,63.05,7.69,29.26
2022-03-08T00:00:00.000Z,98,6706121,72.11,263,6131460,65.93,333,4475362,48.13,550,747929,8.04,63.04,7.7,29.26
2022-03-09T00:00:00.000Z,88,6706209,72.12,212,6131672,65.94,332,4475694,48.13,492,748421,8.05,63.02,7.72,29.25
2022-03-10T00:00:00.000Z,113,6706322,72.12,373,6132045,65.94,426,4476120,48.13,616,749037,8.05,63.01,7.74,29.25
2022-03-11T00:00:00.000Z,24,6706346,72.12,86,6132131,65.94,122,4476242,48.14,144,749181,8.06,63,7.75,29.25
2022-03-12T00:00:00.000Z,10,6706356,72.12,10,6132141,65.94,31,4476273,48.14,28,749209,8.06,62.98,7.77,29.24
2022-03-13T00:00:00.000Z,100,6706456,72.12,271,6132412,65.94,358,4476631,48.14,594,749803,8.06,62.98,7.78,29.24
2022-03-14T00:00:00.000Z,65,6706521,72.12,252,6132664,65.95,316,4476947,48.14,559,750362,8.07,62.98,7.78,29.24
2022-03-15T00:00:00.000Z,79,6706600,72.12,183,6132847,65.95,291,4477238,48.15,587,750949,8.08,62.95,7.81,29.24
2022-03-16T00:00:00.000Z,75,6706675,72.12,205,6133052,65.95,301,4477539,48.15,668,751617,8.08,62.94,7.82,29.24
2022-03-17T00:00:00.000Z,65,6706740,72.12,121,6133173,65.95,286,4477825,48.15,613,752230,8.09,62.94,7.82,29.24
2022-03-18T00:00:00.000Z,19,6706759,72.12,54,6133227,65.95,99,4477924,48.15,234,752464,8.09,62.94,7.82,29.24
2022-03-19T00:00:00.000Z,5,6706764,72.12,10,6133237,65.95,27,4477951,48.15,38,752502,8.09,62.89,7.88,29.23
2022-03-20T00:00:00.000Z,119,6706883,72.12,258,6133495,65.96,486,4478437,48.16,1428,753930,8.11,62.87,7.89,29.23
2022-03-21T00:00:00.000Z,97,6706980,72.12,246,6133741,65.96,374,4478811,48.16,1132,755062,8.12,62.87,7.9,29.23
2022-03-22T00:00:00.000Z,140,6707120,72.13,341,6134082,65.96,505,4479316,48.17,1769,756831,8.14,62.84,7.94,29.23
2022-03-23T00:00:00.000Z,109,6707229,72.13,211,6134293,65.97,461,4479777,48.17,1674,758505,8.16,62.81,7.97,29.22
2022-03-24T00:00:00.000Z,175,6707404,72.13,345,6134638,65.97,765,4480542,48.18,2360,760865,8.18,62.78,8,29.22
2022-03-25T00:00:00.000Z,38,6707442,72.13,80,6134718,65.97,156,4480698,48.18,628,761493,8.19,62.78,8,29.23
2022-03-26T00:00:00.000Z,12,6707454,72.13,12,6134730,65.97,33,4480731,48.18,91,761584,8.19,62.77,8,29.22
2022-03-27T00:00:00.000Z,165,6707619,72.13,343,6135073,65.97,757,4481488,48.19,3192,764776,8.22,62.75,8.02,29.22
2022-03-28T00:00:00.000Z,113,6707732,72.13,269,6135342,65.98,621,4482109,48.2,2414,767190,8.25,62.75,8.03,29.22
2022-03-29T00:00:00.000Z,125,6707857,72.13,257,6135599,65.98,640,4482749,48.21,2770,769960,8.28,62.7,8.07,29.22
2022-03-30T00:00:00.000Z,132,6707989,72.13,207,6135806,65.98,538,4483287,48.21,2370,772330,8.31,62.81,8.11,29.07
2022-03-31T00:00:00.000Z,166,6708155,72.14,301,6136107,65.98,729,4484016,48.22,2847,775177,8.34,62.79,8.11,29.1
2022-04-01T00:00:00.000Z,122,6708277,72.14,160,6136267,65.99,274,4484290,48.22,583,775760,8.34,62.72,8.13,29.15
2022-04-02T00:00:00.000Z,6,6708283,72.14,6,6136273,65.99,35,4484325,48.22,52,775812,8.34,62.69,8.15,29.16
2022-04-03T00:00:00.000Z,159,6708442,72.14,269,6136542,65.99,569,4484894,48.23,2476,778288,8.37,62.65,8.16,29.19
2022-04-04T00:00:00.000Z,103,6708545,72.14,206,6136748,65.99,482,4485376,48.23,2218,780506,8.39,62.62,8.16,29.22
2022-04-05T00:00:00.000Z,123,6708668,72.14,219,6136967,65.99,512,4485888,48.24,2242,782748,8.42,62.57,8.19,29.25
2022-04-06T00:00:00.000Z,92,6708760,72.14,155,6137122,66,380,4486268,48.24,2017,784765,8.44,62.55,8.2,29.25
2022-04-07T00:00:00.000Z,190,6708950,72.14,215,6137337,66,641,4486909,48.25,2553,787318,8.47,62.56,8.2,29.24
2022-04-08T00:00:00.000Z,30,6708980,72.15,60,6137397,66,152,4487061,48.25,477,787795,8.47,62.54,8.22,29.23
2022-04-09T00:00:00.000Z,6,6708986,72.15,17,6137414,66,26,4487087,48.25,46,787841,8.47,62.52,8.25,29.23
2022-04-10T00:00:00.000Z,102,6709088,72.15,264,6137678,66,429,4487516,48.26,1845,789686,8.49,62.51,8.26,29.23
2022-04-11T00:00:00.000Z,78,6709166,72.15,201,6137879,66,370,4487886,48.26,1425,791111,8.51,62.54,8.26,29.2
2022-04-12T00:00:00.000Z,204,6709370,72.15,168,6138047,66.01,372,4488258,48.26,1359,792470,8.52,62.58,8.29,29.12
2022-04-13T00:00:00.000Z,119,6709489,72.15,150,6138197,66.01,296,4488554,48.27,1216,793686,8.53,62.58,8.31,29.1
2022-04-14T00:00:00.000Z,84,6709573,72.15,221,6138418,66.01,320,4488874,48.27,1068,794754,8.55,62.57,8.33,29.1
2022-04-15T00:00:00.000Z,9,6709582,72.15,51,6138469,66.01,47,4488921,48.27,80,794834,8.55,62.55,8.35,29.1
2022-04-16T00:00:00.000Z,3,6709585,72.15,8,6138477,66.01,21,4488942,48.27,29,794863,8.55,62.53,8.37,29.1
2022-04-17T00:00:00.000Z,62,6709647,72.15,131,6138608,66.01,228,4489170,48.27,807,795670,8.56,62.52,8.38,29.1
2022-04-18T00:00:00.000Z,69,6709716,72.15,107,6138715,66.01,251,4489421,48.28,749,796419,8.56,62.51,8.38,29.1
2022-04-19T00:00:00.000Z,60,6709776,72.15,143,6138858,66.01,272,4489693,48.28,840,797259,8.57,62.5,8.4,29.1
2022-04-20T00:00:00.000Z,60,6709836,72.15,117,6138975,66.02,235,4489928,48.28,651,797910,8.58,62.48,8.42,29.1
2022-04-21T00:00:00.000Z,52,6709888,72.15,107,6139082,66.02,193,4490121,48.28,479,798389,8.59,62.47,8.43,29.1
2022-04-22T00:00:00.000Z,2,6709890,72.15,16,6139098,66.02,18,4490139,48.28,16,798405,8.59,62.45,8.44,29.11
2022-04-23T00:00:00.000Z,6,6709896,72.15,9,6139107,66.02,14,4490153,48.28,13,798418,8.59,62.43,8.46,29.11
2022-04-24T00:00:00.000Z,92,6709988,72.16,250,6139357,66.02,329,4490482,48.29,870,799288,8.6,62.43,8.47,29.1
2022-04-25T00:00:00.000Z,105,6710093,72.16,191,6139548,66.02,315,4490797,48.29,738,800026,8.6,62.43,8.47,29.1
2022-04-26T00:00:00.000Z,75,6710168,72.16,175,6139723,66.02,302,4491099,48.3,786,800812,8.61,62.42,8.48,29.1
2022-04-27T00:00:00.000Z,55,6710223,72.16,160,6139883,66.03,227,4491326,48.3,638,801450,8.62,62.41,8.49,29.1
2022-04-28T00:00:00.000Z,96,6710319,72.16,232,6140115,66.03,327,4491653,48.3,869,802319,8.63,62.41,8.5,29.1
2022-04-29T00:00:00.000Z,108,6710427,72.16,159,6140274,66.03,182,4491835,48.3,196,802515,8.63,62.39,8.51,29.1
2022-04-30T00:00:00.000Z,1,6710428,72.16,3,6140277,66.03,24,4491859,48.3,21,802536,8.63,62.38,8.52,29.1
2022-05-01T00:00:00.000Z,135,6710563,72.16,185,6140462,66.03,316,4492175,48.31,630,803166,8.64,62.38,8.53,29.09
2022-05-02T00:00:00.000Z,62,6710625,72.16,152,6140614,66.03,235,4492410,48.31,489,803655,8.64,62.37,8.54,29.09
2022-05-03T00:00:00.000Z,72,6710697,72.16,151,6140765,66.03,287,4492697,48.31,505,804160,8.65,62.36,8.55,29.09
2022-05-04T00:00:00.000Z,23,6710720,72.16,55,6140820,66.04,63,4492760,48.31,125,804285,8.65,62.35,8.57,29.08
2022-05-05T00:00:00.000Z,4,6710724,72.16,1,6140821,66.04,5,4492765,48.31,11,804296,8.65,62.34,8.58,29.08
2022-05-06T00:00:00.000Z,19,6710743,72.16,59,6140880,66.04,64,4492829,48.31,151,804447,8.65,62.33,8.59,29.08
2022-05-07T00:00:00.000Z,1,6710744,72.16,6,6140886,66.04,25,4492854,48.31,24,804471,8.65,62.32,8.6,29.08
2022-05-08T00:00:00.000Z,118,6710862,72.17,207,6141093,66.04,270,4493124,48.32,457,804928,8.66,62.31,8.61,29.08
2022-05-09T00:00:00.000Z,59,6710921,72.17,162,6141255,66.04,251,4493375,48.32,503,805431,8.66,62.31,8.61,29.08
2022-05-10T00:00:00.000Z,131,6711052,72.17,168,6141423,66.04,260,4493635,48.32,508,805939,8.67,62.3,8.62,29.08
2022-05-11T00:00:00.000Z,58,6711110,72.17,116,6141539,66.04,179,4493814,48.32,463,806402,8.67,62.3,8.63,29.08
2022-05-12T00:00:00.000Z,118,6711228,72.17,200,6141739,66.05,276,4494090,48.33,663,807065,8.68,62.29,8.64,29.07
2022-05-13T00:00:00.000Z,11,6711239,72.17,42,6141781,66.05,70,4494160,48.33,110,807175,8.68,62.28,8.65,29.07
2022-05-14T00:00:00.000Z,6,6711245,72.17,12,6141793,66.05,10,4494170,48.33,22,807197,8.68,62.26,8.66,29.07
2022-05-15T00:00:00.000Z,89,6711334,72.17,175,6141968,66.05,243,4494413,48.33,664,807861,8.69,62.26,8.67,29.07
2022-05-16T00:00:00.000Z,68,6711402,72.17,141,6142109,66.05,230,4494643,48.33,508,808369,8.69,62.19,8.65,29.16
2022-05-17T00:00:00.000Z,73,6711475,72.17,155,6142264,66.05,265,4494908,48.34,616,808985,8.7,62.18,8.66,29.16
2022-05-18T00:00:00.000Z,43,6711518,72.17,98,6142362,66.05,169,4495077,48.34,445,809430,8.7,62.17,8.67,29.16
2022-05-19T00:00:00.000Z,64,6711582,72.17,170,6142532,66.05,211,4495288,48.34,499,809929,8.71,62.16,8.68,29.16
2022-05-20T00:00:00.000Z,75,6711657,72.17,112,6142644,66.05,127,4495415,48.34,138,810067,8.71,62.15,8.69,29.16
2022-05-21T00:00:00.000Z,4,6711661,72.17,7,6142651,66.05,13,4495428,48.34,18,810085,8.71,62.14,8.7,29.16
2022-05-22T00:00:00.000Z,87,6711748,72.17,188,6142839,66.06,216,4495644,48.34,425,810510,8.72,62.14,8.71,29.16
2022-05-23T00:00:00.000Z,64,6711812,72.18,120,6142959,66.06,155,4495799,48.35,343,810853,8.72,62.14,8.71,29.16
2022-05-24T00:00:00.000Z,43,6711855,72.18,119,6143078,66.06,155,4495954,48.35,394,811247,8.72,62.13,8.71,29.15
2022-05-25T00:00:00.000Z,61,6711916,72.18,103,6143181,66.06,165,4496119,48.35,337,811584,8.73,62.12,8.72,29.15
2022-05-26T00:00:00.000Z,72,6711988,72.18,136,6143317,66.06,184,4496303,48.35,348,811932,8.73,62.11,8.73,29.16
2022-05-27T00:00:00.000Z,11,6711999,72.18,28,6143345,66.06,43,4496346,48.35,59,811991,8.73,62.1,8.74,29.16
2022-05-28T00:00:00.000Z,1,6712000,72.18,4,6143349,66.06,7,4496353,48.35,12,812003,8.73,62.09,8.75,29.16
2022-05-29T00:00:00.000Z,89,6712089,72.18,152,6143501,66.06,163,4496516,48.35,314,812317,8.74,62.09,8.75,29.16
2022-05-30T00:00:00.000Z,55,6712144,72.18,132,6143633,66.07,125,4496641,48.35,291,812608,8.74,62.09,8.76,29.16
2022-05-31T00:00:00.000Z,45,6712189,72.18,104,6143737,66.07,153,4496794,48.36,350,812958,8.74,62.07,8.78,29.15
2022-06-01T00:00:00.000Z,63,6712252,72.18,90,6143827,66.07,117,4496911,48.36,275,813233,8.75,61.95,8.9,29.16
2022-06-02T00:00:00.000Z,76,6712328,72.18,156,6143983,66.07,176,4497087,48.36,254,813487,8.75,45.96,24.88,29.15
2022-06-03T00:00:00.000Z,10,6712338,72.18,23,6144006,66.07,21,4497108,48.36,32,813519,8.75,45.9,24.95,29.16
2022-06-04T00:00:00.000Z,0,6712338,72.18,7,6144013,66.07,7,4497115,48.36,5,813524,8.75,45.84,25,29.16
2022-06-05T00:00:00.000Z,11,6712349,72.18,14,6144027,66.07,6,4497121,48.36,2,813526,8.75,45.8,25.05,29.16
2022-06-06T00:00:00.000Z,58,6712407,72.18,144,6144171,66.07,162,4497283,48.36,261,813787,8.75,39.96,30.89,29.16
2022-06-07T00:00:00.000Z,54,6712461,72.18,133,6144304,66.07,141,4497424,48.36,375,814162,8.76,39.92,30.93,29.15
2022-06-08T00:00:00.000Z,57,6712518,72.18,105,6144409,66.07,130,4497554,48.36,496,814658,8.76,39.89,30.96,29.15
2022-06-09T00:00:00.000Z,83,6712601,72.18,206,6144615,66.08,235,4497789,48.37,641,815299,8.77,39.86,30.99,29.15
2022-06-10T00:00:00.000Z,14,6712615,72.18,51,6144666,66.08,59,4497848,48.37,138,815437,8.77,39.83,31.02,29.15
2022-06-11T00:00:00.000Z,0,6712615,72.18,3,6144669,66.08,7,4497855,48.37,19,815456,8.77,39.8,31.05,29.15
2022-06-12T00:00:00.000Z,109,6712724,72.19,199,6144868,66.08,191,4498046,48.37,767,816223,8.78,39.8,31.05,29.15
2022-06-13T00:00:00.000Z,81,6712805,72.19,142,6145010,66.08,166,4498212,48.37,625,816848,8.78,39.81,31.04,29.15
2022-06-14T00:00:00.000Z,116,6712921,72.19,172,6145182,66.08,208,4498420,48.37,759,817607,8.79,39.79,31.06,29.15
2022-06-15T00:00:00.000Z,72,6712993,72.19,141,6145323,66.08,207,4498627,48.38,697,818304,8.8,39.78,31.08,29.15
2022-06-16T00:00:00.000Z,93,6713086,72.19,136,6145459,66.09,217,4498844,48.38,742,819046,8.81,39.74,31.11,29.14
2022-06-17T00:00:00.000Z,16,6713102,72.19,63,6145522,66.09,52,4498896,48.38,122,819168,8.81,39.72,31.14,29.15
2022-06-18T00:00:00.000Z,3,6713105,72.19,4,6145526,66.09,11,4498907,48.38,15,819183,8.81,39.68,31.17,29.14
2022-06-19T00:00:00.000Z,115,6713220,72.19,207,6145733,66.09,317,4499224,48.38,877,820060,8.82,39.53,31.33,29.15
2022-06-20T00:00:00.000Z,99,6713319,72.19,152,6145885,66.09,306,4499530,48.39,922,820982,8.83,33.92,36.85,29.23
2022-06-21T00:00:00.000Z,94,6713413,72.19,155,6146040,66.09,375,4499905,48.39,1228,822210,8.84,33.58,37.19,29.23
2022-06-22T00:00:00.000Z,110,6713523,72.19,133,6146173,66.09,339,4500244,48.39,894,823104,8.85,33.28,37.49,29.23
2022-06-23T00:00:00.000Z,133,6713656,72.2,216,6146389,66.1,524,4500768,48.4,1146,824250,8.86,32.84,37.92,29.23
2022-06-24T00:00:00.000Z,19,6713675,72.2,35,6146424,66.1,109,4500877,48.4,207,824457,8.87,32.43,38.34,29.24
2022-06-25T00:00:00.000Z,1,6713676,72.2,1,6146425,66.1,12,4500889,48.4,16,824473,8.87,32.04,38.72,29.24
2022-06-26T00:00:00.000Z,107,6713783,72.2,158,6146583,66.1,379,4501268,48.4,933,825406,8.88,31.63,39.13,29.24
2022-06-27T00:00:00.000Z,85,6713868,72.2,172,6146755,66.1,391,4501659,48.41,1028,826434,8.89,31.29,39.47,29.24
2022-06-28T00:00:00.000Z,84,6713952,72.2,151,6146906,66.1,362,4502021,48.41,930,827364,8.9,30.86,39.91,29.24
2022-06-29T00:00:00.000Z,76,6714028,72.2,106,6147012,66.1,262,4502283,48.42,814,828178,8.91,30.48,40.28,29.24
2022-06-30T00:00:00.000Z,84,6714112,72.2,164,6147176,66.1,356,4502639,48.42,1057,829235,8.92,30.05,40.71,29.24
2022-07-01T00:00:00.000Z,21,6714133,72.2,28,6147204,66.1,54,4502693,48.42,77,829312,8.92,29.62,41.14,29.24
2022-07-02T00:00:00.000Z,0,6714133,72.2,2,6147206,66.1,7,4502700,48.42,18,829330,8.92,29.2,41.56,29.24
2022-07-03T00:00:00.000Z,98,6714231,72.2,177,6147383,66.11,319,4503019,48.42,637,829967,8.93,28.81,41.95,29.24
2022-07-04T00:00:00.000Z,76,6714307,72.2,140,6147523,66.11,276,4503295,48.43,747,830714,8.93,28.5,42.26,29.24
2022-07-05T00:00:00.000Z,58,6714365,72.2,142,6147665,66.11,301,4503596,48.43,688,831402,8.94,28.06,42.7,29.24
2022-07-06T00:00:00.000Z,78,6714443,72.2,125,6147790,66.11,211,4503807,48.43,643,832045,8.95,27.39,43.37,29.24
2022-07-07T00:00:00.000Z,81,6714524,72.2,163,6147953,66.11,266,4504073,48.43,722,832767,8.96,26.48,44.28,29.24
2022-07-08T00:00:00.000Z,17,6714541,72.2,33,6147986,66.11,68,4504141,48.44,131,832898,8.96,25.47,45.29,29.24
2022-07-09T00:00:00.000Z,0,6714541,72.2,1,6147987,66.11,2,4504143,48.44,1,832899,8.96,24.42,46.34,29.24
2022-07-10T00:00:00.000Z,88,6714629,72.21,164,6148151,66.11,229,4504372,48.44,469,833368,8.96,23.77,46.99,29.24
2022-07-11T00:00:00.000Z,64,6714693,72.21,140,6148291,66.12,245,4504617,48.44,571,833939,8.97,23.22,47.54,29.24
2022-07-12T00:00:00.000Z,69,6714762,72.21,128,6148419,66.12,207,4504824,48.44,556,834495,8.97,22.13,48.63,29.24
2022-07-13T00:00:00.000Z,43,6714805,72.21,100,6148519,66.12,163,4504987,48.44,488,834983,8.98,21.1,49.66,29.24
2022-07-14T00:00:00.000Z,69,6714874,72.21,147,6148666,66.12,208,4505195,48.45,512,835495,8.98,20.12,50.63,29.24
2022-07-15T00:00:00.000Z,58,6714932,72.21,83,6148749,66.12,129,4505324,48.45,165,835660,8.99,19.27,51.48,29.25
2022-07-16T00:00:00.000Z,0,6714932,72.21,6,6148755,66.12,7,4505331,48.45,7,835667,8.99,18.29,52.46,29.25
2022-07-17T00:00:00.000Z,75,6715007,72.21,182,6148937,66.12,241,4505572,48.45,468,836135,8.99,17.83,52.92,29.25
2022-07-18T00:00:00.000Z,62,6715069,72.21,157,6149094,66.12,206,4505778,48.45,510,836645,9,17.48,53.26,29.26
2022-07-19T00:00:00.000Z,61,6715130,72.21,146,6149240,66.13,174,4505952,48.45,368,837013,9,16.77,53.97,29.26
2022-07-20T00:00:00.000Z,52,6715182,72.21,133,6149373,66.13,136,4506088,48.46,421,837434,9.01,16.09,54.64,29.26
2022-07-21T00:00:00.000Z,62,6715244,72.21,157,6149530,66.13,176,4506264,48.46,341,837775,9.01,15.43,55.3,29.27
2022-07-22T00:00:00.000Z,10,6715254,72.21,36,6149566,66.13,41,4506305,48.46,56,837831,9.01,14.64,56.08,29.28
2022-07-23T00:00:00.000Z,0,6715254,72.21,3,6149569,66.13,4,4506309,48.46,9,837840,9.01,14.17,56.55,29.28
2022-07-24T00:00:00.000Z,58,6715312,72.21,126,6149695,66.13,196,4506505,48.46,363,838203,9.01,13.55,57.16,29.29
2022-07-25T00:00:00.000Z,48,6715360,72.21,107,6149802,66.13,170,4506675,48.46,336,838539,9.02,13.09,57.61,29.3
2022-07-26T00:00:00.000Z,47,6715407,72.21,99,6149901,66.13,110,4506785,48.46,270,838809,9.02,12.46,58.23,29.3
2022-07-27T00:00:00.000Z,44,6715451,72.21,125,6150026,66.13,131,4506916,48.47,242,839051,9.02,11.89,58.8,29.31
2022-07-28T00:00:00.000Z,62,6715513,72.22,140,6150166,66.14,147,4507063,48.47,219,839270,9.03,11.35,59.34,29.31
2022-07-29T00:00:00.000Z,10,6715523,72.22,25,6150191,66.14,27,4507090,48.47,30,839300,9.03,10.85,59.83,29.32
2022-07-30T00:00:00.000Z,0,6715523,72.22,0,6150191,66.14,1,4507091,48.47,1,839301,9.03,10.34,60.33,29.33
2022-07-31T00:00:00.000Z,56,6715579,72.22,134,6150325,66.14,131,4507222,48.47,252,839553,9.03,9.97,60.7,29.33
2022-08-01T00:00:00.000Z,54,6715633,72.22,75,6150400,66.14,88,4507310,48.47,152,839705,9.03,9.47,61.19,29.34
2022-08-02T00:00:00.000Z,111,6715744,72.22,119,6150519,66.14,155,4507465,48.47,264,839969,9.03,8.92,61.73,29.35
2022-08-03T00:00:00.000Z,76,6715820,72.22,70,6150589,66.14,92,4507557,48.47,178,840147,9.03,8.46,62.19,29.35
2022-08-04T00:00:00.000Z,127,6715947,72.22,133,6150722,66.14,111,4507668,48.47,244,840391,9.04,8.04,62.61,29.36
2022-08-05T00:00:00.000Z,30,6715977,72.22,22,6150744,66.14,13,4507681,48.47,23,840414,9.04,7.71,62.93,29.36
2022-08-06T00:00:00.000Z,1,6715978,72.22,2,6150746,66.14,1,4507682,48.47,5,840419,9.04,7.32,63.32,29.36
2022-08-07T00:00:00.000Z,75,6716053,72.22,94,6150840,66.14,68,4507750,48.47,168,840587,9.04,6.92,63.71,29.37
2022-08-08T00:00:00.000Z,76,6716129,72.22,93,6150933,66.14,122,4507872,48.48,172,840759,9.04,6.74,63.89,29.37
2022-08-09T00:00:00.000Z,96,6716225,72.22,87,6151020,66.14,99,4507971,48.48,213,840972,9.04,6.25,64.37,29.38
2022-08-10T00:00:00.000Z,77,6716302,72.22,58,6151078,66.15,75,4508046,48.48,115,841087,9.04,5.91,64.71,29.38
2022-08-11T00:00:00.000Z,54,6716356,72.22,101,6151179,66.15,91,4508137,48.48,155,841242,9.05,5.59,65.03,29.38
2022-08-12T00:00:00.000Z,8,6716364,72.22,12,6151191,66.15,17,4508154,48.48,27,841269,9.05,5.35,65.27,29.38
2022-08-13T00:00:00.000Z,0,6716364,72.22,2,6151193,66.15,2,4508156,48.48,3,841272,9.05,5.1,65.52,29.38
2022-08-14T00:00:00.000Z,73,6716437,72.23,75,6151268,66.15,82,4508238,48.48,150,841422,9.05,4.87,65.75,29.39
2022-08-15T00:00:00.000Z,68,6716505,72.23,81,6151349,66.15,93,4508331,48.48,142,841564,9.05,4.74,65.87,29.39
2022-08-16T00:00:00.000Z,81,6716586,72.23,84,6151433,66.15,83,4508414,48.48,186,841750,9.05,4.46,66.15,29.39
2022-08-17T00:00:00.000Z,48,6716634,72.23,55,6151488,66.15,36,4508450,48.48,114,841864,9.05,4.16,66.44,29.39
2022-08-18T00:00:00.000Z,64,6716698,72.23,93,6151581,66.15,119,4508569,48.48,173,842037,9.05,3.98,66.63,29.39
2022-08-19T00:00:00.000Z,73,6716771,72.23,56,6151637,66.15,55,4508624,48.48,45,842082,9.06,3.83,66.78,29.39
2022-08-20T00:00:00.000Z,1,6716772,72.23,1,6151638,66.15,3,4508627,48.48,3,842085,9.06,3.67,66.94,29.39
2022-08-21T00:00:00.000Z,51,6716823,72.23,85,6151723,66.15,84,4508711,48.48,193,842278,9.06,3.52,67.08,29.4
2022-08-22T00:00:00.000Z,89,6716912,72.23,74,6151797,66.15,102,4508813,48.49,143,842421,9.06,3.44,67.16,29.4
2022-08-23T00:00:00.000Z,71,6716983,72.23,106,6151903,66.15,84,4508897,48.49,180,842601,9.06,3.27,67.33,29.4
2022-08-24T00:00:00.000Z,38,6717021,72.23,80,6151983,66.16,48,4508945,48.49,133,842734,9.06,3.15,67.46,29.4
2022-08-25T00:00:00.000Z,53,6717074,72.23,77,6152060,66.16,94,4509039,48.49,192,842926,9.06,3.03,67.57,29.4
2022-08-26T00:00:00.000Z,4,6717078,72.23,15,6152075,66.16,9,4509048,48.49,14,842940,9.06,2.94,67.66,29.4
2022-08-27T00:00:00.000Z,0,6717078,72.23,0,6152075,66.16,0,4509048,48.49,0,842940,9.06,2.84,67.76,29.4
2022-08-28T00:00:00.000Z,55,6717133,72.23,79,6152154,66.16,85,4509133,48.49,102,843042,9.07,2.75,67.85,29.4
2022-08-29T00:00:00.000Z,48,6717181,72.23,68,6152222,66.16,89,4509222,48.49,107,843149,9.07,2.69,67.91,29.4
2022-08-30T00:00:00.000Z,85,6717266,72.23,112,6152334,66.16,85,4509307,48.49,130,843279,9.07,2.6,68,29.4
2022-08-31T00:00:00.000Z,42,6717308,72.23,88,6152422,66.16,70,4509377,48.49,95,843374,9.07,2.53,68.07,29.4
2022-09-01T00:00:00.000Z,27,6717335,72.23,83,6152505,66.16,58,4509435,48.49,113,843487,9.07,2.46,68.14,29.4
2022-09-02T00:00:00.000Z,6,6717341,72.23,20,6152525,66.16,13,4509448,48.49,9,843496,9.07,2.4,68.2,29.4
2022-09-03T00:00:00.000Z,2,6717343,72.23,0,6152525,66.16,3,4509451,48.49,1,843497,9.07,2.33,68.27,29.4
2022-09-04T00:00:00.000Z,51,6717394,72.24,118,6152643,66.16,80,4509531,48.49,120,843617,9.07,2.27,68.32,29.4
2022-09-05T00:00:00.000Z,44,6717438,72.24,77,6152720,66.16,58,4509589,48.49,89,843706,9.07,2.23,68.37,29.4
2022-09-06T00:00:00.000Z,60,6717498,72.24,104,6152824,66.16,78,4509667,48.49,129,843835,9.07,2.17,68.42,29.4
2022-09-07T00:00:00.000Z,27,6717525,72.24,63,6152887,66.17,52,4509719,48.5,94,843929,9.08,2.12,68.47,29.4
2022-09-08T00:00:00.000Z,49,6717574,72.24,95,6152982,66.17,70,4509789,48.5,77,844006,9.08,2.07,68.53,29.4
2022-09-09T00:00:00.000Z,10,6717584,72.24,21,6153003,66.17,16,4509805,48.5,15,844021,9.08,2.03,68.57,29.4
2022-09-10T00:00:00.000Z,0,6717584,72.24,0,6153003,66.17,5,4509810,48.5,1,844022,9.08,1.97,68.62,29.4
2022-09-11T00:00:00.000Z,36,6717620,72.24,115,6153118,66.17,78,4509888,48.5,113,844135,9.08,1.92,68.67,29.41
2022-09-12T00:00:00.000Z,24,6717644,72.24,71,6153189,66.17,52,4509940,48.5,68,844203,9.08,1.88,68.71,29.41
2022-09-13T00:00:00.000Z,44,6717688,72.24,112,6153301,66.17,54,4509994,48.5,103,844306,9.08,1.82,68.77,29.41
2022-09-14T00:00:00.000Z,21,6717709,72.24,63,6153364,66.17,53,4510047,48.5,62,844368,9.08,1.78,68.82,29.41
2022-09-15T00:00:00.000Z,30,6717739,72.24,69,6153433,66.17,61,4510108,48.5,104,844472,9.08,1.73,68.86,29.41
2022-09-16T00:00:00.000Z,48,6717787,72.24,45,6153478,66.17,27,4510135,48.5,33,844505,9.08,1.7,68.89,29.41
2022-09-17T00:00:00.000Z,2,6717789,72.24,0,6153478,66.17,1,4510136,48.5,0,844505,9.08,1.66,68.93,29.41
2022-09-18T00:00:00.000Z,24,6717813,72.24,65,6153543,66.17,52,4510188,48.5,114,844619,9.08,1.63,68.96,29.41
2022-09-19T00:00:00.000Z,27,6717840,72.24,74,6153617,66.17,44,4510232,48.5,56,844675,9.08,1.61,68.98,29.41
2022-09-20T00:00:00.000Z,41,6717881,72.24,92,6153709,66.17,75,4510307,48.5,102,844777,9.08,1.56,69.03,29.41
2022-09-21T00:00:00.000Z,20,6717901,72.24,53,6153762,66.17,31,4510338,48.5,66,844843,9.09,1.55,69.05,29.41
2022-09-22T00:00:00.000Z,40,6717941,72.24,59,6153821,66.18,43,4510381,48.5,231,845074,9.09,1.52,69.07,29.4
2022-09-23T00:00:00.000Z,22,6717963,72.24,28,6153849,66.18,34,4510415,48.5,244,845318,9.09,1.5,69.1,29.41
2022-09-24T00:00:00.000Z,0,6717963,72.24,0,6153849,66.18,0,4510415,48.5,0,845318,9.09,1.47,69.13,29.41
2022-09-25T00:00:00.000Z,0,6717963,72.24,0,6153849,66.18,0,4510415,48.5,0,845318,9.09,1.46,69.14,29.41
