Day_Date,vaccinated,vaccinated_cum,vaccinated_population_perc,vaccinated_seconde_dose,vaccinated_seconde_dose_cum,vaccinated_seconde_dose_population_perc,vaccinated_third_dose,vaccinated_third_dose_cum,vaccinated_third_dose_population_perc,vaccinated_fourth_dose,vaccinated_fourth_dose_cum,vaccinated_fourth_dose_population_perc,vaccinated_validity_perc,vaccinated_expired_perc,not_vaccinated_perc
2020-12-19T00:00:00.000Z,46,70,0,0,4,0,0,0,0,0,0,0,0,0,100
2020-12-20T00:00:00.000Z,7394,7464,0.08,0,4,0,0,0,0,0,0,0,0,0,100
2020-12-21T00:00:00.000Z,24923,32387,0.35,0,4,0,0,0,0,0,0,0,0,0,100
2020-12-22T00:00:00.000Z,44662,77049,0.83,0,4,0,0,0,0,0,0,0,0,0,100
2020-12-23T00:00:00.000Z,62914,139963,1.51,0,4,0,0,0,0,0,0,0,0,0,100
2020-12-24T00:00:00.000Z,73425,213388,2.29,0,4,0,0,0,0,0,0,0,0,0,100
2020-12-25T00:00:00.000Z,38514,251902,2.71,0,4,0,0,0,0,0,0,0,0,0,100
2020-12-26T00:00:00.000Z,32617,284519,3.06,0,4,0,0,0,0,0,0,0,0,0,100
2020-12-27T00:00:00.000Z,104565,389084,4.18,0,4,0,0,0,0,0,0,0,0,0,100
2020-12-28T00:00:00.000Z,135021,524105,5.64,0,4,0,0,0,0,0,0,0,0,0,100
2020-12-29T00:00:00.000Z,156317,680422,7.32,2,6,0,0,0,0,0,0,0,0,0,100
2020-12-30T00:00:00.000Z,153166,833588,8.96,0,6,0,0,0,0,0,0,0,0,0,100
2020-12-31T00:00:00.000Z,158567,992155,10.67,0,6,0,0,0,0,0,0,0,0,0,100
2021-01-01T00:00:00.000Z,71425,1063580,11.44,0,6,0,0,0,0,0,0,0,0,0,100
2021-01-02T00:00:00.000Z,71737,1135317,12.21,0,6,0,0,0,0,0,0,0,0,0,100
2021-01-03T00:00:00.000Z,149754,1285071,13.82,0,6,0,0,0,0,0,0,0,0,0,100
2021-01-04T00:00:00.000Z,152186,1437257,15.46,1,7,0,0,0,0,0,0,0,0,0,100
2021-01-05T00:00:00.000Z,125196,1562453,16.8,4,11,0,0,0,0,0,0,0,0,0,100
2021-01-06T00:00:00.000Z,103359,1665812,17.91,2,13,0,0,0,0,0,0,0,0,0,100
2021-01-07T00:00:00.000Z,116044,1781856,19.16,9,22,0,0,0,0,0,0,0,0,0,100
2021-01-08T00:00:00.000Z,66452,1848308,19.88,4,26,0,0,0,0,0,0,0,0,0,100
2021-01-09T00:00:00.000Z,44542,1892850,20.35,24,50,0,0,0,0,0,0,0,0,0,100
2021-01-10T00:00:00.000Z,37646,1930496,20.76,6000,6050,0.07,0,0,0,0,0,0,0,0,100
2021-01-11T00:00:00.000Z,21170,1951666,20.99,19264,25314,0.27,0,0,0,0,0,0,0,0,100
2021-01-12T00:00:00.000Z,24070,1975736,21.25,35671,60985,0.66,0,0,0,0,0,0,0,0,100
2021-01-13T00:00:00.000Z,52066,2027802,21.81,56873,117858,1.27,0,0,0,0,0,0,0,0,100
2021-01-14T00:00:00.000Z,56470,2084272,22.41,68834,186692,2.01,0,0,0,0,0,0,0,0,100
2021-01-15T00:00:00.000Z,30771,2115043,22.74,35939,222631,2.39,0,0,0,0,0,0,0,0,100
2021-01-16T00:00:00.000Z,29478,2144521,23.06,26006,248637,2.67,0,0,0,0,0,0,0,0,100
2021-01-17T00:00:00.000Z,68430,2212951,23.8,84592,333229,3.58,0,0,0,0,0,0,0.31,0,99.69
2021-01-18T00:00:00.000Z,69811,2282762,24.55,120426,453655,4.88,0,0,0,0,0,0,0.58,0,99.42
2021-01-19T00:00:00.000Z,72887,2355649,25.33,137834,591489,6.36,0,0,0,0,0,0,1.09,0,98.91
2021-01-20T00:00:00.000Z,76907,2432556,26.16,143755,735244,7.91,0,0,0,0,0,0,1.9,0,98.1
2021-01-21T00:00:00.000Z,69994,2502550,26.91,164448,899692,9.67,0,0,0,0,0,0,2.88,0,97.12
2021-01-22T00:00:00.000Z,37921,2540471,27.32,71128,970820,10.44,0,0,0,0,0,0,3.39,0,96.61
2021-01-23T00:00:00.000Z,39964,2580435,27.75,53588,1024408,11.02,0,0,0,0,0,0,3.77,0,96.23
2021-01-24T00:00:00.000Z,69141,2649576,28.49,140696,1165104,12.53,0,0,0,0,0,0,4.96,0,95.04
2021-01-25T00:00:00.000Z,80940,2730516,29.36,139508,1304612,14.03,0,0,0,0,0,0,6.61,0,93.39
2021-01-26T00:00:00.000Z,78720,2809236,30.21,126429,1431041,15.39,0,0,0,0,0,0,8.45,0,91.55
2021-01-27T00:00:00.000Z,77967,2887203,31.05,125059,1556100,16.73,0,0,0,0,0,0,10.34,0,89.66
2021-01-28T00:00:00.000Z,79566,2966769,31.9,130613,1686713,18.14,0,0,0,0,0,0,12.43,0,87.57
2021-01-29T00:00:00.000Z,36698,3003467,32.3,64787,1751500,18.83,0,0,0,0,0,0,13.34,0,86.66
2021-01-30T00:00:00.000Z,34392,3037859,32.67,42759,1794259,19.29,0,0,0,0,0,0,14.02,0,85.98
2021-01-31T00:00:00.000Z,73327,3111186,33.46,59496,1853755,19.93,0,0,0,0,0,0,15.76,0,84.24
2021-02-01T00:00:00.000Z,82498,3193684,34.34,35353,1889108,20.31,0,0,0,0,0,0,17.48,0,82.52
2021-02-02T00:00:00.000Z,70091,3263775,35.1,31065,1920173,20.65,0,0,0,0,0,0,19.01,0,80.99
2021-02-03T00:00:00.000Z,60303,3324078,35.75,51436,1971609,21.2,0,0,0,0,0,0,20.47,0,79.53
2021-02-04T00:00:00.000Z,72624,3396702,36.53,58094,2029703,21.83,0,0,0,0,0,0,22,0,78
2021-02-05T00:00:00.000Z,33940,3430642,36.89,28802,2058505,22.14,0,0,0,0,0,0,22.75,0,77.25
2021-02-06T00:00:00.000Z,21620,3452262,37.12,22228,2080733,22.38,0,0,0,0,0,0,23.23,0,76.77
2021-02-07T00:00:00.000Z,54075,3506337,37.71,68729,2149462,23.11,0,0,0,0,0,0,23.99,0,76.01
2021-02-08T00:00:00.000Z,58633,3564970,38.34,65461,2214923,23.82,0,0,0,0,0,0,24.52,0,75.48
2021-02-09T00:00:00.000Z,66344,3631314,39.05,67569,2282492,24.54,0,0,0,0,0,0,25.04,0,74.96
2021-02-10T00:00:00.000Z,70559,3701873,39.81,72305,2354797,25.32,0,0,0,0,0,0,25.77,0,74.23
2021-02-11T00:00:00.000Z,81159,3783032,40.68,72099,2426896,26.1,0,0,0,0,0,0,26.61,0,73.39
2021-02-12T00:00:00.000Z,39097,3822129,41.1,37589,2464485,26.5,0,0,0,0,0,0,27.02,0,72.98
2021-02-13T00:00:00.000Z,27462,3849591,41.4,30440,2494925,26.83,0,0,0,0,0,0,27.33,0,72.67
2021-02-14T00:00:00.000Z,74910,3924501,42.2,69078,2564003,27.57,0,0,0,0,0,0,28.25,0,71.75
2021-02-15T00:00:00.000Z,81540,4006041,43.08,75716,2639719,28.39,0,0,0,0,0,0,29.17,0,70.83
2021-02-16T00:00:00.000Z,83413,4089454,43.98,78290,2718009,29.23,0,0,0,0,0,0,30.11,0,69.89
2021-02-17T00:00:00.000Z,61976,4151430,44.64,75634,2793643,30.04,0,0,0,0,0,0,31.01,0,68.99
2021-02-18T00:00:00.000Z,69149,4220579,45.39,79733,2873376,30.9,0,0,0,0,0,0,31.94,0,68.06
2021-02-19T00:00:00.000Z,39669,4260248,45.81,38157,2911533,31.31,0,0,0,0,0,0,32.45,0,67.55
2021-02-20T00:00:00.000Z,31649,4291897,46.15,28723,2940256,31.62,0,0,0,0,0,0,32.85,0,67.15
2021-02-21T00:00:00.000Z,79431,4371328,47.01,78442,3018698,32.46,0,0,0,0,0,0,33.8,0,66.2
2021-02-22T00:00:00.000Z,85055,4456383,47.92,80590,3099288,33.33,0,0,0,0,0,0,34.83,0,65.17
2021-02-23T00:00:00.000Z,77320,4533703,48.75,70476,3169764,34.09,0,0,0,0,0,0,35.84,0,64.16
2021-02-24T00:00:00.000Z,61064,4594767,49.41,63140,3232904,34.77,0,0,0,0,0,0,36.76,0,63.24
2021-02-25T00:00:00.000Z,51725,4646492,49.97,64799,3297703,35.46,0,0,0,0,0,0,37.66,0,62.34
2021-02-26T00:00:00.000Z,25908,4672400,50.24,32038,3329741,35.81,0,0,0,0,0,0,38.1,0,61.9
2021-02-27T00:00:00.000Z,18348,4690748,50.44,21195,3350936,36.03,0,0,0,0,0,0,38.42,0,61.58
2021-02-28T00:00:00.000Z,40358,4731106,50.88,55870,3406806,36.64,0,0,0,0,0,0,39.24,0,60.76
2021-03-01T00:00:00.000Z,45740,4776846,51.37,61434,3468240,37.3,0,0,0,0,0,0,40.1,0,59.9
2021-03-02T00:00:00.000Z,41195,4818041,51.81,64793,3533033,37.99,0,0,0,0,0,0,40.85,0,59.15
2021-03-03T00:00:00.000Z,42020,4860061,52.26,66784,3599817,38.71,0,0,0,0,0,0,41.55,0,58.45
2021-03-04T00:00:00.000Z,39711,4899772,52.69,79114,3678931,39.56,0,0,0,0,0,0,42.24,0,57.76
2021-03-05T00:00:00.000Z,17359,4917131,52.88,40462,3719393,40,0,0,0,0,0,0,42.57,0,57.43
2021-03-06T00:00:00.000Z,10718,4927849,52.99,25345,3744738,40.27,0,0,0,0,0,0,42.78,0,57.22
2021-03-07T00:00:00.000Z,31152,4959001,53.33,72840,3817578,41.05,0,0,0,0,0,0,43.36,0,56.64
2021-03-08T00:00:00.000Z,27382,4986383,53.62,73291,3890869,41.84,0,0,0,0,0,0,43.97,0,56.03
2021-03-09T00:00:00.000Z,26751,5013134,53.91,76595,3967464,42.66,0,0,0,0,0,0,44.62,0,55.38
2021-03-10T00:00:00.000Z,23364,5036498,54.16,58679,4026143,43.3,0,0,0,0,0,0,45.27,0,54.73
2021-03-11T00:00:00.000Z,23296,5059794,54.41,69088,4095231,44.04,0,0,0,0,0,0,45.99,0,54.01
2021-03-12T00:00:00.000Z,11292,5071086,54.53,41411,4136642,44.48,0,0,0,0,0,0,46.34,0,53.66
2021-03-13T00:00:00.000Z,7948,5079034,54.62,25239,4161881,44.75,0,0,0,0,0,0,46.57,0,53.43
2021-03-14T00:00:00.000Z,20984,5100018,54.84,73932,4235813,45.55,0,0,0,0,0,0,47.2,0,52.8
2021-03-15T00:00:00.000Z,20138,5120156,55.06,78278,4314091,46.39,0,0,0,0,0,0,47.81,0,52.19
2021-03-16T00:00:00.000Z,18750,5138906,55.26,71474,4385565,47.16,0,0,0,0,0,0,48.43,0,51.57
2021-03-17T00:00:00.000Z,17700,5156606,55.45,59000,4444565,47.79,0,0,0,0,0,0,48.92,0,51.08
2021-03-18T00:00:00.000Z,16044,5172650,55.62,58125,4502690,48.42,0,0,0,0,0,0,49.45,0,50.55
2021-03-19T00:00:00.000Z,6952,5179602,55.7,27977,4530667,48.72,0,0,0,0,0,0,49.75,0,50.25
2021-03-20T00:00:00.000Z,5225,5184827,55.76,15298,4545965,48.89,0,0,0,0,0,0,49.93,0,50.07
2021-03-21T00:00:00.000Z,13168,5197995,55.9,40504,4586469,49.32,0,0,0,0,0,0,50.46,0,49.54
2021-03-22T00:00:00.000Z,13571,5211566,56.04,40535,4627004,49.76,0,0,0,0,0,0,51,0,49
2021-03-23T00:00:00.000Z,2841,5214407,56.07,7297,4634301,49.84,0,0,0,0,0,0,51.43,0,48.57
2021-03-24T00:00:00.000Z,10991,5225398,56.19,46553,4680854,50.34,0,0,0,0,0,0,51.84,0,48.16
2021-03-25T00:00:00.000Z,10259,5235657,56.3,35432,4716286,50.72,0,0,0,0,0,0,52.22,0,47.78
2021-03-26T00:00:00.000Z,4180,5239837,56.35,13329,4729615,50.86,0,0,0,0,0,0,52.4,0,47.6
2021-03-27T00:00:00.000Z,1784,5241621,56.37,4267,4733882,50.91,0,0,0,0,0,0,52.5,0,47.5
2021-03-28T00:00:00.000Z,2110,5243731,56.39,4609,4738491,50.96,0,0,0,0,0,0,52.74,0,47.26
2021-03-29T00:00:00.000Z,6906,5250637,56.46,30014,4768505,51.28,0,0,0,0,0,0,53,0,47
2021-03-30T00:00:00.000Z,7885,5258522,56.55,22449,4790954,51.52,0,0,0,0,0,0,53.08,0,46.92
2021-03-31T00:00:00.000Z,8146,5266668,56.64,19490,4810444,51.73,0,0,0,0,0,0,53.38,0,46.62
2021-04-01T00:00:00.000Z,8201,5274869,56.72,18697,4829141,51.93,0,0,0,0,0,0,53.62,0,46.38
2021-04-02T00:00:00.000Z,2931,5277800,56.75,8127,4837268,52.02,0,0,0,0,0,0,53.71,0,46.29
2021-04-03T00:00:00.000Z,1431,5279231,56.77,2978,4840246,52.05,0,0,0,0,0,0,53.74,0,46.26
2021-04-04T00:00:00.000Z,9617,5288848,56.87,22830,4863076,52.3,0,0,0,0,0,0,53.82,0,46.18
2021-04-05T00:00:00.000Z,10357,5299205,56.98,21269,4884345,52.52,0,0,0,0,0,0,54.04,0,45.96
2021-04-06T00:00:00.000Z,9022,5308227,57.08,16786,4901131,52.7,0,0,0,0,0,0,54.21,0,45.79
2021-04-07T00:00:00.000Z,8920,5317147,57.18,15305,4916436,52.87,0,0,0,0,0,0,54.36,0,45.64
2021-04-08T00:00:00.000Z,9422,5326569,57.28,17003,4933439,53.05,0,0,0,0,0,0,54.52,0,45.48
2021-04-09T00:00:00.000Z,3606,5330175,57.32,6249,4939688,53.12,0,0,0,0,0,0,54.58,0,45.42
2021-04-10T00:00:00.000Z,1630,5331805,57.34,3519,4943207,53.16,0,0,0,0,0,0,54.61,0,45.39
2021-04-11T00:00:00.000Z,9036,5340841,57.43,14248,4957455,53.31,0,0,0,0,0,0,54.78,0,45.22
2021-04-12T00:00:00.000Z,8932,5349773,57.53,13228,4970683,53.45,0,0,0,0,0,0,54.95,0,45.05
2021-04-13T00:00:00.000Z,5837,5355610,57.59,4958,4975641,53.51,0,0,0,0,0,0,55.08,0,44.92
2021-04-14T00:00:00.000Z,3643,5359253,57.63,5302,4980943,53.56,0,0,0,0,0,0,55.18,0,44.82
2021-04-15T00:00:00.000Z,690,5359943,57.64,576,4981519,53.57,0,0,0,0,0,0,55.27,0,44.73
2021-04-16T00:00:00.000Z,3408,5363351,57.67,6642,4988161,53.64,0,0,0,0,0,0,55.33,0,44.67
2021-04-17T00:00:00.000Z,818,5364169,57.68,1971,4990132,53.66,0,0,0,0,0,0,55.35,0,44.65
2021-04-18T00:00:00.000Z,7091,5371260,57.76,7432,4997564,53.74,0,0,0,0,0,0,55.47,0,44.53
2021-04-19T00:00:00.000Z,6395,5377655,57.83,7124,5004688,53.82,0,0,0,0,0,0,55.58,0,44.42
2021-04-20T00:00:00.000Z,6275,5383930,57.9,6884,5011572,53.89,0,0,0,0,0,0,55.65,0,44.35
2021-04-21T00:00:00.000Z,6370,5390300,57.96,7102,5018674,53.97,0,0,0,0,0,0,55.71,0,44.29
2021-04-22T00:00:00.000Z,5940,5396240,58.03,7683,5026357,54.05,0,0,0,0,0,0,55.75,0,44.25
2021-04-23T00:00:00.000Z,2756,5398996,58.06,3384,5029741,54.09,0,0,0,0,0,0,55.8,0,44.2
2021-04-24T00:00:00.000Z,766,5399762,58.07,1287,5031028,54.1,0,0,0,0,0,0,55.82,0,44.18
2021-04-25T00:00:00.000Z,4827,5404589,58.12,6919,5037947,54.18,0,0,0,0,0,0,55.89,0,44.11
2021-04-26T00:00:00.000Z,5472,5410061,58.18,7886,5045833,54.26,0,0,0,0,0,0,55.96,0,44.04
2021-04-27T00:00:00.000Z,4502,5414563,58.23,6619,5052452,54.33,0,0,0,0,0,0,56.03,0,43.97
2021-04-28T00:00:00.000Z,4490,5419053,58.27,7322,5059774,54.41,0,0,0,0,0,0,56.09,0,43.91
2021-04-29T00:00:00.000Z,4369,5423422,58.32,7286,5067060,54.49,0,0,0,0,0,0,56.16,0,43.84
2021-04-30T00:00:00.000Z,1917,5425339,58.34,3198,5070258,54.52,0,0,0,0,0,0,56.19,0,43.81
2021-05-01T00:00:00.000Z,457,5425796,58.35,892,5071150,54.53,0,0,0,0,0,0,56.2,0,43.8
2021-05-02T00:00:00.000Z,3224,5429020,58.38,6087,5077237,54.6,0,0,0,0,0,0,56.26,0,43.74
2021-05-03T00:00:00.000Z,3533,5432553,58.42,5828,5083065,54.66,0,0,0,0,0,0,56.32,0,43.68
2021-05-04T00:00:00.000Z,3584,5436137,58.46,4729,5087794,54.71,0,0,0,0,0,0,56.38,0,43.62
2021-05-05T00:00:00.000Z,3287,5439424,58.49,4086,5091880,54.76,0,0,0,0,0,0,56.44,0,43.56
2021-05-06T00:00:00.000Z,3639,5443063,58.53,3140,5095020,54.79,0,0,0,0,0,0,56.5,0,43.5
2021-05-07T00:00:00.000Z,1837,5444900,58.55,2500,5097520,54.82,0,0,0,0,0,0,56.52,0,43.48
2021-05-08T00:00:00.000Z,235,5445135,58.55,504,5098024,54.82,0,0,0,0,0,0,56.53,0,43.47
2021-05-09T00:00:00.000Z,2848,5447983,58.58,4746,5102770,54.87,0,0,0,0,0,0,56.58,0,43.42
2021-05-10T00:00:00.000Z,2891,5450874,58.62,4702,5107472,54.92,0,0,0,0,0,0,56.63,0,43.37
2021-05-11T00:00:00.000Z,2619,5453493,58.64,3876,5111348,54.96,0,0,0,0,0,0,56.67,0,43.33
2021-05-12T00:00:00.000Z,2026,5455519,58.67,3334,5114682,55,0,0,0,0,0,0,56.7,0,43.3
2021-05-13T00:00:00.000Z,2038,5457557,58.69,3678,5118360,55.04,0,0,0,0,0,0,56.73,0,43.27
2021-05-14T00:00:00.000Z,972,5458529,58.7,1489,5119849,55.06,0,0,0,0,0,0,56.75,0,43.25
2021-05-15T00:00:00.000Z,251,5458780,58.7,255,5120104,55.06,0,0,0,0,0,0,56.75,0,43.25
2021-05-16T00:00:00.000Z,528,5459308,58.71,1203,5121307,55.07,0,0,0,0,0,0,56.78,0,43.22
2021-05-17T00:00:00.000Z,296,5459604,58.71,841,5122148,55.08,0,0,0,0,0,0,56.81,0,43.19
2021-05-18T00:00:00.000Z,1957,5461561,58.73,4934,5127082,55.13,0,0,0,0,0,0,56.84,0,43.16
2021-05-19T00:00:00.000Z,2225,5463786,58.75,5034,5132116,55.19,0,0,0,0,0,0,56.87,0,43.13
2021-05-20T00:00:00.000Z,2307,5466093,58.78,3876,5135992,55.23,0,0,0,0,0,0,56.9,0,43.1
2021-05-21T00:00:00.000Z,1182,5467275,58.79,1403,5137395,55.24,0,0,0,0,0,0,56.92,0,43.08
2021-05-22T00:00:00.000Z,205,5467480,58.79,395,5137790,55.25,0,0,0,0,0,0,56.92,0,43.08
2021-05-23T00:00:00.000Z,2271,5469751,58.82,3214,5141004,55.28,0,0,0,0,0,0,56.94,0,43.06
2021-05-24T00:00:00.000Z,2128,5471879,58.84,3595,5144599,55.32,0,0,0,0,0,0,56.96,0,43.04
2021-05-25T00:00:00.000Z,1815,5473694,58.86,2583,5147182,55.35,0,0,0,0,0,0,56.99,0,43.01
2021-05-26T00:00:00.000Z,1403,5475097,58.88,2500,5149682,55.38,0,0,0,0,0,0,57.03,0,42.97
2021-05-27T00:00:00.000Z,1851,5476948,58.9,3182,5152864,55.41,0,0,0,0,0,0,57.06,0,42.94
2021-05-28T00:00:00.000Z,779,5477727,58.9,1402,5154266,55.43,0,0,0,0,0,0,57.07,0,42.93
2021-05-29T00:00:00.000Z,187,5477914,58.91,223,5154489,55.43,0,0,0,0,0,0,57.07,0,42.93
2021-05-30T00:00:00.000Z,1642,5479556,58.92,1936,5156425,55.45,0,0,0,0,0,0,57.1,0,42.9
2021-05-31T00:00:00.000Z,1731,5481287,58.94,2089,5158514,55.47,0,0,0,0,0,0,57.13,0,42.87
2021-06-01T00:00:00.000Z,1373,5482660,58.96,1818,5160332,55.49,0,0,0,0,0,0,57.47,0,42.53
2021-06-02T00:00:00.000Z,1509,5484169,58.97,1604,5161936,55.51,0,0,0,0,0,0,57.25,0,42.75
2021-06-03T00:00:00.000Z,1680,5485849,58.99,1486,5163422,55.52,0,0,0,0,0,0,57.27,0,42.73
2021-06-04T00:00:00.000Z,1093,5486942,59,777,5164199,55.53,0,0,0,0,0,0,57.28,0,42.72
2021-06-05T00:00:00.000Z,180,5487122,59.01,158,5164357,55.53,0,0,0,0,0,0,57.29,0,42.71
2021-06-06T00:00:00.000Z,4288,5491410,59.05,1002,5165359,55.55,0,0,0,0,0,0,57.31,0,42.69
2021-06-07T00:00:00.000Z,4433,5495843,59.1,808,5166167,55.55,0,0,0,0,0,0,57.34,0,42.66
2021-06-08T00:00:00.000Z,3733,5499576,59.14,1167,5167334,55.57,0,0,0,0,0,0,57.36,0,42.64
2021-06-09T00:00:00.000Z,3609,5503185,59.18,1322,5168656,55.58,0,0,0,0,0,0,57.4,0,42.6
2021-06-10T00:00:00.000Z,3353,5506538,59.21,1293,5169949,55.6,0,0,0,0,0,0,57.42,0,42.58
2021-06-11T00:00:00.000Z,1393,5507931,59.23,580,5170529,55.6,0,0,0,0,0,0,57.43,0,42.57
2021-06-12T00:00:00.000Z,214,5508145,59.23,170,5170699,55.6,0,0,0,0,0,0,57.43,0,42.57
2021-06-13T00:00:00.000Z,3100,5511245,59.27,1257,5171956,55.62,0,0,0,0,0,0,57.45,0,42.55
2021-06-14T00:00:00.000Z,3053,5514298,59.3,1524,5173480,55.63,0,0,0,0,0,0,57.46,0,42.54
2021-06-15T00:00:00.000Z,3136,5517434,59.33,1369,5174849,55.65,0,0,0,0,0,0,57.48,0,42.52
2021-06-16T00:00:00.000Z,2726,5520160,59.36,996,5175845,55.66,0,0,0,0,0,0,57.49,0,42.51
2021-06-17T00:00:00.000Z,2723,5522883,59.39,1196,5177041,55.67,0,0,0,0,0,0,57.51,0,42.49
2021-06-18T00:00:00.000Z,1263,5524146,59.4,504,5177545,55.68,0,0,0,0,0,0,57.52,0,42.48
2021-06-19T00:00:00.000Z,240,5524386,59.41,138,5177683,55.68,0,0,0,0,0,0,57.52,0,42.48
2021-06-20T00:00:00.000Z,3313,5527699,59.44,1330,5179013,55.69,0,0,0,0,0,0,57.54,0,42.46
2021-06-21T00:00:00.000Z,5235,5532934,59.5,1212,5180225,55.71,0,0,0,0,0,0,57.56,0,42.44
2021-06-22T00:00:00.000Z,6920,5539854,59.57,1096,5181321,55.72,0,0,0,0,0,0,57.58,0,42.42
2021-06-23T00:00:00.000Z,10748,5550602,59.69,1294,5182615,55.73,0,0,0,0,0,0,57.6,0,42.4
2021-06-24T00:00:00.000Z,12038,5562640,59.82,1463,5184078,55.75,0,0,0,0,0,0,57.62,0,42.38
2021-06-25T00:00:00.000Z,7109,5569749,59.89,939,5185017,55.76,0,0,0,0,0,0,57.62,0,42.38
2021-06-26T00:00:00.000Z,2267,5572016,59.92,197,5185214,55.76,0,0,0,0,0,0,57.63,0,42.37
2021-06-27T00:00:00.000Z,13628,5585644,60.07,3434,5188648,55.8,0,0,0,0,0,0,57.65,0,42.35
2021-06-28T00:00:00.000Z,14514,5600158,60.22,3673,5192321,55.84,0,0,0,0,0,0,57.68,0,42.32
2021-06-29T00:00:00.000Z,16705,5616863,60.4,3739,5196060,55.88,0,0,0,0,0,0,57.69,0,42.31
2021-06-30T00:00:00.000Z,16480,5633343,60.58,3391,5199451,55.91,0,0,0,0,0,0,57.72,0,42.28
2021-07-01T00:00:00.000Z,16822,5650165,60.76,3369,5202820,55.95,118,118,0,0,0,0,57.78,0,42.22
2021-07-02T00:00:00.000Z,9826,5659991,60.86,1597,5204417,55.97,7,125,0,0,0,0,57.79,0,42.21
2021-07-03T00:00:00.000Z,2674,5662665,60.89,296,5204713,55.97,1,126,0,0,0,0,57.79,0,42.21
2021-07-04T00:00:00.000Z,17731,5680396,61.08,3158,5207871,56,2,128,0,0,0,0,57.85,0,42.15
2021-07-05T00:00:00.000Z,17844,5698240,61.28,3042,5210913,56.04,7,135,0,0,0,0,57.91,0,42.09
2021-07-06T00:00:00.000Z,17840,5716080,61.47,3404,5214317,56.07,11,146,0,0,0,0,57.99,0,42.01
2021-07-07T00:00:00.000Z,15522,5731602,61.63,2695,5217012,56.1,12,158,0,0,0,0,58.05,0,41.95
2021-07-08T00:00:00.000Z,16581,5748183,61.81,2873,5219885,56.13,17,175,0,0,0,0,58.12,0,41.88
2021-07-09T00:00:00.000Z,11121,5759304,61.93,1531,5221416,56.15,4,179,0,0,0,0,58.15,0,41.85
2021-07-10T00:00:00.000Z,4987,5764291,61.99,386,5221802,56.15,6,185,0,0,0,0,58.15,0,41.85
2021-07-11T00:00:00.000Z,1454,5765745,62,2847,5224649,56.18,8,193,0,0,0,0,58.22,0,41.78
2021-07-12T00:00:00.000Z,2420,5768165,62.03,3679,5228328,56.22,56,249,0,0,0,0,58.29,0,41.71
2021-07-13T00:00:00.000Z,2955,5771120,62.06,5456,5233784,56.28,124,373,0,0,0,0,58.36,0,41.64
2021-07-14T00:00:00.000Z,2739,5773859,62.09,7526,5241310,56.36,441,814,0.01,0,0,0,58.42,0,41.58
2021-07-15T00:00:00.000Z,2999,5776858,62.12,9286,5250596,56.46,374,1188,0.01,0,0,0,58.5,0,41.5
2021-07-16T00:00:00.000Z,1283,5778141,62.14,5894,5256490,56.53,66,1254,0.01,0,0,0,58.54,0,41.46
2021-07-17T00:00:00.000Z,369,5778510,62.14,1388,5257878,56.54,7,1261,0.01,0,0,0,58.55,0,41.44
2021-07-18T00:00:00.000Z,2070,5780580,62.16,9767,5267645,56.65,235,1496,0.02,0,0,0,58.6,0,41.4
2021-07-19T00:00:00.000Z,3208,5783788,62.2,11341,5278986,56.77,461,1957,0.02,0,0,0,58.65,0,41.35
2021-07-20T00:00:00.000Z,2681,5786469,62.22,11905,5290891,56.9,373,2330,0.03,0,0,0,58.72,0,41.28
2021-07-21T00:00:00.000Z,2398,5788867,62.25,11873,5302764,57.02,325,2655,0.03,0,0,0,58.81,0,41.19
2021-07-22T00:00:00.000Z,2871,5791738,62.28,13267,5316031,57.17,391,3046,0.03,0,0,0,58.93,0,41.07
2021-07-23T00:00:00.000Z,2032,5793770,62.3,8236,5324267,57.25,106,3152,0.03,0,0,0,58.99,0,41.01
2021-07-24T00:00:00.000Z,640,5794410,62.31,1478,5325745,57.27,7,3159,0.03,0,0,0,58.99,0,41
2021-07-25T00:00:00.000Z,4413,5798823,62.36,15490,5341235,57.44,223,3382,0.04,0,0,0,59.1,0,40.89
2021-07-26T00:00:00.000Z,5165,5803988,62.41,13525,5354760,57.58,324,3706,0.04,0,0,0,59.24,0,40.75
2021-07-27T00:00:00.000Z,5485,5809473,62.47,13571,5368331,57.73,413,4119,0.04,0,0,0,59.37,0.01,40.62
2021-07-28T00:00:00.000Z,3983,5813456,62.52,12339,5380670,57.86,472,4591,0.05,0,0,0,59.5,0.01,40.49
2021-07-29T00:00:00.000Z,4655,5818111,62.57,14192,5394862,58.01,530,5121,0.06,0,0,0,59.65,0.01,40.33
2021-07-30T00:00:00.000Z,2646,5820757,62.59,10850,5405712,58.13,4122,9243,0.1,0,0,0,59.74,0.02,40.25
2021-07-31T00:00:00.000Z,1403,5822160,62.61,3551,5409263,58.17,6159,15402,0.17,0,0,0,59.75,0.02,40.23
2021-08-01T00:00:00.000Z,3073,5825233,62.64,3361,5412624,58.2,31047,46449,0.5,0,0,0,59.91,0.02,40.06
2021-08-02T00:00:00.000Z,3126,5828359,62.68,3167,5415791,58.24,58513,104962,1.13,0,0,0,60.06,0.03,39.91
2021-08-03T00:00:00.000Z,3380,5831739,62.71,3321,5419112,58.27,78951,183913,1.98,0,0,0,60.21,0.03,39.76
2021-08-04T00:00:00.000Z,3520,5835259,62.75,3247,5422359,58.31,80762,264675,2.85,0,0,0,60.34,0.03,39.63
2021-08-05T00:00:00.000Z,4506,5839765,62.8,3566,5425925,58.35,88442,353117,3.8,0,0,0,60.49,0.04,39.47
2021-08-06T00:00:00.000Z,2431,5842196,62.82,1847,5427772,58.37,44741,397858,4.28,0,0,0,60.6,0.04,39.36
2021-08-07T00:00:00.000Z,1027,5843223,62.84,697,5428469,58.38,27353,425211,4.57,0,0,0,60.63,0.04,39.32
2021-08-08T00:00:00.000Z,4988,5848211,62.89,3076,5431545,58.41,80085,505296,5.43,0,0,0,60.68,0.04,39.28
2021-08-09T00:00:00.000Z,5338,5853549,62.95,3054,5434599,58.44,76487,581783,6.26,0,0,0,60.72,0.04,39.24
2021-08-10T00:00:00.000Z,5547,5859096,63.01,3199,5437798,58.48,75426,657209,7.07,0,0,0,60.75,0.04,39.2
2021-08-11T00:00:00.000Z,5691,5864787,63.07,2937,5440735,58.51,62635,719844,7.74,0,0,0,60.79,0.04,39.17
2021-08-12T00:00:00.000Z,7025,5871812,63.14,3284,5444019,58.54,59459,779303,8.38,0,0,0,60.83,0.04,39.12
2021-08-13T00:00:00.000Z,3812,5875624,63.18,2062,5446081,58.56,43869,823172,8.85,0,0,0,60.84,0.05,39.11
2021-08-14T00:00:00.000Z,2249,5877873,63.21,849,5446930,58.57,44486,867658,9.33,0,0,0,60.85,0.05,39.1
2021-08-15T00:00:00.000Z,7139,5885012,63.28,4529,5451459,58.62,97978,965636,10.38,0,0,0,60.89,0.05,39.06
2021-08-16T00:00:00.000Z,6984,5891996,63.36,4741,5456200,58.67,89515,1055151,11.35,0,0,0,60.92,0.04,39.03
2021-08-17T00:00:00.000Z,7570,5899566,63.44,5131,5461331,58.73,83315,1138466,12.24,0,0,0,60.96,0.04,39
2021-08-18T00:00:00.000Z,8636,5908202,63.53,4601,5465932,58.78,69263,1207729,12.99,0,0,0,60.99,0.04,38.96
2021-08-19T00:00:00.000Z,10074,5918276,63.64,5212,5471144,58.83,65972,1273701,13.7,0,0,0,61.03,0.04,38.92
2021-08-20T00:00:00.000Z,4764,5923040,63.69,2823,5473967,58.86,60448,1334149,14.35,0,0,0,61.05,0.05,38.9
2021-08-21T00:00:00.000Z,3493,5926533,63.73,1575,5475542,58.88,50723,1384872,14.89,0,0,0,61.06,0.05,38.89
2021-08-22T00:00:00.000Z,9822,5936355,63.84,4801,5480343,58.93,105101,1489973,16.02,0,0,0,61.12,0.04,38.84
2021-08-23T00:00:00.000Z,10930,5947285,63.95,4445,5484788,58.98,94012,1583985,17.03,0,0,0,61.17,0.04,38.79
2021-08-24T00:00:00.000Z,11722,5959007,64.08,4695,5489483,59.03,98539,1682524,18.09,0,0,0,61.23,0.04,38.73
2021-08-25T00:00:00.000Z,9614,5968621,64.18,4477,5493960,59.08,99526,1782050,19.16,0,0,0,61.29,0.04,38.67
2021-08-26T00:00:00.000Z,10106,5978727,64.29,5054,5499014,59.13,101212,1883262,20.25,0,0,0,61.36,0.03,38.61
2021-08-27T00:00:00.000Z,4323,5983050,64.34,2778,5501792,59.16,56690,1939952,20.86,0,0,0,61.35,0.04,38.61
2021-08-28T00:00:00.000Z,3697,5986747,64.38,1495,5503287,59.18,33537,1973489,21.22,0,0,0,61.4,0.04,38.57
2021-08-29T00:00:00.000Z,10325,5997072,64.49,5932,5509219,59.24,79528,2053017,22.08,0,0,0,61.46,0.03,38.5
2021-08-30T00:00:00.000Z,12334,6009406,64.62,7013,5516232,59.32,115990,2169007,23.32,0,0,0,61.53,0.03,38.44
2021-08-31T00:00:00.000Z,12076,6021482,64.75,6521,5522753,59.39,114865,2283872,24.56,0,0,0,61.6,0.03,38.37
2021-09-01T00:00:00.000Z,9035,6030517,64.85,6029,5528782,59.45,112476,2396348,25.77,0,0,0,61.43,0.03,38.54
2021-09-02T00:00:00.000Z,8783,6039300,64.94,7175,5535957,59.53,111526,2507874,26.97,0,0,0,61.49,0.03,38.48
2021-09-03T00:00:00.000Z,3747,6043047,64.98,4109,5540066,59.58,58881,2566755,27.6,0,0,0,61.56,0.03,38.42
2021-09-04T00:00:00.000Z,2691,6045738,65.01,2017,5542083,59.6,29945,2596700,27.92,0,0,0,61.59,0.03,38.38
2021-09-05T00:00:00.000Z,6993,6052731,65.09,6457,5548540,59.67,73319,2670019,28.71,0,0,0,61.68,0.03,38.29
2021-09-06T00:00:00.000Z,2830,6055561,65.12,2707,5551247,59.7,22794,2692813,28.96,0,0,0,61.77,0.03,38.2
2021-09-07T00:00:00.000Z,1198,6056759,65.13,877,5552124,59.7,5396,2698209,29.02,0,0,0,61.85,0.03,38.12
2021-09-08T00:00:00.000Z,1379,6058138,65.15,1190,5553314,59.72,6620,2704829,29.09,0,0,0,61.93,0.03,38.05
2021-09-09T00:00:00.000Z,7087,6065225,65.22,12565,5565879,59.85,73839,2778668,29.88,0,0,0,62.02,0.03,37.95
2021-09-10T00:00:00.000Z,3255,6068480,65.26,5012,5570891,59.91,37932,2816600,30.29,0,0,0,62.06,0.03,37.91
2021-09-11T00:00:00.000Z,2107,6070587,65.28,2502,5573393,59.93,14815,2831415,30.45,0,0,0,62.08,0.03,37.89
2021-09-12T00:00:00.000Z,6109,6076696,65.35,8584,5581977,60.03,54127,2885542,31.03,0,0,0,62.16,0.03,37.81
2021-09-13T00:00:00.000Z,5610,6082306,65.41,8255,5590232,60.11,47977,2933519,31.55,0,0,0,62.15,0.03,37.82
2021-09-14T00:00:00.000Z,4957,6087263,65.46,7416,5597648,60.19,48849,2982368,32.07,0,0,0,62.2,0.03,37.77
2021-09-15T00:00:00.000Z,1746,6089009,65.48,2713,5600361,60.22,16685,2999053,32.25,0,0,0,62.25,0.03,37.72
2021-09-16T00:00:00.000Z,340,6089349,65.48,547,5600908,60.23,1740,3000793,32.27,0,0,0,62.37,0.03,37.6
2021-09-17T00:00:00.000Z,3680,6093029,65.52,7014,5607922,60.3,42900,3043693,32.73,0,0,0,62.42,0.03,37.54
2021-09-18T00:00:00.000Z,2255,6095284,65.55,2941,5610863,60.34,12782,3056475,32.87,0,0,0,62.45,0.03,37.52
2021-09-19T00:00:00.000Z,5941,6101225,65.61,10709,5621572,60.45,44327,3100802,33.34,0,0,0,62.55,0.03,37.42
2021-09-20T00:00:00.000Z,3244,6104469,65.64,4642,5626214,60.5,16704,3117506,33.52,0,0,0,62.63,0.03,37.34
2021-09-21T00:00:00.000Z,1337,6105806,65.66,2054,5628268,60.52,3474,3120980,33.56,0,0,0,62.69,0.03,37.28
2021-09-22T00:00:00.000Z,4255,6110061,65.7,7245,5635513,60.6,25069,3146049,33.83,0,0,0,62.72,0.03,37.25
2021-09-23T00:00:00.000Z,4386,6114447,65.75,5906,5641419,60.66,27832,3173881,34.13,0,0,0,62.75,0.03,37.22
2021-09-24T00:00:00.000Z,3199,6117646,65.79,4183,5645602,60.71,27718,3201599,34.43,0,0,0,62.82,0.03,37.15
2021-09-25T00:00:00.000Z,2073,6119719,65.81,2258,5647860,60.73,10440,3212039,34.54,0,0,0,62.85,0.03,37.12
2021-09-26T00:00:00.000Z,5604,6125323,65.87,5969,5653829,60.8,36263,3248302,34.93,0,0,0,62.96,0.03,37
2021-09-27T00:00:00.000Z,4692,6130015,65.92,4466,5658295,60.85,30450,3278752,35.26,0,0,0,63.02,0.03,36.94
2021-09-28T00:00:00.000Z,1468,6131483,65.93,1179,5659474,60.86,6249,3285001,35.33,0,0,0,63.06,0.04,36.91
2021-09-29T00:00:00.000Z,9619,6141102,66.04,8343,5667817,60.95,60322,3345323,35.97,0,0,0,63.13,0.03,36.84
2021-09-30T00:00:00.000Z,10972,6152074,66.16,8571,5676388,61.04,79686,3425009,36.83,0,0,0,63.18,0.03,36.79
2021-10-01T00:00:00.000Z,5119,6157193,66.21,3872,5680260,61.08,46539,3471548,37.33,0,0,0,63.23,0.03,36.73
2021-10-02T00:00:00.000Z,2860,6160053,66.24,2123,5682383,61.11,22429,3493977,37.57,0,0,0,63.26,0.03,36.71
2021-10-03T00:00:00.000Z,11667,6171720,66.37,7272,5689655,61.18,70723,3564700,38.33,0,0,0,63.35,0.03,36.62
2021-10-04T00:00:00.000Z,10316,6182036,66.48,6756,5696411,61.26,51905,3616605,38.89,0,0,0,63.4,0.03,36.57
2021-10-05T00:00:00.000Z,8459,6190495,66.57,5308,5701719,61.31,40473,3657078,39.33,0,0,0,63.41,0.03,36.55
2021-10-06T00:00:00.000Z,7539,6198034,66.65,4175,5705894,61.36,34136,3691214,39.69,0,0,0,63.52,0.03,36.45
2021-10-07T00:00:00.000Z,6891,6204925,66.72,4006,5709900,61.4,34058,3725272,40.06,0,0,0,63.63,0.03,36.34
2021-10-08T00:00:00.000Z,3085,6208010,66.76,2636,5712536,61.43,19245,3744517,40.27,0,0,0,63.68,0.03,36.29
2021-10-09T00:00:00.000Z,1336,6209346,66.77,1441,5713977,61.45,7440,3751957,40.35,0,0,0,63.71,0.03,36.26
2021-10-10T00:00:00.000Z,4674,6214020,66.82,3743,5717720,61.49,21516,3773473,40.58,0,0,0,63.82,0.04,36.14
2021-10-11T00:00:00.000Z,4295,6218315,66.87,2942,5720662,61.52,17260,3790733,40.76,0,0,0,63.91,0.04,36.05
2021-10-12T00:00:00.000Z,3973,6222288,66.91,3003,5723665,61.55,15354,3806087,40.93,0,0,0,63.99,0.05,35.96
2021-10-13T00:00:00.000Z,3482,6225770,66.95,2447,5726112,61.58,13582,3819669,41.07,0,0,0,64.09,0.05,35.86
2021-10-14T00:00:00.000Z,3867,6229637,66.99,2682,5728794,61.6,16564,3836233,41.25,0,0,0,64.19,0.06,35.75
2021-10-15T00:00:00.000Z,1700,6231337,67.01,1680,5730474,61.62,9006,3845239,41.35,0,0,0,64.23,0.07,35.7
2021-10-16T00:00:00.000Z,725,6232062,67.02,953,5731427,61.63,4034,3849273,41.39,0,0,0,64.25,0.08,35.67
2021-10-17T00:00:00.000Z,3088,6235150,67.05,2522,5733949,61.66,12791,3862064,41.53,0,0,0,64.36,0.09,35.56
2021-10-18T00:00:00.000Z,2455,6237605,67.08,1684,5735633,61.68,10066,3872130,41.64,0,0,0,64.43,0.1,35.47
2021-10-19T00:00:00.000Z,2395,6240000,67.1,1278,5736911,61.69,9296,3881426,41.74,0,0,0,64.49,0.1,35.4
2021-10-20T00:00:00.000Z,2432,6242432,67.13,2302,5739213,61.72,10092,3891518,41.85,0,0,0,64.14,0.52,35.34
2021-10-21T00:00:00.000Z,3031,6245463,67.16,3087,5742300,61.75,12161,3903679,41.98,0,0,0,54.23,10.41,35.36
2021-10-22T00:00:00.000Z,1273,6246736,67.17,1429,5743729,61.77,5828,3909507,42.04,0,0,0,54.36,10.26,35.38
2021-10-23T00:00:00.000Z,571,6247307,67.18,1262,5744991,61.78,2560,3912067,42.07,0,0,0,54.42,10.19,35.39
2021-10-24T00:00:00.000Z,2514,6249821,67.21,2652,5747643,61.81,9852,3921919,42.17,0,0,0,54.22,10.43,35.35
2021-10-25T00:00:00.000Z,2634,6252455,67.24,2743,5750386,61.84,8504,3930423,42.27,0,0,0,54.59,10.22,35.19
2021-10-26T00:00:00.000Z,2376,6254831,67.26,2050,5752436,61.86,8517,3938940,42.36,0,0,0,54.64,10.26,35.1
2021-10-27T00:00:00.000Z,2286,6257117,67.29,2561,5754997,61.89,7950,3946890,42.44,0,0,0,54.58,10.37,35.06
2021-10-28T00:00:00.000Z,2498,6259615,67.31,2772,5757769,61.92,8661,3955551,42.54,0,0,0,54.69,10.76,34.55
2021-10-29T00:00:00.000Z,898,6260513,67.32,1147,5758916,61.93,4131,3959682,42.58,0,0,0,54.73,10.75,34.52
2021-10-30T00:00:00.000Z,364,6260877,67.33,529,5759445,61.93,1709,3961391,42.6,0,0,0,54.68,10.81,34.52
2021-10-31T00:00:00.000Z,2260,6263137,67.35,2492,5761937,61.96,8251,3969642,42.69,0,0,0,54.83,10.7,34.47
2021-11-01T00:00:00.000Z,1734,6264871,67.37,2091,5764028,61.98,6477,3976119,42.76,0,0,0,54.95,10.63,34.42
2021-11-02T00:00:00.000Z,2024,6266895,67.39,2042,5766070,62.01,6288,3982407,42.82,0,0,0,54.89,10.69,34.42
2021-11-03T00:00:00.000Z,1760,6268655,67.41,1891,5767961,62.03,5551,3987958,42.88,0,0,0,54.86,10.75,34.39
2021-11-04T00:00:00.000Z,2106,6270761,67.43,2799,5770760,62.06,7125,3995083,42.96,0,0,0,54.85,10.81,34.33
2021-11-05T00:00:00.000Z,783,6271544,67.44,902,5771662,62.07,3477,3998560,43,0,0,0,54.85,10.83,34.32
2021-11-06T00:00:00.000Z,345,6271889,67.44,384,5772046,62.07,1371,3999931,43.01,0,0,0,54.82,10.86,34.32
2021-11-07T00:00:00.000Z,1578,6273467,67.46,1768,5773814,62.09,6131,4006062,43.08,0,0,0,54.92,10.8,34.28
2021-11-08T00:00:00.000Z,1518,6274985,67.48,1600,5775414,62.11,5405,4011467,43.14,0,0,0,55.01,10.75,34.24
2021-11-09T00:00:00.000Z,1428,6276413,67.49,1604,5777018,62.12,5328,4016795,43.19,0,0,0,55.05,10.74,34.21
2021-11-10T00:00:00.000Z,1421,6277834,67.51,1655,5778673,62.14,4776,4021571,43.25,0,0,0,55.08,10.73,34.19
2021-11-11T00:00:00.000Z,1625,6279459,67.53,1942,5780615,62.16,5709,4027280,43.31,0,0,0,55.15,10.69,34.15
2021-11-12T00:00:00.000Z,632,6280091,67.53,821,5781436,62.17,2920,4030200,43.34,0,0,0,55.17,10.69,34.14
2021-11-13T00:00:00.000Z,254,6280345,67.54,285,5781721,62.17,1126,4031326,43.35,0,0,0,55.14,10.72,34.14
2021-11-14T00:00:00.000Z,1536,6281881,67.55,1636,5783357,62.19,5108,4036434,43.41,0,0,0,55.21,10.68,34.11
2021-11-15T00:00:00.000Z,1273,6283154,67.57,1619,5784976,62.21,4766,4041200,43.46,0,0,0,55.28,10.63,34.09
2021-11-16T00:00:00.000Z,1270,6284424,67.58,1412,5786388,62.22,4341,4045541,43.5,0,0,0,55.32,10.62,34.07
2021-11-17T00:00:00.000Z,1203,6285627,67.59,1559,5787947,62.24,3909,4049450,43.55,0,0,0,55.35,10.6,34.05
2021-11-18T00:00:00.000Z,1359,6286986,67.61,1686,5789633,62.26,5005,4054455,43.6,0,0,0,55.41,10.58,34.02
2021-11-19T00:00:00.000Z,588,6287574,67.61,760,5790393,62.27,2451,4056906,43.63,0,0,0,55.42,10.57,34.01
2021-11-20T00:00:00.000Z,236,6287810,67.62,254,5790647,62.27,927,4057833,43.64,0,0,0,55.41,10.58,34
2021-11-21T00:00:00.000Z,1410,6289220,67.63,1538,5792185,62.29,4875,4062708,43.69,0,0,0,55.47,10.54,33.98
2021-11-22T00:00:00.000Z,1680,6290900,67.65,1517,5793702,62.3,4234,4066942,43.73,0,0,0,55.54,10.5,33.96
2021-11-23T00:00:00.000Z,8620,6299520,67.74,1678,5795380,62.32,4000,4070942,43.78,0,0,0,55.57,10.48,33.95
2021-11-24T00:00:00.000Z,9348,6308868,67.84,1315,5796695,62.33,3919,4074861,43.82,0,0,0,55.6,10.44,33.95
2021-11-25T00:00:00.000Z,9811,6318679,67.95,1600,5798295,62.35,4833,4079694,43.87,0,0,0,55.64,10.43,33.93
2021-11-26T00:00:00.000Z,5611,6324290,68.01,746,5799041,62.36,2797,4082491,43.9,0,0,0,55.63,10.45,33.92
2021-11-27T00:00:00.000Z,4778,6329068,68.06,322,5799363,62.36,1161,4083652,43.91,0,0,0,55.62,10.46,33.92
2021-11-28T00:00:00.000Z,10149,6339217,68.17,1475,5800838,62.38,4898,4088550,43.97,0,0,0,55.67,10.43,33.9
2021-11-29T00:00:00.000Z,9041,6348258,68.27,1130,5801968,62.39,4367,4092917,44.01,0,0,0,55.73,10.39,33.88
2021-11-30T00:00:00.000Z,10042,6358300,68.37,1033,5803001,62.4,4083,4097000,44.06,0,0,0,55.77,10.37,33.86
2021-12-01T00:00:00.000Z,8624,6366924,68.47,1093,5804094,62.41,4436,4101436,44.1,5,5,0,55.79,10.36,33.84
2021-12-02T00:00:00.000Z,9172,6376096,68.57,1450,5805544,62.43,5118,4106554,44.16,6,11,0,55.84,10.34,33.82
2021-12-03T00:00:00.000Z,6331,6382427,68.63,670,5806214,62.44,2863,4109417,44.19,1,12,0,55.86,10.33,33.81
2021-12-04T00:00:00.000Z,2508,6384935,68.66,233,5806447,62.44,917,4110334,44.2,3,15,0,55.85,10.34,33.81
2021-12-05T00:00:00.000Z,8333,6393268,68.75,1253,5807700,62.45,4679,4115013,44.25,1,16,0,55.9,10.31,33.79
2021-12-06T00:00:00.000Z,6723,6399991,68.82,1194,5808894,62.47,4347,4119360,44.3,4,20,0,55.95,10.27,33.78
2021-12-07T00:00:00.000Z,5553,6405544,68.88,1497,5810391,62.48,3959,4123319,44.34,9,29,0,55.99,10.25,33.76
2021-12-08T00:00:00.000Z,4931,6410475,68.94,1198,5811589,62.49,3874,4127193,44.38,10,39,0,56.03,10.22,33.75
2021-12-09T00:00:00.000Z,6236,6416711,69,1235,5812824,62.51,4500,4131693,44.43,8,47,0,56.08,10.19,33.73
2021-12-10T00:00:00.000Z,3005,6419716,69.03,700,5813524,62.52,2678,4134371,44.46,4,51,0,56.1,10.18,33.72
2021-12-11T00:00:00.000Z,1491,6421207,69.05,251,5813775,62.52,1013,4135384,44.47,0,51,0,56.1,10.18,33.71
2021-12-12T00:00:00.000Z,7272,6428479,69.13,1443,5815218,62.53,5246,4140630,44.53,3,54,0,56.16,10.15,33.69
2021-12-13T00:00:00.000Z,6176,6434655,69.2,1373,5816591,62.55,4347,4144977,44.57,5,59,0,56.21,10.11,33.67
2021-12-14T00:00:00.000Z,7316,6441971,69.27,6100,5822691,62.61,4929,4149906,44.63,12,71,0,56.27,10.09,33.65
2021-12-15T00:00:00.000Z,7203,6449174,69.35,7403,5830094,62.69,5439,4155345,44.68,7,78,0,56.34,10.06,33.6
2021-12-16T00:00:00.000Z,8079,6457253,69.44,8609,5838703,62.79,6555,4161900,44.76,8,86,0,56.53,10.05,33.42
2021-12-17T00:00:00.000Z,4403,6461656,69.49,5138,5843841,62.84,3948,4165848,44.8,3,89,0,56.64,10.05,33.3
2021-12-18T00:00:00.000Z,3940,6465596,69.53,2913,5846754,62.87,1353,4167201,44.81,2,91,0,56.73,10.07,33.2
2021-12-19T00:00:00.000Z,6980,6472576,69.6,9331,5856085,62.97,6269,4173470,44.88,5,96,0,56.92,10.04,33.04
2021-12-20T00:00:00.000Z,7968,6480544,69.69,7517,5863602,63.05,5438,4178908,44.94,9,105,0,57.07,10.02,32.91
2021-12-21T00:00:00.000Z,9545,6490089,69.79,8645,5872247,63.15,6481,4185389,45.01,8,113,0,57.27,10.01,32.71
2021-12-22T00:00:00.000Z,9664,6499753,69.9,8151,5880398,63.23,6244,4191633,45.07,12,125,0,57.49,10,32.52
2021-12-23T00:00:00.000Z,11538,6511291,70.02,10261,5890659,63.35,8140,4199773,45.16,16,141,0,57.7,9.97,32.33
2021-12-24T00:00:00.000Z,5870,6517161,70.08,6240,5896899,63.41,5275,4205048,45.22,12,153,0,57.83,9.96,32.21
2021-12-25T00:00:00.000Z,3338,6520499,70.12,2565,5899464,63.44,2021,4207069,45.24,6,159,0,57.9,9.96,32.15
2021-12-26T00:00:00.000Z,10653,6531152,70.23,8907,5908371,63.54,8194,4215263,45.33,8,167,0,58.1,9.92,31.98
2021-12-27T00:00:00.000Z,10368,6541520,70.34,7145,5915516,63.61,8182,4223445,45.42,21,188,0,58.27,9.9,31.83
2021-12-28T00:00:00.000Z,11374,6552894,70.47,7451,5922967,63.69,9628,4233073,45.52,24,212,0,58.46,9.88,31.66
2021-12-29T00:00:00.000Z,9934,6562828,70.57,5960,5928927,63.76,8364,4241437,45.61,17,229,0,58.64,9.85,31.51
2021-12-30T00:00:00.000Z,11011,6573839,70.69,7735,5936662,63.84,12237,4253674,45.74,10,239,0,58.84,9.82,31.34
2021-12-31T00:00:00.000Z,4828,6578667,70.74,3671,5940333,63.88,7292,4260966,45.82,135,374,0,58.9,9.79,31.3
2022-01-01T00:00:00.000Z,1992,6580659,70.77,1591,5941924,63.9,2741,4263707,45.85,65,439,0,58.93,9.79,31.28
2022-01-02T00:00:00.000Z,10215,6590874,70.88,6486,5948410,63.97,13000,4276707,45.99,590,1029,0.01,59.14,9.76,31.1
2022-01-03T00:00:00.000Z,9382,6600256,70.98,5257,5953667,64.02,11329,4288036,46.11,25055,26084,0.28,59.29,9.71,31
2022-01-04T00:00:00.000Z,8967,6609223,71.07,5944,5959611,64.09,10519,4298555,46.22,50655,76739,0.83,59.46,9.68,30.86
2022-01-05T00:00:00.000Z,8552,6617775,71.16,5737,5965348,64.15,10488,4309043,46.34,59582,136321,1.47,59.56,9.65,30.79
2022-01-06T00:00:00.000Z,10339,6628114,71.28,7959,5973307,64.23,13526,4322569,46.48,63994,200315,2.15,59.81,9.63,30.56
2022-01-07T00:00:00.000Z,4759,6632873,71.33,4555,5977862,64.28,8153,4330722,46.57,31134,231449,2.49,59.89,9.61,30.49
2022-01-08T00:00:00.000Z,2750,6635623,71.36,2451,5980313,64.31,5499,4336221,46.63,27628,259077,2.79,59.9,9.64,30.46
2022-01-09T00:00:00.000Z,9306,6644929,71.46,7721,5988034,64.39,11864,4348085,46.76,66763,325840,3.5,60.06,9.59,30.35
2022-01-10T00:00:00.000Z,8353,6653282,71.55,7644,5995678,64.47,11871,4359956,46.88,64764,390604,4.2,60.21,9.54,30.25
2022-01-11T00:00:00.000Z,8103,6661385,71.63,8620,6004298,64.57,11966,4371922,47.01,56655,447259,4.81,60.38,9.49,30.13
2022-01-12T00:00:00.000Z,7278,6668663,71.71,8304,6012602,64.66,11109,4383031,47.13,44625,491884,5.29,60.51,9.45,30.04
2022-01-13T00:00:00.000Z,7510,6676173,71.79,9614,6022216,64.76,11538,4394569,47.26,34754,526638,5.66,60.7,9.35,29.94
2022-01-14T00:00:00.000Z,2555,6678728,71.82,4931,6027147,64.81,6140,4400709,47.32,11140,537778,5.78,60.79,9.31,29.9
2022-01-15T00:00:00.000Z,1466,6680194,71.84,3166,6030313,64.85,3881,4404590,47.36,5715,543493,5.84,60.83,9.29,29.87
2022-01-16T00:00:00.000Z,3818,6684012,71.88,8523,6038836,64.94,7680,4412270,47.45,19990,563483,6.06,60.97,9.2,29.82
2022-01-17T00:00:00.000Z,2808,6686820,71.91,7045,6045881,65.01,6168,4418438,47.51,17831,581314,6.25,61.09,9.13,29.78
2022-01-18T00:00:00.000Z,2476,6689296,71.93,7382,6053263,65.09,5525,4423963,47.57,14814,596128,6.41,61.23,9.07,29.7
2022-01-19T00:00:00.000Z,1914,6691210,71.95,6364,6059627,65.16,4516,4428479,47.62,8458,604586,6.5,61.37,8.98,29.65
2022-01-20T00:00:00.000Z,1778,6692988,71.97,6965,6066592,65.24,4787,4433266,47.67,8040,612626,6.59,61.44,8.85,29.71
2022-01-21T00:00:00.000Z,904,6693892,71.98,3725,6070317,65.28,2637,4435903,47.7,3358,615984,6.62,61.51,8.81,29.68
2022-01-22T00:00:00.000Z,328,6694220,71.99,1461,6071778,65.29,1062,4436965,47.71,1113,617097,6.64,61.51,8.75,29.74
2022-01-23T00:00:00.000Z,1066,6695286,72,5629,6077407,65.35,2874,4439839,47.74,6082,623179,6.7,61.61,8.7,29.69
2022-01-24T00:00:00.000Z,757,6696043,72.01,4481,6081888,65.4,2260,4442099,47.77,5054,628233,6.76,61.73,8.62,29.65
2022-01-25T00:00:00.000Z,741,6696784,72.01,4399,6086287,65.45,2173,4444272,47.79,7102,635335,6.83,61.9,8.51,29.59
2022-01-26T00:00:00.000Z,614,6697398,72.02,3284,6089571,65.48,1604,4445876,47.81,4261,639596,6.88,62.02,8.42,29.57
2022-01-27T00:00:00.000Z,797,6698195,72.03,4405,6093976,65.53,2001,4447877,47.83,5440,645036,6.94,62.12,8.35,29.52
2022-01-28T00:00:00.000Z,395,6698590,72.03,2375,6096351,65.56,1174,4449051,47.84,3449,648485,6.97,62.16,8.33,29.5
2022-01-29T00:00:00.000Z,124,6698714,72.03,1045,6097396,65.57,424,4449475,47.85,1161,649646,6.99,62.23,8.29,29.48
2022-01-30T00:00:00.000Z,768,6699482,72.04,4719,6102115,65.62,2016,4451491,47.87,8098,657744,7.07,62.3,8.24,29.46
2022-01-31T00:00:00.000Z,528,6700010,72.05,3184,6105299,65.65,1608,4453099,47.89,6472,664216,7.14,62.39,8.17,29.43
2022-02-01T00:00:00.000Z,478,6700488,72.05,2805,6108104,65.68,1519,4454618,47.9,5721,669937,7.2,62.45,8.15,29.4
2022-02-02T00:00:00.000Z,373,6700861,72.06,2392,6110496,65.71,1381,4455999,47.92,5074,675011,7.26,62.28,8.13,29.59
2022-02-03T00:00:00.000Z,445,6701306,72.06,2775,6113271,65.74,1457,4457456,47.93,5606,680617,7.32,62.34,8.08,29.57
2022-02-04T00:00:00.000Z,174,6701480,72.06,989,6114260,65.75,753,4458209,47.94,2455,683072,7.35,62.37,8.06,29.57
2022-02-05T00:00:00.000Z,62,6701542,72.07,340,6114600,65.75,216,4458425,47.94,420,683492,7.35,62.34,8.09,29.56
2022-02-06T00:00:00.000Z,407,6701949,72.07,2320,6116920,65.78,1343,4459768,47.96,5685,689177,7.41,62.41,8.05,29.55
2022-02-07T00:00:00.000Z,282,6702231,72.07,1306,6118226,65.79,981,4460749,47.97,5960,695137,7.48,62.47,8.01,29.52
2022-02-08T00:00:00.000Z,317,6702548,72.08,1497,6119723,65.81,1064,4461813,47.98,6137,701274,7.54,62.54,7.97,29.49
2022-02-09T00:00:00.000Z,253,6702801,72.08,1102,6120825,65.82,941,4462754,47.99,4570,705844,7.59,62.6,7.95,29.45
2022-02-10T00:00:00.000Z,270,6703071,72.08,1293,6122118,65.83,932,4463686,48,4815,710659,7.64,62.63,7.93,29.44
2022-02-11T00:00:00.000Z,211,6703282,72.08,556,6122674,65.84,514,4464200,48.01,2538,713197,7.67,62.67,7.91,29.42
2022-02-12T00:00:00.000Z,31,6703313,72.08,90,6122764,65.84,128,4464328,48.01,268,713465,7.67,62.67,7.91,29.41
2022-02-13T00:00:00.000Z,286,6703599,72.09,945,6123709,65.85,964,4465292,48.02,4996,718461,7.73,62.73,7.87,29.39
2022-02-14T00:00:00.000Z,179,6703778,72.09,626,6124335,65.86,748,4466040,48.03,3143,721604,7.76,62.89,7.74,29.36
2022-02-15T00:00:00.000Z,265,6704043,72.09,764,6125099,65.87,931,4466971,48.04,3816,725420,7.8,62.92,7.73,29.35
2022-02-16T00:00:00.000Z,179,6704222,72.09,577,6125676,65.87,801,4467772,48.04,2487,727907,7.83,62.95,7.72,29.34
2022-02-17T00:00:00.000Z,246,6704468,72.1,738,6126414,65.88,771,4468543,48.05,3060,730967,7.86,62.96,7.7,29.34
2022-02-18T00:00:00.000Z,131,6704599,72.1,337,6126751,65.88,433,4468976,48.06,1118,732085,7.87,62.98,7.69,29.33
2022-02-19T00:00:00.000Z,33,6704632,72.1,83,6126834,65.89,80,4469056,48.06,79,732164,7.87,62.99,7.69,29.32
2022-02-20T00:00:00.000Z,202,6704834,72.1,604,6127438,65.89,717,4469773,48.07,2574,734738,7.9,63.01,7.67,29.32
2022-02-21T00:00:00.000Z,173,6705007,72.1,412,6127850,65.9,488,4470261,48.07,1542,736280,7.92,63.04,7.65,29.31
2022-02-22T00:00:00.000Z,158,6705165,72.1,454,6128304,65.9,562,4470823,48.08,1870,738150,7.94,63.05,7.65,29.3
2022-02-23T00:00:00.000Z,108,6705273,72.11,352,6128656,65.9,451,4471274,48.08,1153,739303,7.95,63.06,7.65,29.29
2022-02-24T00:00:00.000Z,138,6705411,72.11,457,6129113,65.91,563,4471837,48.09,1492,740795,7.97,63.05,7.66,29.29
2022-02-25T00:00:00.000Z,58,6705469,72.11,139,6129252,65.91,188,4472025,48.09,455,741250,7.97,63.06,7.66,29.28
2022-02-26T00:00:00.000Z,15,6705484,72.11,28,6129280,65.91,156,4472181,48.09,35,741285,7.97,63.05,7.67,29.28
2022-02-27T00:00:00.000Z,111,6705595,72.11,341,6129621,65.91,448,4472629,48.1,1118,742403,7.98,63.05,7.67,29.28
2022-02-28T00:00:00.000Z,109,6705704,72.11,271,6129892,65.92,420,4473049,48.1,906,743309,7.99,63.07,7.65,29.28
2022-03-01T00:00:00.000Z,95,6705799,72.11,280,6130172,65.92,372,4473421,48.1,796,744105,8,63.1,7.63,29.27
2022-03-02T00:00:00.000Z,77,6705876,72.11,198,6130370,65.92,323,4473744,48.11,696,744801,8.01,63.11,7.62,29.27
2022-03-03T00:00:00.000Z,156,6706032,72.11,369,6130739,65.93,496,4474240,48.11,986,745787,8.02,63.05,7.67,29.27
2022-03-04T00:00:00.000Z,53,6706085,72.11,168,6130907,65.93,165,4474405,48.12,227,746014,8.02,63.05,7.68,29.27
2022-03-05T00:00:00.000Z,4,6706089,72.11,25,6130932,65.93,43,4474448,48.12,32,746046,8.02,63.04,7.69,29.27
2022-03-06T00:00:00.000Z,98,6706187,72.11,258,6131190,65.93,416,4474864,48.12,759,746805,8.03,63.04,7.69,29.27
2022-03-07T00:00:00.000Z,87,6706274,72.12,259,6131449,65.93,346,4475210,48.12,604,747409,8.04,63.05,7.69,29.26
2022-03-08T00:00:00.000Z,98,6706372,72.12,263,6131712,65.94,333,4475543,48.13,550,747959,8.04,63.04,7.7,29.26
2022-03-09T00:00:00.000Z,88,6706460,72.12,212,6131924,65.94,332,4475875,48.13,492,748451,8.05,63.02,7.72,29.25
2022-03-10T00:00:00.000Z,114,6706574,72.12,373,6132297,65.94,426,4476301,48.14,616,749067,8.06,63.01,7.74,29.25
2022-03-11T00:00:00.000Z,24,6706598,72.12,86,6132383,65.94,122,4476423,48.14,144,749211,8.06,63,7.75,29.25
2022-03-12T00:00:00.000Z,10,6706608,72.12,10,6132393,65.94,31,4476454,48.14,28,749239,8.06,62.98,7.77,29.24
2022-03-13T00:00:00.000Z,100,6706708,72.12,271,6132664,65.95,358,4476812,48.14,594,749833,8.06,62.98,7.78,29.24
2022-03-14T00:00:00.000Z,65,6706773,72.12,252,6132916,65.95,316,4477128,48.14,559,750392,8.07,62.98,7.78,29.24
2022-03-15T00:00:00.000Z,79,6706852,72.12,183,6133099,65.95,291,4477419,48.15,589,750981,8.08,62.95,7.81,29.24
2022-03-16T00:00:00.000Z,75,6706927,72.12,205,6133304,65.95,301,4477720,48.15,668,751649,8.08,62.94,7.82,29.24
2022-03-17T00:00:00.000Z,65,6706992,72.12,121,6133425,65.96,286,4478006,48.15,613,752262,8.09,62.94,7.82,29.24
2022-03-18T00:00:00.000Z,19,6707011,72.12,54,6133479,65.96,99,4478105,48.16,234,752496,8.09,62.94,7.82,29.24
2022-03-19T00:00:00.000Z,5,6707016,72.12,10,6133489,65.96,27,4478132,48.16,39,752535,8.09,62.89,7.88,29.23
2022-03-20T00:00:00.000Z,119,6707135,72.13,258,6133747,65.96,486,4478618,48.16,1428,753963,8.11,62.87,7.89,29.23
2022-03-21T00:00:00.000Z,97,6707232,72.13,246,6133993,65.96,374,4478992,48.16,1132,755095,8.12,62.87,7.9,29.23
2022-03-22T00:00:00.000Z,140,6707372,72.13,340,6134333,65.97,505,4479497,48.17,1770,756865,8.14,62.84,7.94,29.23
2022-03-23T00:00:00.000Z,108,6707480,72.13,211,6134544,65.97,461,4479958,48.18,1675,758540,8.16,62.81,7.97,29.22
2022-03-24T00:00:00.000Z,174,6707654,72.13,345,6134889,65.97,766,4480724,48.18,2361,760901,8.18,62.78,8,29.22
2022-03-25T00:00:00.000Z,38,6707692,72.13,80,6134969,65.97,156,4480880,48.19,628,761529,8.19,62.78,8,29.23
2022-03-26T00:00:00.000Z,12,6707704,72.13,12,6134981,65.97,33,4480913,48.19,91,761620,8.19,62.77,8,29.22
2022-03-27T00:00:00.000Z,165,6707869,72.13,343,6135324,65.98,757,4481670,48.19,3192,764812,8.22,62.75,8.02,29.22
2022-03-28T00:00:00.000Z,113,6707982,72.13,270,6135594,65.98,621,4482291,48.2,2415,767227,8.25,62.75,8.03,29.22
2022-03-29T00:00:00.000Z,125,6708107,72.14,257,6135851,65.98,640,4482931,48.21,2770,769997,8.28,62.7,8.07,29.22
2022-03-30T00:00:00.000Z,132,6708239,72.14,207,6136058,65.98,538,4483469,48.21,2370,772367,8.31,62.81,8.11,29.07
2022-03-31T00:00:00.000Z,166,6708405,72.14,302,6136360,65.99,729,4484198,48.22,2851,775218,8.34,62.79,8.11,29.1
2022-04-01T00:00:00.000Z,122,6708527,72.14,160,6136520,65.99,274,4484472,48.22,584,775802,8.34,62.72,8.13,29.15
2022-04-02T00:00:00.000Z,6,6708533,72.14,6,6136526,65.99,35,4484507,48.22,52,775854,8.34,62.69,8.15,29.16
2022-04-03T00:00:00.000Z,159,6708692,72.14,269,6136795,65.99,569,4485076,48.23,2477,778331,8.37,62.65,8.16,29.19
2022-04-04T00:00:00.000Z,103,6708795,72.14,206,6137001,65.99,482,4485558,48.24,2220,780551,8.39,62.62,8.16,29.22
2022-04-05T00:00:00.000Z,122,6708917,72.14,219,6137220,66,513,4486071,48.24,2242,782793,8.42,62.57,8.19,29.25
2022-04-06T00:00:00.000Z,92,6709009,72.15,155,6137375,66,380,4486451,48.25,2018,784811,8.44,62.55,8.2,29.25
2022-04-07T00:00:00.000Z,190,6709199,72.15,215,6137590,66,641,4487092,48.25,2553,787364,8.47,62.56,8.2,29.24
2022-04-08T00:00:00.000Z,30,6709229,72.15,60,6137650,66,152,4487244,48.25,477,787841,8.47,62.54,8.22,29.23
2022-04-09T00:00:00.000Z,6,6709235,72.15,17,6137667,66,26,4487270,48.25,46,787887,8.47,62.52,8.25,29.23
2022-04-10T00:00:00.000Z,102,6709337,72.15,264,6137931,66,429,4487699,48.26,1845,789732,8.49,62.51,8.26,29.23
2022-04-11T00:00:00.000Z,78,6709415,72.15,201,6138132,66.01,370,4488069,48.26,1425,791157,8.51,62.54,8.26,29.2
2022-04-12T00:00:00.000Z,204,6709619,72.15,168,6138300,66.01,372,4488441,48.27,1359,792516,8.52,62.58,8.29,29.12
2022-04-13T00:00:00.000Z,119,6709738,72.15,150,6138450,66.01,296,4488737,48.27,1216,793732,8.54,62.58,8.31,29.1
2022-04-14T00:00:00.000Z,84,6709822,72.15,221,6138671,66.01,320,4489057,48.27,1068,794800,8.55,62.57,8.33,29.1
2022-04-15T00:00:00.000Z,9,6709831,72.15,51,6138722,66.01,47,4489104,48.27,81,794881,8.55,62.55,8.35,29.1
2022-04-16T00:00:00.000Z,3,6709834,72.15,8,6138730,66.01,21,4489125,48.27,29,794910,8.55,62.53,8.37,29.1
2022-04-17T00:00:00.000Z,62,6709896,72.15,131,6138861,66.01,228,4489353,48.28,807,795717,8.56,62.52,8.38,29.1
2022-04-18T00:00:00.000Z,69,6709965,72.16,107,6138968,66.02,251,4489604,48.28,749,796466,8.56,62.51,8.38,29.1
2022-04-19T00:00:00.000Z,60,6710025,72.16,143,6139111,66.02,273,4489877,48.28,841,797307,8.57,62.5,8.4,29.1
2022-04-20T00:00:00.000Z,60,6710085,72.16,117,6139228,66.02,235,4490112,48.28,653,797960,8.58,62.48,8.42,29.1
2022-04-21T00:00:00.000Z,52,6710137,72.16,107,6139335,66.02,193,4490305,48.29,479,798439,8.59,62.47,8.43,29.1
2022-04-22T00:00:00.000Z,2,6710139,72.16,16,6139351,66.02,18,4490323,48.29,16,798455,8.59,62.45,8.44,29.11
2022-04-23T00:00:00.000Z,6,6710145,72.16,9,6139360,66.02,14,4490337,48.29,13,798468,8.59,62.43,8.46,29.11
2022-04-24T00:00:00.000Z,92,6710237,72.16,250,6139610,66.02,329,4490666,48.29,870,799338,8.6,62.43,8.47,29.1
2022-04-25T00:00:00.000Z,105,6710342,72.16,191,6139801,66.02,315,4490981,48.29,738,800076,8.6,62.43,8.47,29.1
2022-04-26T00:00:00.000Z,75,6710417,72.16,175,6139976,66.03,302,4491283,48.3,787,800863,8.61,62.42,8.48,29.1
2022-04-27T00:00:00.000Z,55,6710472,72.16,160,6140136,66.03,227,4491510,48.3,638,801501,8.62,62.41,8.49,29.1
2022-04-28T00:00:00.000Z,96,6710568,72.16,232,6140368,66.03,327,4491837,48.3,869,802370,8.63,62.41,8.5,29.1
2022-04-29T00:00:00.000Z,110,6710678,72.16,159,6140527,66.03,182,4492019,48.3,195,802565,8.63,62.39,8.51,29.1
2022-04-30T00:00:00.000Z,1,6710679,72.16,3,6140530,66.03,24,4492043,48.31,21,802586,8.63,62.38,8.52,29.1
2022-05-01T00:00:00.000Z,135,6710814,72.16,185,6140715,66.03,316,4492359,48.31,630,803216,8.64,62.38,8.53,29.09
2022-05-02T00:00:00.000Z,62,6710876,72.17,152,6140867,66.04,235,4492594,48.31,489,803705,8.64,62.37,8.54,29.09
2022-05-03T00:00:00.000Z,72,6710948,72.17,151,6141018,66.04,287,4492881,48.31,505,804210,8.65,62.36,8.55,29.09
2022-05-04T00:00:00.000Z,23,6710971,72.17,55,6141073,66.04,63,4492944,48.31,125,804335,8.65,62.35,8.57,29.08
2022-05-05T00:00:00.000Z,4,6710975,72.17,1,6141074,66.04,6,4492950,48.32,11,804346,8.65,62.34,8.58,29.08
2022-05-06T00:00:00.000Z,19,6710994,72.17,59,6141133,66.04,64,4493014,48.32,151,804497,8.65,62.33,8.59,29.08
2022-05-07T00:00:00.000Z,1,6710995,72.17,6,6141139,66.04,25,4493039,48.32,24,804521,8.65,62.32,8.6,29.08
2022-05-08T00:00:00.000Z,118,6711113,72.17,207,6141346,66.04,270,4493309,48.32,457,804978,8.66,62.31,8.61,29.08
2022-05-09T00:00:00.000Z,59,6711172,72.17,162,6141508,66.04,251,4493560,48.32,503,805481,8.66,62.31,8.61,29.08
2022-05-10T00:00:00.000Z,131,6711303,72.17,168,6141676,66.04,260,4493820,48.32,508,805989,8.67,62.3,8.62,29.08
2022-05-11T00:00:00.000Z,58,6711361,72.17,116,6141792,66.05,179,4493999,48.33,463,806452,8.67,62.3,8.63,29.08
2022-05-12T00:00:00.000Z,118,6711479,72.17,200,6141992,66.05,276,4494275,48.33,663,807115,8.68,62.29,8.64,29.07
2022-05-13T00:00:00.000Z,11,6711490,72.17,42,6142034,66.05,70,4494345,48.33,110,807225,8.68,62.28,8.65,29.07
2022-05-14T00:00:00.000Z,6,6711496,72.17,12,6142046,66.05,10,4494355,48.33,22,807247,8.68,62.26,8.66,29.07
2022-05-15T00:00:00.000Z,89,6711585,72.17,174,6142220,66.05,245,4494600,48.33,664,807911,8.69,62.26,8.67,29.07
2022-05-16T00:00:00.000Z,68,6711653,72.17,141,6142361,66.05,230,4494830,48.34,508,808419,8.69,62.19,8.65,29.16
2022-05-17T00:00:00.000Z,73,6711726,72.17,153,6142514,66.05,268,4495098,48.34,616,809035,8.7,62.18,8.66,29.16
2022-05-18T00:00:00.000Z,43,6711769,72.18,98,6142612,66.05,169,4495267,48.34,445,809480,8.7,62.17,8.67,29.16
2022-05-19T00:00:00.000Z,64,6711833,72.18,170,6142782,66.06,211,4495478,48.34,499,809979,8.71,62.16,8.68,29.16
2022-05-20T00:00:00.000Z,74,6711907,72.18,113,6142895,66.06,127,4495605,48.34,138,810117,8.71,62.15,8.69,29.16
2022-05-21T00:00:00.000Z,4,6711911,72.18,7,6142902,66.06,13,4495618,48.34,18,810135,8.71,62.14,8.7,29.16
2022-05-22T00:00:00.000Z,87,6711998,72.18,188,6143090,66.06,216,4495834,48.35,425,810560,8.72,62.14,8.71,29.16
2022-05-23T00:00:00.000Z,64,6712062,72.18,120,6143210,66.06,155,4495989,48.35,343,810903,8.72,62.14,8.71,29.16
2022-05-24T00:00:00.000Z,43,6712105,72.18,119,6143329,66.06,155,4496144,48.35,394,811297,8.72,62.13,8.71,29.15
2022-05-25T00:00:00.000Z,61,6712166,72.18,103,6143432,66.06,165,4496309,48.35,337,811634,8.73,62.12,8.72,29.15
2022-05-26T00:00:00.000Z,72,6712238,72.18,136,6143568,66.06,184,4496493,48.35,348,811982,8.73,62.11,8.73,29.16
2022-05-27T00:00:00.000Z,11,6712249,72.18,28,6143596,66.07,43,4496536,48.35,59,812041,8.73,62.1,8.74,29.16
2022-05-28T00:00:00.000Z,1,6712250,72.18,4,6143600,66.07,7,4496543,48.35,12,812053,8.73,62.09,8.75,29.16
2022-05-29T00:00:00.000Z,89,6712339,72.18,152,6143752,66.07,163,4496706,48.36,314,812367,8.74,62.09,8.75,29.16
2022-05-30T00:00:00.000Z,55,6712394,72.18,132,6143884,66.07,125,4496831,48.36,291,812658,8.74,62.09,8.76,29.16
2022-05-31T00:00:00.000Z,45,6712439,72.18,104,6143988,66.07,153,4496984,48.36,351,813009,8.74,62.07,8.78,29.15
2022-06-01T00:00:00.000Z,63,6712502,72.18,90,6144078,66.07,117,4497101,48.36,276,813285,8.75,61.95,8.9,29.16
2022-06-02T00:00:00.000Z,76,6712578,72.18,156,6144234,66.07,176,4497277,48.36,255,813540,8.75,45.96,24.88,29.15
2022-06-03T00:00:00.000Z,10,6712588,72.18,23,6144257,66.07,21,4497298,48.36,32,813572,8.75,45.9,24.95,29.16
2022-06-04T00:00:00.000Z,0,6712588,72.18,7,6144264,66.07,8,4497306,48.36,5,813577,8.75,45.84,25,29.16
2022-06-05T00:00:00.000Z,11,6712599,72.18,14,6144278,66.07,7,4497313,48.36,2,813579,8.75,45.8,25.05,29.16
2022-06-06T00:00:00.000Z,58,6712657,72.18,144,6144422,66.07,162,4497475,48.36,261,813840,8.75,39.96,30.89,29.16
2022-06-07T00:00:00.000Z,54,6712711,72.19,133,6144555,66.08,141,4497616,48.37,375,814215,8.76,39.92,30.93,29.15
2022-06-08T00:00:00.000Z,57,6712768,72.19,105,6144660,66.08,130,4497746,48.37,496,814711,8.76,39.89,30.96,29.15
2022-06-09T00:00:00.000Z,84,6712852,72.19,206,6144866,66.08,234,4497980,48.37,641,815352,8.77,39.86,30.99,29.15
2022-06-10T00:00:00.000Z,14,6712866,72.19,51,6144917,66.08,59,4498039,48.37,138,815490,8.77,39.83,31.02,29.15
2022-06-11T00:00:00.000Z,0,6712866,72.19,3,6144920,66.08,7,4498046,48.37,19,815509,8.77,39.8,31.05,29.15
2022-06-12T00:00:00.000Z,109,6712975,72.19,199,6145119,66.08,191,4498237,48.37,767,816276,8.78,39.8,31.05,29.15
2022-06-13T00:00:00.000Z,81,6713056,72.19,142,6145261,66.08,166,4498403,48.37,625,816901,8.78,39.81,31.04,29.15
2022-06-14T00:00:00.000Z,116,6713172,72.19,172,6145433,66.09,208,4498611,48.38,759,817660,8.79,39.79,31.06,29.15
2022-06-15T00:00:00.000Z,72,6713244,72.19,141,6145574,66.09,208,4498819,48.38,697,818357,8.8,39.78,31.08,29.15
2022-06-16T00:00:00.000Z,93,6713337,72.19,136,6145710,66.09,217,4499036,48.38,742,819099,8.81,39.74,31.11,29.14
2022-06-17T00:00:00.000Z,16,6713353,72.19,63,6145773,66.09,52,4499088,48.38,123,819222,8.81,39.72,31.14,29.15
2022-06-18T00:00:00.000Z,3,6713356,72.19,4,6145777,66.09,11,4499099,48.38,15,819237,8.81,39.68,31.17,29.14
2022-06-19T00:00:00.000Z,115,6713471,72.19,207,6145984,66.09,317,4499416,48.38,877,820114,8.82,39.53,31.33,29.15
2022-06-20T00:00:00.000Z,99,6713570,72.19,152,6146136,66.09,306,4499722,48.39,922,821036,8.83,33.92,36.85,29.23
2022-06-21T00:00:00.000Z,94,6713664,72.2,154,6146290,66.09,375,4500097,48.39,1229,822265,8.84,33.58,37.19,29.23
2022-06-22T00:00:00.000Z,110,6713774,72.2,133,6146423,66.1,339,4500436,48.4,894,823159,8.85,33.28,37.49,29.23
2022-06-23T00:00:00.000Z,133,6713907,72.2,216,6146639,66.1,524,4500960,48.4,1146,824305,8.86,32.84,37.92,29.23
2022-06-24T00:00:00.000Z,19,6713926,72.2,35,6146674,66.1,109,4501069,48.4,207,824512,8.87,32.43,38.34,29.24
2022-06-25T00:00:00.000Z,1,6713927,72.2,1,6146675,66.1,12,4501081,48.4,16,824528,8.87,32.04,38.72,29.24
2022-06-26T00:00:00.000Z,107,6714034,72.2,158,6146833,66.1,379,4501460,48.41,933,825461,8.88,31.63,39.13,29.24
2022-06-27T00:00:00.000Z,85,6714119,72.2,172,6147005,66.1,391,4501851,48.41,1028,826489,8.89,31.29,39.47,29.24
2022-06-28T00:00:00.000Z,84,6714203,72.2,151,6147156,66.1,362,4502213,48.41,930,827419,8.9,30.86,39.91,29.24
2022-06-29T00:00:00.000Z,76,6714279,72.2,106,6147262,66.1,263,4502476,48.42,814,828233,8.91,30.48,40.28,29.24
2022-06-30T00:00:00.000Z,84,6714363,72.2,164,6147426,66.11,356,4502832,48.42,1057,829290,8.92,30.05,40.71,29.24
2022-07-01T00:00:00.000Z,21,6714384,72.2,28,6147454,66.11,55,4502887,48.42,77,829367,8.92,29.62,41.14,29.24
2022-07-02T00:00:00.000Z,0,6714384,72.2,2,6147456,66.11,7,4502894,48.42,18,829385,8.92,29.2,41.56,29.24
2022-07-03T00:00:00.000Z,98,6714482,72.2,177,6147633,66.11,320,4503214,48.43,637,830022,8.93,28.81,41.95,29.24
2022-07-04T00:00:00.000Z,76,6714558,72.2,140,6147773,66.11,277,4503491,48.43,747,830769,8.93,28.5,42.26,29.24
2022-07-05T00:00:00.000Z,58,6714616,72.21,142,6147915,66.11,301,4503792,48.43,688,831457,8.94,28.06,42.7,29.24
2022-07-06T00:00:00.000Z,78,6714694,72.21,124,6148039,66.11,211,4504003,48.43,644,832101,8.95,27.39,43.37,29.24
2022-07-07T00:00:00.000Z,82,6714776,72.21,163,6148202,66.11,267,4504270,48.44,721,832822,8.96,26.48,44.28,29.24
2022-07-08T00:00:00.000Z,17,6714793,72.21,33,6148235,66.12,68,4504338,48.44,131,832953,8.96,25.47,45.29,29.24
2022-07-09T00:00:00.000Z,0,6714793,72.21,1,6148236,66.12,2,4504340,48.44,1,832954,8.96,24.42,46.34,29.24
2022-07-10T00:00:00.000Z,88,6714881,72.21,164,6148400,66.12,229,4504569,48.44,469,833423,8.96,23.77,46.99,29.24
2022-07-11T00:00:00.000Z,64,6714945,72.21,140,6148540,66.12,246,4504815,48.44,571,833994,8.97,23.22,47.54,29.24
2022-07-12T00:00:00.000Z,69,6715014,72.21,128,6148668,66.12,207,4505022,48.44,556,834550,8.97,22.13,48.63,29.24
2022-07-13T00:00:00.000Z,43,6715057,72.21,101,6148769,66.12,164,4505186,48.45,488,835038,8.98,21.1,49.66,29.24
2022-07-14T00:00:00.000Z,69,6715126,72.21,147,6148916,66.12,208,4505394,48.45,512,835550,8.99,20.12,50.63,29.24
2022-07-15T00:00:00.000Z,60,6715186,72.21,84,6149000,66.12,127,4505521,48.45,166,835716,8.99,19.27,51.48,29.25
2022-07-16T00:00:00.000Z,0,6715186,72.21,6,6149006,66.12,7,4505528,48.45,7,835723,8.99,18.29,52.46,29.25
2022-07-17T00:00:00.000Z,75,6715261,72.21,182,6149188,66.13,241,4505769,48.45,468,836191,8.99,17.83,52.92,29.25
2022-07-18T00:00:00.000Z,62,6715323,72.21,157,6149345,66.13,206,4505975,48.45,510,836701,9,17.48,53.26,29.26
2022-07-19T00:00:00.000Z,61,6715384,72.21,147,6149492,66.13,174,4506149,48.46,368,837069,9,16.77,53.97,29.26
2022-07-20T00:00:00.000Z,52,6715436,72.21,133,6149625,66.13,136,4506285,48.46,421,837490,9.01,16.09,54.64,29.26
2022-07-21T00:00:00.000Z,62,6715498,72.22,157,6149782,66.13,176,4506461,48.46,341,837831,9.01,15.43,55.3,29.27
2022-07-22T00:00:00.000Z,10,6715508,72.22,36,6149818,66.13,41,4506502,48.46,56,837887,9.01,14.64,56.08,29.28
2022-07-23T00:00:00.000Z,0,6715508,72.22,3,6149821,66.13,4,4506506,48.46,9,837896,9.01,14.17,56.55,29.28
2022-07-24T00:00:00.000Z,58,6715566,72.22,126,6149947,66.13,196,4506702,48.46,363,838259,9.01,13.55,57.16,29.29
2022-07-25T00:00:00.000Z,48,6715614,72.22,107,6150054,66.13,171,4506873,48.46,336,838595,9.02,13.09,57.61,29.3
2022-07-26T00:00:00.000Z,47,6715661,72.22,99,6150153,66.14,110,4506983,48.47,270,838865,9.02,12.46,58.23,29.3
2022-07-27T00:00:00.000Z,44,6715705,72.22,124,6150277,66.14,131,4507114,48.47,242,839107,9.02,11.89,58.8,29.31
2022-07-28T00:00:00.000Z,62,6715767,72.22,140,6150417,66.14,147,4507261,48.47,220,839327,9.03,11.35,59.34,29.31
2022-07-29T00:00:00.000Z,10,6715777,72.22,25,6150442,66.14,27,4507288,48.47,30,839357,9.03,10.85,59.83,29.32
2022-07-30T00:00:00.000Z,0,6715777,72.22,0,6150442,66.14,1,4507289,48.47,1,839358,9.03,10.34,60.33,29.33
2022-07-31T00:00:00.000Z,56,6715833,72.22,134,6150576,66.14,131,4507420,48.47,252,839610,9.03,9.97,60.7,29.33
2022-08-01T00:00:00.000Z,54,6715887,72.22,75,6150651,66.14,88,4507508,48.47,152,839762,9.03,9.47,61.19,29.34
2022-08-02T00:00:00.000Z,111,6715998,72.22,119,6150770,66.14,155,4507663,48.47,264,840026,9.03,8.92,61.73,29.35
2022-08-03T00:00:00.000Z,76,6716074,72.22,70,6150840,66.14,92,4507755,48.47,178,840204,9.04,8.46,62.19,29.35
2022-08-04T00:00:00.000Z,130,6716204,72.22,134,6150974,66.14,111,4507866,48.48,246,840450,9.04,8.04,62.61,29.36
2022-08-05T00:00:00.000Z,30,6716234,72.22,22,6150996,66.14,13,4507879,48.48,23,840473,9.04,7.71,62.93,29.36
2022-08-06T00:00:00.000Z,1,6716235,72.22,2,6150998,66.14,1,4507880,48.48,5,840478,9.04,7.32,63.32,29.36
2022-08-07T00:00:00.000Z,83,6716318,72.22,96,6151094,66.15,68,4507948,48.48,168,840646,9.04,6.92,63.71,29.37
2022-08-08T00:00:00.000Z,76,6716394,72.22,93,6151187,66.15,122,4508070,48.48,172,840818,9.04,6.74,63.89,29.37
2022-08-09T00:00:00.000Z,96,6716490,72.23,88,6151275,66.15,99,4508169,48.48,213,841031,9.04,6.25,64.37,29.38
2022-08-10T00:00:00.000Z,77,6716567,72.23,58,6151333,66.15,75,4508244,48.48,115,841146,9.05,5.91,64.71,29.38
2022-08-11T00:00:00.000Z,54,6716621,72.23,101,6151434,66.15,91,4508335,48.48,155,841301,9.05,5.59,65.03,29.38
2022-08-12T00:00:00.000Z,8,6716629,72.23,12,6151446,66.15,17,4508352,48.48,27,841328,9.05,5.35,65.27,29.38
2022-08-13T00:00:00.000Z,0,6716629,72.23,2,6151448,66.15,2,4508354,48.48,3,841331,9.05,5.1,65.52,29.38
2022-08-14T00:00:00.000Z,73,6716702,72.23,75,6151523,66.15,82,4508436,48.48,150,841481,9.05,4.87,65.75,29.39
2022-08-15T00:00:00.000Z,68,6716770,72.23,81,6151604,66.15,93,4508529,48.48,142,841623,9.05,4.74,65.87,29.39
2022-08-16T00:00:00.000Z,81,6716851,72.23,84,6151688,66.15,84,4508613,48.48,187,841810,9.05,4.46,66.15,29.39
2022-08-17T00:00:00.000Z,48,6716899,72.23,55,6151743,66.15,36,4508649,48.48,114,841924,9.05,4.16,66.44,29.39
2022-08-18T00:00:00.000Z,64,6716963,72.23,93,6151836,66.15,119,4508768,48.49,173,842097,9.06,3.98,66.63,29.39
2022-08-19T00:00:00.000Z,74,6717037,72.23,59,6151895,66.15,54,4508822,48.49,42,842139,9.06,3.83,66.78,29.39
2022-08-20T00:00:00.000Z,1,6717038,72.23,1,6151896,66.15,3,4508825,48.49,3,842142,9.06,3.67,66.94,29.39
2022-08-21T00:00:00.000Z,50,6717088,72.23,85,6151981,66.16,84,4508909,48.49,194,842336,9.06,3.52,67.08,29.4
2022-08-22T00:00:00.000Z,89,6717177,72.23,74,6152055,66.16,103,4509012,48.49,143,842479,9.06,3.44,67.16,29.4
2022-08-23T00:00:00.000Z,71,6717248,72.23,106,6152161,66.16,84,4509096,48.49,180,842659,9.06,3.27,67.33,29.4
2022-08-24T00:00:00.000Z,38,6717286,72.23,80,6152241,66.16,48,4509144,48.49,133,842792,9.06,3.15,67.46,29.4
2022-08-25T00:00:00.000Z,53,6717339,72.23,75,6152316,66.16,97,4509241,48.49,192,842984,9.07,3.03,67.57,29.4
2022-08-26T00:00:00.000Z,4,6717343,72.23,15,6152331,66.16,9,4509250,48.49,14,842998,9.07,2.94,67.66,29.4
2022-08-27T00:00:00.000Z,0,6717343,72.23,0,6152331,66.16,0,4509250,48.49,0,842998,9.07,2.84,67.76,29.4
2022-08-28T00:00:00.000Z,55,6717398,72.24,80,6152411,66.16,85,4509335,48.49,102,843100,9.07,2.75,67.85,29.4
2022-08-29T00:00:00.000Z,48,6717446,72.24,68,6152479,66.16,89,4509424,48.49,107,843207,9.07,2.69,67.91,29.4
2022-08-30T00:00:00.000Z,85,6717531,72.24,112,6152591,66.16,85,4509509,48.49,130,843337,9.07,2.6,68,29.4
2022-08-31T00:00:00.000Z,42,6717573,72.24,88,6152679,66.16,70,4509579,48.49,95,843432,9.07,2.53,68.07,29.4
2022-09-01T00:00:00.000Z,27,6717600,72.24,84,6152763,66.16,58,4509637,48.49,113,843545,9.07,2.46,68.14,29.4
2022-09-02T00:00:00.000Z,6,6717606,72.24,20,6152783,66.16,13,4509650,48.49,10,843555,9.07,2.4,68.2,29.4
2022-09-03T00:00:00.000Z,2,6717608,72.24,0,6152783,66.16,3,4509653,48.49,1,843556,9.07,2.33,68.27,29.4
2022-09-04T00:00:00.000Z,50,6717658,72.24,125,6152908,66.17,80,4509733,48.5,121,843677,9.07,2.27,68.32,29.4
2022-09-05T00:00:00.000Z,44,6717702,72.24,77,6152985,66.17,58,4509791,48.5,89,843766,9.07,2.23,68.37,29.4
2022-09-06T00:00:00.000Z,60,6717762,72.24,104,6153089,66.17,78,4509869,48.5,130,843896,9.07,2.17,68.42,29.4
2022-09-07T00:00:00.000Z,27,6717789,72.24,63,6153152,66.17,52,4509921,48.5,94,843990,9.08,2.12,68.47,29.4
2022-09-08T00:00:00.000Z,49,6717838,72.24,99,6153251,66.17,70,4509991,48.5,77,844067,9.08,2.07,68.53,29.4
2022-09-09T00:00:00.000Z,10,6717848,72.24,21,6153272,66.17,16,4510007,48.5,16,844083,9.08,2.03,68.57,29.4
2022-09-10T00:00:00.000Z,0,6717848,72.24,0,6153272,66.17,5,4510012,48.5,1,844084,9.08,1.97,68.62,29.4
2022-09-11T00:00:00.000Z,36,6717884,72.24,115,6153387,66.17,78,4510090,48.5,115,844199,9.08,1.92,68.67,29.41
2022-09-12T00:00:00.000Z,24,6717908,72.24,72,6153459,66.17,52,4510142,48.5,68,844267,9.08,1.88,68.71,29.41
2022-09-13T00:00:00.000Z,44,6717952,72.24,112,6153571,66.17,54,4510196,48.5,103,844370,9.08,1.82,68.77,29.41
2022-09-14T00:00:00.000Z,21,6717973,72.24,64,6153635,66.17,53,4510249,48.5,62,844432,9.08,1.78,68.82,29.41
2022-09-15T00:00:00.000Z,31,6718004,72.24,73,6153708,66.17,63,4510312,48.5,107,844539,9.08,1.73,68.86,29.41
2022-09-16T00:00:00.000Z,48,6718052,72.24,47,6153755,66.17,27,4510339,48.5,31,844570,9.08,1.7,68.89,29.41
2022-09-17T00:00:00.000Z,2,6718054,72.24,0,6153755,66.17,1,4510340,48.5,0,844570,9.08,1.66,68.93,29.41
2022-09-18T00:00:00.000Z,24,6718078,72.24,65,6153820,66.18,52,4510392,48.5,114,844684,9.08,1.63,68.96,29.41
2022-09-19T00:00:00.000Z,27,6718105,72.24,74,6153894,66.18,44,4510436,48.5,57,844741,9.08,1.61,68.98,29.41
2022-09-20T00:00:00.000Z,41,6718146,72.24,93,6153987,66.18,75,4510511,48.5,102,844843,9.09,1.56,69.03,29.41
2022-09-21T00:00:00.000Z,20,6718166,72.24,55,6154042,66.18,31,4510542,48.5,67,844910,9.09,1.55,69.05,29.41
2022-09-22T00:00:00.000Z,39,6718205,72.24,60,6154102,66.18,49,4510591,48.5,306,845216,9.09,1.52,69.07,29.4
2022-09-23T00:00:00.000Z,21,6718226,72.24,29,6154131,66.18,34,4510625,48.5,248,845464,9.09,1.5,69.1,29.41
2022-09-24T00:00:00.000Z,0,6718226,72.24,0,6154131,66.18,0,4510625,48.5,0,845464,9.09,1.47,69.13,29.41
2022-09-25T00:00:00.000Z,9,6718235,72.24,24,6154155,66.18,28,4510653,48.51,222,845686,9.09,1.46,69.13,29.41
2022-09-26T00:00:00.000Z,3,6718238,72.24,16,6154171,66.18,30,4510683,48.51,64,845750,9.09,1.46,69.13,29.41
2022-09-27T00:00:00.000Z,2,6718240,72.24,1,6154172,66.18,4,4510687,48.51,8,845758,9.09,1.42,69.17,29.41
2022-09-28T00:00:00.000Z,38,6718278,72.25,51,6154223,66.18,94,4510781,48.51,708,846466,9.1,1.39,69.21,29.41
2022-09-29T00:00:00.000Z,77,6718355,72.25,92,6154315,66.18,111,4510892,48.51,904,847370,9.11,1.37,69.22,29.41
2022-09-30T00:00:00.000Z,8,6718363,72.25,18,6154333,66.18,16,4510908,48.51,289,847659,9.12,1.35,69.24,29.41
2022-10-01T00:00:00.000Z,0,6718363,72.25,1,6154334,66.18,0,4510908,48.51,7,847666,9.12,1.31,69.29,29.41
2022-10-02T00:00:00.000Z,40,6718403,72.25,70,6154404,66.18,112,4511020,48.51,857,848523,9.12,1.31,69.29,29.41
2022-10-03T00:00:00.000Z,45,6718448,72.25,46,6154450,66.18,89,4511109,48.51,878,849401,9.13,1.31,69.28,29.4
2022-10-04T00:00:00.000Z,9,6718457,72.25,14,6154464,66.18,21,4511130,48.51,244,849645,9.14,1.27,69.32,29.4
2022-10-05T00:00:00.000Z,0,6718457,72.25,0,6154464,66.18,0,4511130,48.51,0,849645,9.14,1.28,69.31,29.4
2022-10-06T00:00:00.000Z,37,6718494,72.25,72,6154536,66.18,126,4511256,48.51,1270,850915,9.15,1.31,69.28,29.4
2022-10-07T00:00:00.000Z,8,6718502,72.25,10,6154546,66.18,16,4511272,48.51,247,851162,9.15,1.3,69.29,29.41
2022-10-08T00:00:00.000Z,0,6718502,72.25,0,6154546,66.18,0,4511272,48.51,0,851162,9.15,1.26,69.33,29.41
2022-10-09T00:00:00.000Z,11,6718513,72.25,17,6154563,66.18,45,4511317,48.51,431,851593,9.16,1.31,69.28,29.41
2022-10-10T00:00:00.000Z,5,6718518,72.25,5,6154568,66.18,2,4511319,48.51,13,851606,9.16,1.38,69.22,29.41
2022-10-11T00:00:00.000Z,33,6718551,72.25,70,6154638,66.18,102,4511421,48.51,856,852462,9.17,1.36,69.24,29.4
2022-10-12T00:00:00.000Z,39,6718590,72.25,44,6154682,66.18,90,4511511,48.51,925,853387,9.18,1.34,69.26,29.4
2022-10-13T00:00:00.000Z,29,6718619,72.25,27,6154709,66.18,47,4511558,48.52,717,854104,9.18,1.4,69.2,29.4
2022-10-14T00:00:00.000Z,7,6718626,72.25,9,6154718,66.18,27,4511585,48.52,257,854361,9.19,1.4,69.2,29.4
2022-10-15T00:00:00.000Z,0,6718626,72.25,0,6154718,66.18,0,4511585,48.52,1,854362,9.19,1.38,69.22,29.4
2022-10-16T00:00:00.000Z,8,6718634,72.25,11,6154729,66.18,37,4511622,48.52,384,854746,9.19,1.39,69.2,29.4
2022-10-17T00:00:00.000Z,1,6718635,72.25,2,6154731,66.18,2,4511624,48.52,8,854754,9.19,1.4,69.2,29.4
2022-10-18T00:00:00.000Z,38,6718673,72.25,66,6154797,66.19,105,4511729,48.52,930,855684,9.2,1.43,69.17,29.4
2022-10-19T00:00:00.000Z,41,6718714,72.25,56,6154853,66.19,107,4511836,48.52,1173,856857,9.21,1.47,69.12,29.4
2022-10-20T00:00:00.000Z,0,6718714,72.25,0,6154853,66.19,0,4511836,48.52,0,856857,9.21,1.5,69.1,29.4
