Day_Date,vaccinated,vaccinated_cum,vaccinated_population_perc,vaccinated_seconde_dose,vaccinated_seconde_dose_cum,vaccinated_seconde_dose_population_perc,vaccinated_third_dose,vaccinated_third_dose_cum,vaccinated_third_dose_population_perc,vaccinated_fourth_dose,vaccinated_fourth_dose_cum,vaccinated_omicron_cum,vaccinated_omicron_population_perc,vaccinated_fourth_dose_population_perc,vaccinated_validity_perc,vaccinated_expired_perc,not_vaccinated_perc
2020-12-19T00:00:00.000Z,46,70,0,0,4,0,0,0,0,0,0,0,0,0,0,0,100
2020-12-20T00:00:00.000Z,7395,7465,0.08,0,4,0,0,0,0,0,0,0,0,0,0,0,100
2020-12-21T00:00:00.000Z,24923,32388,0.35,0,4,0,0,0,0,0,0,0,0,0,0,0,100
2020-12-22T00:00:00.000Z,44668,77056,0.83,0,4,0,0,0,0,0,0,0,0,0,0,0,100
2020-12-23T00:00:00.000Z,62918,139974,1.51,0,4,0,0,0,0,0,0,0,0,0,0,0,100
2020-12-24T00:00:00.000Z,73429,213403,2.29,0,4,0,0,0,0,0,0,0,0,0,0,0,100
2020-12-25T00:00:00.000Z,38516,251919,2.71,0,4,0,0,0,0,0,0,0,0,0,0,0,100
2020-12-26T00:00:00.000Z,32617,284536,3.06,0,4,0,0,0,0,0,0,0,0,0,0,0,100
2020-12-27T00:00:00.000Z,104571,389107,4.18,0,4,0,0,0,0,0,0,0,0,0,0,0,100
2020-12-28T00:00:00.000Z,135039,524146,5.64,0,4,0,0,0,0,0,0,0,0,0,0,0,100
2020-12-29T00:00:00.000Z,156334,680480,7.32,2,6,0,0,0,0,0,0,0,0,0,0,0,100
2020-12-30T00:00:00.000Z,153182,833662,8.96,0,6,0,0,0,0,0,0,0,0,0,0,0,100
2020-12-31T00:00:00.000Z,158590,992252,10.67,0,6,0,0,0,0,0,0,0,0,0,0,0,100
2021-01-01T00:00:00.000Z,71435,1063687,11.44,0,6,0,0,0,0,0,0,0,0,0,0,0,100
2021-01-02T00:00:00.000Z,71742,1135429,12.21,0,6,0,0,0,0,0,0,0,0,0,0,0,100
2021-01-03T00:00:00.000Z,149763,1285192,13.82,0,6,0,0,0,0,0,0,0,0,0,0,0,100
2021-01-04T00:00:00.000Z,152198,1437390,15.46,1,7,0,0,0,0,0,0,0,0,0,0,0,100
2021-01-05T00:00:00.000Z,125217,1562607,16.8,4,11,0,0,0,0,0,0,0,0,0,0,0,100
2021-01-06T00:00:00.000Z,103369,1665976,17.92,2,13,0,0,0,0,0,0,0,0,0,0,0,100
2021-01-07T00:00:00.000Z,116062,1782038,19.16,9,22,0,0,0,0,0,0,0,0,0,0,0,100
2021-01-08T00:00:00.000Z,66461,1848499,19.88,5,27,0,0,0,0,0,0,0,0,0,0,0,100
2021-01-09T00:00:00.000Z,44552,1893051,20.36,24,51,0,0,0,0,0,0,0,0,0,0,0,100
2021-01-10T00:00:00.000Z,37648,1930699,20.76,6000,6051,0.07,0,0,0,0,0,0,0,0,0,0,100
2021-01-11T00:00:00.000Z,21174,1951873,20.99,19264,25315,0.27,0,0,0,0,0,0,0,0,0,0,100
2021-01-12T00:00:00.000Z,24075,1975948,21.25,35674,60989,0.66,0,0,0,0,0,0,0,0,0,0,100
2021-01-13T00:00:00.000Z,52076,2028024,21.81,56874,117863,1.27,0,0,0,0,0,0,0,0,0,0,100
2021-01-14T00:00:00.000Z,56476,2084500,22.42,68838,186701,2.01,0,0,0,0,0,0,0,0,0,0,100
2021-01-15T00:00:00.000Z,30775,2115275,22.75,35941,222642,2.39,0,0,0,0,0,0,0,0,0,0,100
2021-01-16T00:00:00.000Z,29479,2144754,23.06,26006,248648,2.67,0,0,0,0,0,0,0,0,0,0,100
2021-01-17T00:00:00.000Z,68441,2213195,23.8,84596,333244,3.58,0,0,0,0,0,0,0,0,0.31,0,99.69
2021-01-18T00:00:00.000Z,69816,2283011,24.55,120436,453680,4.88,0,0,0,0,0,0,0,0,0.58,0,99.42
2021-01-19T00:00:00.000Z,72896,2355907,25.33,137847,591527,6.36,0,0,0,0,0,0,0,0,1.09,0,98.91
2021-01-20T00:00:00.000Z,76918,2432825,26.16,143762,735289,7.91,0,0,0,0,0,0,0,0,1.9,0,98.1
2021-01-21T00:00:00.000Z,70001,2502826,26.91,164472,899761,9.68,0,0,0,0,0,0,0,0,2.88,0,97.12
2021-01-22T00:00:00.000Z,37928,2540754,27.32,71131,970892,10.44,0,0,0,0,0,0,0,0,3.39,0,96.61
2021-01-23T00:00:00.000Z,39965,2580719,27.75,53594,1024486,11.02,0,0,0,0,0,0,0,0,3.77,0,96.23
2021-01-24T00:00:00.000Z,69146,2649865,28.5,140707,1165193,12.53,0,0,0,0,0,0,0,0,4.96,0,95.04
2021-01-25T00:00:00.000Z,80943,2730808,29.37,139519,1304712,14.03,0,0,0,0,0,0,0,0,6.61,0,93.39
2021-01-26T00:00:00.000Z,78730,2809538,30.21,126443,1431155,15.39,0,0,0,0,0,0,0,0,8.45,0,91.55
2021-01-27T00:00:00.000Z,77978,2887516,31.05,125067,1556222,16.73,0,0,0,0,0,0,0,0,10.34,0,89.66
2021-01-28T00:00:00.000Z,79569,2967085,31.91,130629,1686851,18.14,0,0,0,0,0,0,0,0,12.43,0,87.57
2021-01-29T00:00:00.000Z,36704,3003789,32.3,64792,1751643,18.84,0,0,0,0,0,0,0,0,13.34,0,86.66
2021-01-30T00:00:00.000Z,34394,3038183,32.67,42766,1794409,19.3,0,0,0,0,0,0,0,0,14.02,0,85.98
2021-01-31T00:00:00.000Z,73330,3111513,33.46,59502,1853911,19.94,0,0,0,0,0,0,0,0,15.76,0,84.24
2021-02-01T00:00:00.000Z,82508,3194021,34.35,35356,1889267,20.32,0,0,0,0,0,0,0,0,17.48,0,82.52
2021-02-02T00:00:00.000Z,70102,3264123,35.1,31072,1920339,20.65,0,0,0,0,0,0,0,0,19.01,0,80.99
2021-02-03T00:00:00.000Z,60307,3324430,35.75,51443,1971782,21.2,0,0,0,0,0,0,0,0,20.47,0,79.53
2021-02-04T00:00:00.000Z,72633,3397063,36.53,58096,2029878,21.83,0,0,0,0,0,0,0,0,22,0,78
2021-02-05T00:00:00.000Z,33943,3431006,36.9,28805,2058683,22.14,0,0,0,0,0,0,0,0,22.75,0,77.25
2021-02-06T00:00:00.000Z,21621,3452627,37.13,22231,2080914,22.38,0,0,0,0,0,0,0,0,23.23,0,76.77
2021-02-07T00:00:00.000Z,54080,3506707,37.71,68739,2149653,23.12,0,0,0,0,0,0,0,0,23.99,0,76.01
2021-02-08T00:00:00.000Z,58639,3565346,38.34,65467,2215120,23.82,0,0,0,0,0,0,0,0,24.52,0,75.48
2021-02-09T00:00:00.000Z,66354,3631700,39.05,67577,2282697,24.55,0,0,0,0,0,0,0,0,25.04,0,74.96
2021-02-10T00:00:00.000Z,70570,3702270,39.81,72312,2355009,25.32,0,0,0,0,0,0,0,0,25.77,0,74.23
2021-02-11T00:00:00.000Z,81174,3783444,40.69,72107,2427116,26.1,0,0,0,0,0,0,0,0,26.61,0,73.39
2021-02-12T00:00:00.000Z,39106,3822550,41.11,37596,2464712,26.5,0,0,0,0,0,0,0,0,27.02,0,72.98
2021-02-13T00:00:00.000Z,27463,3850013,41.4,30440,2495152,26.83,0,0,0,0,0,0,0,0,27.33,0,72.67
2021-02-14T00:00:00.000Z,74915,3924928,42.21,69083,2564235,27.57,0,0,0,0,0,0,0,0,28.25,0,71.75
2021-02-15T00:00:00.000Z,81544,4006472,43.08,75719,2639954,28.39,0,0,0,0,0,0,0,0,29.17,0,70.83
2021-02-16T00:00:00.000Z,83416,4089888,43.98,78298,2718252,29.23,0,0,0,0,0,0,0,0,30.11,0,69.89
2021-02-17T00:00:00.000Z,61983,4151871,44.65,75641,2793893,30.04,0,0,0,0,0,0,0,0,31.01,0,68.99
2021-02-18T00:00:00.000Z,69157,4221028,45.39,79738,2873631,30.9,0,0,0,0,0,0,0,0,31.94,0,68.06
2021-02-19T00:00:00.000Z,39674,4260702,45.82,38162,2911793,31.31,0,0,0,0,0,0,0,0,32.45,0,67.55
2021-02-20T00:00:00.000Z,31650,4292352,46.16,28724,2940517,31.62,0,0,0,0,0,0,0,0,32.85,0,67.15
2021-02-21T00:00:00.000Z,79434,4371786,47.01,78444,3018961,32.46,0,0,0,0,0,0,0,0,33.8,0,66.2
2021-02-22T00:00:00.000Z,85058,4456844,47.93,80592,3099553,33.33,0,0,0,0,0,0,0,0,34.83,0,65.17
2021-02-23T00:00:00.000Z,77328,4534172,48.76,70485,3170038,34.09,0,0,0,0,0,0,0,0,35.84,0,64.16
2021-02-24T00:00:00.000Z,61066,4595238,49.41,63143,3233181,34.77,0,0,0,0,0,0,0,0,36.76,0,63.24
2021-02-25T00:00:00.000Z,51727,4646965,49.97,64805,3297986,35.46,0,0,0,0,0,0,0,0,37.66,0,62.34
2021-02-26T00:00:00.000Z,25911,4672876,50.25,32041,3330027,35.81,0,0,0,0,0,0,0,0,38.1,0,61.9
2021-02-27T00:00:00.000Z,18351,4691227,50.45,21196,3351223,36.04,0,0,0,0,0,0,0,0,38.42,0,61.58
2021-02-28T00:00:00.000Z,40364,4731591,50.88,55873,3407096,36.64,0,0,0,0,0,0,0,0,39.24,0,60.76
2021-03-01T00:00:00.000Z,45748,4777339,51.37,61441,3468537,37.3,0,0,0,0,0,0,0,0,40.1,0,59.9
2021-03-02T00:00:00.000Z,41200,4818539,51.82,64798,3533335,38,0,0,0,0,0,0,0,0,40.85,0,59.15
2021-03-03T00:00:00.000Z,42033,4860572,52.27,66792,3600127,38.71,0,0,0,0,0,0,0,0,41.55,0,58.45
2021-03-04T00:00:00.000Z,39718,4900290,52.7,79125,3679252,39.56,0,0,0,0,0,0,0,0,42.24,0,57.76
2021-03-05T00:00:00.000Z,17366,4917656,52.88,40468,3719720,40,0,0,0,0,0,0,0,0,42.57,0,57.43
2021-03-06T00:00:00.000Z,10722,4928378,53,25347,3745067,40.27,0,0,0,0,0,0,0,0,42.78,0,57.22
2021-03-07T00:00:00.000Z,31156,4959534,53.33,72845,3817912,41.06,0,0,0,0,0,0,0,0,43.36,0,56.64
2021-03-08T00:00:00.000Z,27387,4986921,53.63,73295,3891207,41.84,0,0,0,0,0,0,0,0,43.97,0,56.03
2021-03-09T00:00:00.000Z,26757,5013678,53.91,76599,3967806,42.67,0,0,0,0,0,0,0,0,44.62,0,55.38
2021-03-10T00:00:00.000Z,23371,5037049,54.17,58684,4026490,43.3,0,0,0,0,0,0,0,0,45.27,0,54.73
2021-03-11T00:00:00.000Z,23304,5060353,54.42,69095,4095585,44.04,0,0,0,0,0,0,0,0,45.99,0,54.01
2021-03-12T00:00:00.000Z,11296,5071649,54.54,41414,4136999,44.49,0,0,0,0,0,0,0,0,46.34,0,53.66
2021-03-13T00:00:00.000Z,7952,5079601,54.62,25239,4162238,44.76,0,0,0,0,0,0,0,0,46.57,0,53.43
2021-03-14T00:00:00.000Z,20989,5100590,54.85,73935,4236173,45.55,0,0,0,0,0,0,0,0,47.2,0,52.8
2021-03-15T00:00:00.000Z,20150,5120740,55.07,78281,4314454,46.4,0,0,0,0,0,0,0,0,47.81,0,52.19
2021-03-16T00:00:00.000Z,18756,5139496,55.27,71479,4385933,47.16,0,0,0,0,0,0,0,0,48.43,0,51.57
2021-03-17T00:00:00.000Z,17704,5157200,55.46,59010,4444943,47.8,0,0,0,0,0,0,0,0,48.92,0,51.08
2021-03-18T00:00:00.000Z,16049,5173249,55.63,58125,4503068,48.42,0,0,0,0,0,0,0,0,49.45,0,50.55
2021-03-19T00:00:00.000Z,6956,5180205,55.71,27979,4531047,48.72,0,0,0,0,0,0,0,0,49.75,0,50.25
2021-03-20T00:00:00.000Z,5226,5185431,55.76,15301,4546348,48.89,0,0,0,0,0,0,0,0,49.93,0,50.07
2021-03-21T00:00:00.000Z,13171,5198602,55.9,40510,4586858,49.32,0,0,0,0,0,0,0,0,50.46,0,49.54
2021-03-22T00:00:00.000Z,13579,5212181,56.05,40541,4627399,49.76,0,0,0,0,0,0,0,0,51,0,49
2021-03-23T00:00:00.000Z,2844,5215025,56.08,7302,4634701,49.84,0,0,0,0,0,0,0,0,51.43,0,48.57
2021-03-24T00:00:00.000Z,11001,5226026,56.2,46556,4681257,50.34,0,0,0,0,0,0,0,0,51.84,0,48.16
2021-03-25T00:00:00.000Z,10270,5236296,56.31,35438,4716695,50.72,0,0,0,0,0,0,0,0,52.22,0,47.78
2021-03-26T00:00:00.000Z,4186,5240482,56.35,13333,4730028,50.86,0,0,0,0,0,0,0,0,52.4,0,47.6
2021-03-27T00:00:00.000Z,1786,5242268,56.37,4269,4734297,50.91,0,0,0,0,0,0,0,0,52.5,0,47.5
2021-03-28T00:00:00.000Z,2113,5244381,56.4,4611,4738908,50.96,0,0,0,0,0,0,0,0,52.74,0,47.26
2021-03-29T00:00:00.000Z,6915,5251296,56.47,30016,4768924,51.28,0,0,0,0,0,0,0,0,53,0,47
2021-03-30T00:00:00.000Z,7891,5259187,56.55,22454,4791378,51.52,0,0,0,0,0,0,0,0,53.08,0,46.92
2021-03-31T00:00:00.000Z,8153,5267340,56.64,19501,4810879,51.73,0,0,0,0,0,0,0,0,53.38,0,46.62
2021-04-01T00:00:00.000Z,8211,5275551,56.73,18701,4829580,51.93,0,0,0,0,0,0,0,0,53.62,0,46.38
2021-04-02T00:00:00.000Z,2942,5278493,56.76,8131,4837711,52.02,0,0,0,0,0,0,0,0,53.71,0,46.29
2021-04-03T00:00:00.000Z,1433,5279926,56.78,2982,4840693,52.05,0,0,0,0,0,0,0,0,53.74,0,46.26
2021-04-04T00:00:00.000Z,9618,5289544,56.88,22832,4863525,52.3,0,0,0,0,0,0,0,0,53.82,0,46.18
2021-04-05T00:00:00.000Z,10362,5299906,56.99,21275,4884800,52.53,0,0,0,0,0,0,0,0,54.04,0,45.96
2021-04-06T00:00:00.000Z,9029,5308935,57.09,16793,4901593,52.71,0,0,0,0,0,0,0,0,54.21,0,45.79
2021-04-07T00:00:00.000Z,8929,5317864,57.19,15311,4916904,52.87,0,0,0,0,0,0,0,0,54.36,0,45.64
2021-04-08T00:00:00.000Z,9428,5327292,57.29,17015,4933919,53.06,0,0,0,0,0,0,0,0,54.52,0,45.48
2021-04-09T00:00:00.000Z,3607,5330899,57.33,6257,4940176,53.12,0,0,0,0,0,0,0,0,54.58,0,45.42
2021-04-10T00:00:00.000Z,1634,5332533,57.34,3520,4943696,53.16,0,0,0,0,0,0,0,0,54.61,0,45.39
2021-04-11T00:00:00.000Z,9045,5341578,57.44,14248,4957944,53.32,0,0,0,0,0,0,0,0,54.78,0,45.22
2021-04-12T00:00:00.000Z,8935,5350513,57.54,13233,4971177,53.46,0,0,0,0,0,0,0,0,54.95,0,45.05
2021-04-13T00:00:00.000Z,5841,5356354,57.6,4959,4976136,53.51,0,0,0,0,0,0,0,0,55.08,0,44.92
2021-04-14T00:00:00.000Z,3649,5360003,57.64,5309,4981445,53.57,0,0,0,0,0,0,0,0,55.18,0,44.82
2021-04-15T00:00:00.000Z,697,5360700,57.65,581,4982026,53.57,0,0,0,0,0,0,0,0,55.27,0,44.73
2021-04-16T00:00:00.000Z,3416,5364116,57.68,6651,4988677,53.65,0,0,0,0,0,0,0,0,55.33,0,44.67
2021-04-17T00:00:00.000Z,822,5364938,57.69,1972,4990649,53.67,0,0,0,0,0,0,0,0,55.35,0,44.65
2021-04-18T00:00:00.000Z,7099,5372037,57.77,7433,4998082,53.75,0,0,0,0,0,0,0,0,55.47,0,44.53
2021-04-19T00:00:00.000Z,6404,5378441,57.84,7133,5005215,53.82,0,0,0,0,0,0,0,0,55.58,0,44.42
2021-04-20T00:00:00.000Z,6279,5384720,57.9,6886,5012101,53.9,0,0,0,0,0,0,0,0,55.65,0,44.35
2021-04-21T00:00:00.000Z,6380,5391100,57.97,7108,5019209,53.97,0,0,0,0,0,0,0,0,55.71,0,44.29
2021-04-22T00:00:00.000Z,5948,5397048,58.04,7688,5026897,54.06,0,0,0,0,0,0,0,0,55.75,0,44.25
2021-04-23T00:00:00.000Z,2765,5399813,58.07,3389,5030286,54.09,0,0,0,0,0,0,0,0,55.8,0,44.2
2021-04-24T00:00:00.000Z,767,5400580,58.08,1290,5031576,54.11,0,0,0,0,0,0,0,0,55.82,0,44.18
2021-04-25T00:00:00.000Z,4828,5405408,58.13,6924,5038500,54.18,0,0,0,0,0,0,0,0,55.89,0,44.11
2021-04-26T00:00:00.000Z,5479,5410887,58.19,7889,5046389,54.27,0,0,0,0,0,0,0,0,55.96,0,44.04
2021-04-27T00:00:00.000Z,4506,5415393,58.23,6625,5053014,54.34,0,0,0,0,0,0,0,0,56.03,0,43.97
2021-04-28T00:00:00.000Z,4499,5419892,58.28,7333,5060347,54.42,0,0,0,0,0,0,0,0,56.09,0,43.91
2021-04-29T00:00:00.000Z,4376,5424268,58.33,7292,5067639,54.49,0,0,0,0,0,0,0,0,56.16,0,43.84
2021-04-30T00:00:00.000Z,1923,5426191,58.35,3200,5070839,54.53,0,0,0,0,0,0,0,0,56.19,0,43.81
2021-05-01T00:00:00.000Z,458,5426649,58.36,895,5071734,54.54,0,0,0,0,0,0,0,0,56.2,0,43.8
2021-05-02T00:00:00.000Z,3225,5429874,58.39,6092,5077826,54.6,0,0,0,0,0,0,0,0,56.26,0,43.74
2021-05-03T00:00:00.000Z,3535,5433409,58.43,5831,5083657,54.67,0,0,0,0,0,0,0,0,56.32,0,43.68
2021-05-04T00:00:00.000Z,3591,5437000,58.47,4736,5088393,54.72,0,0,0,0,0,0,0,0,56.38,0,43.62
2021-05-05T00:00:00.000Z,3291,5440291,58.5,4092,5092485,54.76,0,0,0,0,0,0,0,0,56.44,0,43.56
2021-05-06T00:00:00.000Z,3643,5443934,58.54,3143,5095628,54.8,0,0,0,0,0,0,0,0,56.5,0,43.5
2021-05-07T00:00:00.000Z,1843,5445777,58.56,2508,5098136,54.82,0,0,0,0,0,0,0,0,56.52,0,43.48
2021-05-08T00:00:00.000Z,241,5446018,58.56,507,5098643,54.83,0,0,0,0,0,0,0,0,56.53,0,43.47
2021-05-09T00:00:00.000Z,2851,5448869,58.59,4750,5103393,54.88,0,0,0,0,0,0,0,0,56.58,0,43.42
2021-05-10T00:00:00.000Z,2897,5451766,58.63,4710,5108103,54.93,0,0,0,0,0,0,0,0,56.63,0,43.37
2021-05-11T00:00:00.000Z,2622,5454388,58.65,3879,5111982,54.97,0,0,0,0,0,0,0,0,56.67,0,43.33
2021-05-12T00:00:00.000Z,2030,5456418,58.68,3339,5115321,55.01,0,0,0,0,0,0,0,0,56.7,0,43.3
2021-05-13T00:00:00.000Z,2041,5458459,58.7,3684,5119005,55.05,0,0,0,0,0,0,0,0,56.73,0,43.27
2021-05-14T00:00:00.000Z,978,5459437,58.71,1494,5120499,55.06,0,0,0,0,0,0,0,0,56.75,0,43.25
2021-05-15T00:00:00.000Z,255,5459692,58.71,259,5120758,55.07,0,0,0,0,0,0,0,0,56.75,0,43.25
2021-05-16T00:00:00.000Z,529,5460221,58.72,1206,5121964,55.08,0,0,0,0,0,0,0,0,56.78,0,43.22
2021-05-17T00:00:00.000Z,300,5460521,58.72,848,5122812,55.09,0,0,0,0,0,0,0,0,56.81,0,43.19
2021-05-18T00:00:00.000Z,1961,5462482,58.74,4937,5127749,55.14,0,0,0,0,0,0,0,0,56.84,0,43.16
2021-05-19T00:00:00.000Z,2232,5464714,58.76,5041,5132790,55.2,0,0,0,0,0,0,0,0,56.87,0,43.13
2021-05-20T00:00:00.000Z,2312,5467026,58.79,3879,5136669,55.24,0,0,0,0,0,0,0,0,56.9,0,43.1
2021-05-21T00:00:00.000Z,1194,5468220,58.8,1414,5138083,55.25,0,0,0,0,0,0,0,0,56.92,0,43.08
2021-05-22T00:00:00.000Z,206,5468426,58.8,395,5138478,55.26,0,0,0,0,0,0,0,0,56.92,0,43.08
2021-05-23T00:00:00.000Z,2271,5470697,58.83,3216,5141694,55.29,0,0,0,0,0,0,0,0,56.94,0,43.06
2021-05-24T00:00:00.000Z,2139,5472836,58.85,3596,5145290,55.33,0,0,0,0,0,0,0,0,56.96,0,43.04
2021-05-25T00:00:00.000Z,1821,5474657,58.87,2586,5147876,55.36,0,0,0,0,0,0,0,0,56.99,0,43.01
2021-05-26T00:00:00.000Z,1410,5476067,58.89,2503,5150379,55.38,0,0,0,0,0,0,0,0,57.03,0,42.97
2021-05-27T00:00:00.000Z,1861,5477928,58.91,3188,5153567,55.42,0,0,0,0,0,0,0,0,57.06,0,42.94
2021-05-28T00:00:00.000Z,790,5478718,58.92,1405,5154972,55.43,0,0,0,0,0,0,0,0,57.07,0,42.93
2021-05-29T00:00:00.000Z,190,5478908,58.92,224,5155196,55.44,0,0,0,0,0,0,0,0,57.07,0,42.93
2021-05-30T00:00:00.000Z,1644,5480552,58.94,1937,5157133,55.46,0,0,0,0,0,0,0,0,57.1,0,42.9
2021-05-31T00:00:00.000Z,1738,5482290,58.95,2093,5159226,55.48,0,0,0,0,0,0,0,0,57.13,0,42.87
2021-06-01T00:00:00.000Z,1383,5483673,58.97,1823,5161049,55.5,0,0,0,0,0,0,0,0,57.47,0,42.53
2021-06-02T00:00:00.000Z,1513,5485186,58.98,1608,5162657,55.52,0,0,0,0,0,0,0,0,57.25,0,42.75
2021-06-03T00:00:00.000Z,1684,5486870,59,1491,5164148,55.53,0,0,0,0,0,0,0,0,57.27,0,42.73
2021-06-04T00:00:00.000Z,1101,5487971,59.01,783,5164931,55.54,0,0,0,0,0,0,0,0,57.28,0,42.72
2021-06-05T00:00:00.000Z,184,5488155,59.02,159,5165090,55.54,0,0,0,0,0,0,0,0,57.29,0,42.71
2021-06-06T00:00:00.000Z,4291,5492446,59.06,1002,5166092,55.55,0,0,0,0,0,0,0,0,57.31,0,42.69
2021-06-07T00:00:00.000Z,4438,5496884,59.11,812,5166904,55.56,0,0,0,0,0,0,0,0,57.34,0,42.66
2021-06-08T00:00:00.000Z,3739,5500623,59.15,1174,5168078,55.57,0,0,0,0,0,0,0,0,57.36,0,42.64
2021-06-09T00:00:00.000Z,3614,5504237,59.19,1327,5169405,55.59,0,0,0,0,0,0,0,0,57.4,0,42.6
2021-06-10T00:00:00.000Z,3359,5507596,59.23,1300,5170705,55.6,0,0,0,0,0,0,0,0,57.42,0,42.58
2021-06-11T00:00:00.000Z,1397,5508993,59.24,588,5171293,55.61,0,0,0,0,0,0,0,0,57.43,0,42.57
2021-06-12T00:00:00.000Z,218,5509211,59.24,173,5171466,55.61,0,0,0,0,0,0,0,0,57.43,0,42.57
2021-06-13T00:00:00.000Z,3101,5512312,59.28,1260,5172726,55.62,0,0,0,0,0,0,0,0,57.45,0,42.55
2021-06-14T00:00:00.000Z,3056,5515368,59.31,1531,5174257,55.64,0,0,0,0,0,0,0,0,57.46,0,42.54
2021-06-15T00:00:00.000Z,3137,5518505,59.34,1375,5175632,55.66,0,0,0,0,0,0,0,0,57.48,0,42.52
2021-06-16T00:00:00.000Z,2730,5521235,59.37,1000,5176632,55.67,0,0,0,0,0,0,0,0,57.49,0,42.51
2021-06-17T00:00:00.000Z,2731,5523966,59.4,1207,5177839,55.68,0,0,0,0,0,0,0,0,57.51,0,42.49
2021-06-18T00:00:00.000Z,1265,5525231,59.42,506,5178345,55.69,0,0,0,0,0,0,0,0,57.52,0,42.48
2021-06-19T00:00:00.000Z,242,5525473,59.42,139,5178484,55.69,0,0,0,0,0,0,0,0,57.52,0,42.48
2021-06-20T00:00:00.000Z,3316,5528789,59.45,1330,5179814,55.7,0,0,0,0,0,0,0,0,57.54,0,42.46
2021-06-21T00:00:00.000Z,5245,5534034,59.51,1217,5181031,55.71,0,0,0,0,0,0,0,0,57.56,0,42.44
2021-06-22T00:00:00.000Z,6933,5540967,59.58,1099,5182130,55.73,0,0,0,0,0,0,0,0,57.58,0,42.42
2021-06-23T00:00:00.000Z,10755,5551722,59.7,1304,5183434,55.74,0,0,0,0,0,0,0,0,57.6,0,42.4
2021-06-24T00:00:00.000Z,12047,5563769,59.83,1466,5184900,55.76,0,0,0,0,0,0,0,0,57.62,0,42.38
2021-06-25T00:00:00.000Z,7114,5570883,59.91,944,5185844,55.77,0,0,0,0,0,0,0,0,57.62,0,42.38
2021-06-26T00:00:00.000Z,2274,5573157,59.93,200,5186044,55.77,0,0,0,0,0,0,0,0,57.63,0,42.37
2021-06-27T00:00:00.000Z,13631,5586788,60.08,3436,5189480,55.81,0,0,0,0,0,0,0,0,57.65,0,42.35
2021-06-28T00:00:00.000Z,14518,5601306,60.23,3675,5193155,55.84,0,0,0,0,0,0,0,0,57.68,0,42.32
2021-06-29T00:00:00.000Z,16710,5618016,60.41,3743,5196898,55.88,0,0,0,0,0,0,0,0,57.69,0,42.31
2021-06-30T00:00:00.000Z,16485,5634501,60.59,3396,5200294,55.92,0,0,0,0,0,0,0,0,57.72,0,42.28
2021-07-01T00:00:00.000Z,16835,5651336,60.77,3376,5203670,55.96,121,121,0,0,0,0,0,0,57.78,0,42.22
2021-07-02T00:00:00.000Z,9836,5661172,60.88,1605,5205275,55.97,7,128,0,0,0,0,0,0,57.79,0,42.21
2021-07-03T00:00:00.000Z,2677,5663849,60.91,296,5205571,55.98,1,129,0,0,0,0,0,0,57.79,0,42.21
2021-07-04T00:00:00.000Z,17735,5681584,61.1,3161,5208732,56.01,2,131,0,0,0,0,0,0,57.85,0,42.15
2021-07-05T00:00:00.000Z,17849,5699433,61.29,3045,5211777,56.04,7,138,0,0,0,0,0,0,57.91,0,42.09
2021-07-06T00:00:00.000Z,17847,5717280,61.48,3409,5215186,56.08,11,149,0,0,0,0,0,0,57.99,0,42.01
2021-07-07T00:00:00.000Z,15527,5732807,61.65,2701,5217887,56.11,12,161,0,0,0,0,0,0,58.05,0,41.95
2021-07-08T00:00:00.000Z,16586,5749393,61.83,2879,5220766,56.14,17,178,0,0,0,0,0,0,58.12,0,41.88
2021-07-09T00:00:00.000Z,11125,5760518,61.95,1535,5222301,56.16,4,182,0,0,0,0,0,0,58.15,0,41.85
2021-07-10T00:00:00.000Z,4988,5765506,62,389,5222690,56.16,6,188,0,0,0,0,0,0,58.15,0,41.85
2021-07-11T00:00:00.000Z,1456,5766962,62.02,2848,5225538,56.19,8,196,0,0,0,0,0,0,58.22,0,41.78
2021-07-12T00:00:00.000Z,2425,5769387,62.04,3691,5229229,56.23,56,252,0,0,0,0,0,0,58.29,0,41.71
2021-07-13T00:00:00.000Z,2964,5772351,62.07,5458,5234687,56.29,124,376,0,0,0,0,0,0,58.36,0,41.64
2021-07-14T00:00:00.000Z,2747,5775098,62.1,7532,5242219,56.37,441,817,0.01,0,0,0,0,0,58.42,0,41.58
2021-07-15T00:00:00.000Z,3005,5778103,62.13,9297,5251516,56.47,374,1191,0.01,0,0,0,0,0,58.5,0,41.5
2021-07-16T00:00:00.000Z,1295,5779398,62.15,5897,5257413,56.54,66,1257,0.01,0,0,0,0,0,58.54,0,41.46
2021-07-17T00:00:00.000Z,370,5779768,62.15,1391,5258804,56.55,8,1265,0.01,0,0,0,0,0,58.55,0,41.44
2021-07-18T00:00:00.000Z,2073,5781841,62.18,9768,5268572,56.66,235,1500,0.02,0,0,0,0,0,58.6,0,41.4
2021-07-19T00:00:00.000Z,3210,5785051,62.21,11345,5279917,56.78,461,1961,0.02,0,0,0,0,0,58.65,0,41.35
2021-07-20T00:00:00.000Z,2686,5787737,62.24,11912,5291829,56.91,373,2334,0.03,0,0,0,0,0,58.72,0,41.28
2021-07-21T00:00:00.000Z,2405,5790142,62.26,11880,5303709,57.03,325,2659,0.03,0,0,0,0,0,58.81,0,41.19
2021-07-22T00:00:00.000Z,2875,5793017,62.3,13275,5316984,57.18,391,3050,0.03,0,0,0,0,0,58.93,0,41.07
2021-07-23T00:00:00.000Z,2036,5795053,62.32,8249,5325233,57.26,106,3156,0.03,0,0,0,0,0,58.99,0,41.01
2021-07-24T00:00:00.000Z,642,5795695,62.32,1485,5326718,57.28,7,3163,0.03,0,0,0,0,0,58.99,0,41
2021-07-25T00:00:00.000Z,4416,5800111,62.37,15497,5342215,57.45,223,3386,0.04,0,0,0,0,0,59.1,0,40.89
2021-07-26T00:00:00.000Z,5169,5805280,62.43,13533,5355748,57.59,325,3711,0.04,0,0,0,0,0,59.24,0,40.75
2021-07-27T00:00:00.000Z,5491,5810771,62.49,13577,5369325,57.74,414,4125,0.04,0,0,0,0,0,59.37,0.01,40.62
2021-07-28T00:00:00.000Z,3987,5814758,62.53,12342,5381667,57.87,472,4597,0.05,0,0,0,0,0,59.5,0.01,40.49
2021-07-29T00:00:00.000Z,4664,5819422,62.58,14199,5395866,58.02,532,5129,0.06,0,0,0,0,0,59.65,0.01,40.33
2021-07-30T00:00:00.000Z,2653,5822075,62.61,10854,5406720,58.14,4122,9251,0.1,0,0,0,0,0,59.74,0.02,40.25
2021-07-31T00:00:00.000Z,1405,5823480,62.62,3552,5410272,58.18,6159,15410,0.17,0,0,0,0,0,59.75,0.02,40.23
2021-08-01T00:00:00.000Z,3076,5826556,62.66,3364,5413636,58.22,31047,46457,0.5,0,0,0,0,0,59.91,0.02,40.06
2021-08-02T00:00:00.000Z,3132,5829688,62.69,3173,5416809,58.25,58514,104971,1.13,0,0,0,0,0,60.06,0.03,39.91
2021-08-03T00:00:00.000Z,3387,5833075,62.73,3328,5420137,58.29,78953,183924,1.98,0,0,0,0,0,60.21,0.03,39.76
2021-08-04T00:00:00.000Z,3527,5836602,62.76,3255,5423392,58.32,80764,264688,2.85,0,0,0,0,0,60.34,0.03,39.63
2021-08-05T00:00:00.000Z,4513,5841115,62.81,3569,5426961,58.36,88442,353130,3.8,0,0,0,0,0,60.49,0.04,39.47
2021-08-06T00:00:00.000Z,2435,5843550,62.84,1860,5428821,58.38,44744,397874,4.28,0,0,0,0,0,60.6,0.04,39.36
2021-08-07T00:00:00.000Z,1033,5844583,62.85,698,5429519,58.39,27353,425227,4.57,0,0,0,0,0,60.63,0.04,39.32
2021-08-08T00:00:00.000Z,4989,5849572,62.9,3082,5432601,58.42,80087,505314,5.43,0,0,0,0,0,60.68,0.04,39.28
2021-08-09T00:00:00.000Z,5339,5854911,62.96,3061,5435662,58.45,76489,581803,6.26,0,0,0,0,0,60.72,0.04,39.24
2021-08-10T00:00:00.000Z,5552,5860463,63.02,3202,5438864,58.49,75427,657230,7.07,0,0,0,0,0,60.75,0.04,39.2
2021-08-11T00:00:00.000Z,5694,5866157,63.08,2946,5441810,58.52,62639,719869,7.74,0,0,0,0,0,60.79,0.04,39.17
2021-08-12T00:00:00.000Z,7039,5873196,63.16,3287,5445097,58.55,59462,779331,8.38,0,0,0,0,0,60.83,0.04,39.12
2021-08-13T00:00:00.000Z,3819,5877015,63.2,2071,5447168,58.58,43869,823200,8.85,0,0,0,0,0,60.84,0.05,39.11
2021-08-14T00:00:00.000Z,2252,5879267,63.22,850,5448018,58.59,44486,867686,9.33,0,0,0,0,0,60.85,0.05,39.1
2021-08-15T00:00:00.000Z,7143,5886410,63.3,4531,5452549,58.63,97983,965669,10.38,0,0,0,0,0,60.89,0.05,39.06
2021-08-16T00:00:00.000Z,6990,5893400,63.37,4747,5457296,58.69,89521,1055190,11.35,0,0,0,0,0,60.92,0.04,39.03
2021-08-17T00:00:00.000Z,7572,5900972,63.46,5134,5462430,58.74,83320,1138510,12.24,0,0,0,0,0,60.96,0.04,39
2021-08-18T00:00:00.000Z,8643,5909615,63.55,4603,5467033,58.79,69267,1207777,12.99,0,0,0,0,0,60.99,0.04,38.96
2021-08-19T00:00:00.000Z,10080,5919695,63.66,5216,5472249,58.85,65974,1273751,13.7,0,0,0,0,0,61.03,0.04,38.92
2021-08-20T00:00:00.000Z,4768,5924463,63.71,2826,5475075,58.88,60452,1334203,14.35,0,0,0,0,0,61.05,0.05,38.9
2021-08-21T00:00:00.000Z,3498,5927961,63.75,1580,5476655,58.89,50725,1384928,14.89,0,0,0,0,0,61.06,0.05,38.89
2021-08-22T00:00:00.000Z,9821,5937782,63.85,4807,5481462,58.94,105106,1490034,16.02,0,0,0,0,0,61.12,0.04,38.84
2021-08-23T00:00:00.000Z,10924,5948706,63.97,4447,5485909,58.99,94031,1584065,17.03,0,0,0,0,0,61.17,0.04,38.79
2021-08-24T00:00:00.000Z,11721,5960427,64.1,4703,5490612,59.04,98551,1682616,18.09,0,0,0,0,0,61.23,0.04,38.73
2021-08-25T00:00:00.000Z,9612,5970039,64.2,4482,5495094,59.09,99550,1782166,19.16,0,0,0,0,0,61.29,0.04,38.67
2021-08-26T00:00:00.000Z,10107,5980146,64.31,5057,5500151,59.15,101228,1883394,20.25,0,0,0,0,0,61.36,0.03,38.61
2021-08-27T00:00:00.000Z,4325,5984471,64.35,2785,5502936,59.18,56694,1940088,20.86,0,0,0,0,0,61.35,0.04,38.61
2021-08-28T00:00:00.000Z,3698,5988169,64.39,1497,5504433,59.19,33539,1973627,21.22,0,0,0,0,0,61.4,0.04,38.57
2021-08-29T00:00:00.000Z,10321,5998490,64.5,5931,5510364,59.26,79548,2053175,22.08,0,0,0,0,0,61.46,0.03,38.5
2021-08-30T00:00:00.000Z,12334,6010824,64.64,7015,5517379,59.33,116004,2169179,23.33,0,0,0,0,0,61.53,0.03,38.44
2021-08-31T00:00:00.000Z,12075,6022899,64.77,6527,5523906,59.4,114874,2284053,24.56,0,0,0,0,0,61.6,0.03,38.37
2021-09-01T00:00:00.000Z,9032,6031931,64.86,6039,5529945,59.47,112489,2396542,25.77,0,0,0,0,0,61.43,0.03,38.54
2021-09-02T00:00:00.000Z,8784,6040715,64.96,7180,5537125,59.54,111542,2508084,26.97,0,0,0,0,0,61.49,0.03,38.48
2021-09-03T00:00:00.000Z,3749,6044464,65,4115,5541240,59.59,58884,2566968,27.6,0,0,0,0,0,61.56,0.03,38.42
2021-09-04T00:00:00.000Z,2692,6047156,65.03,2021,5543261,59.61,29950,2596918,27.93,0,0,0,0,0,61.59,0.03,38.38
2021-09-05T00:00:00.000Z,6991,6054147,65.1,6460,5549721,59.68,73326,2670244,28.71,0,0,0,0,0,61.68,0.03,38.29
2021-09-06T00:00:00.000Z,2834,6056981,65.13,2712,5552433,59.71,22797,2693041,28.96,0,0,0,0,0,61.77,0.03,38.2
2021-09-07T00:00:00.000Z,1200,6058181,65.15,879,5553312,59.72,5398,2698439,29.02,0,0,0,0,0,61.85,0.03,38.12
2021-09-08T00:00:00.000Z,1380,6059561,65.16,1195,5554507,59.73,6621,2705060,29.09,0,0,0,0,0,61.93,0.03,38.05
2021-09-09T00:00:00.000Z,7090,6066651,65.24,12573,5567080,59.87,73845,2778905,29.88,0,0,0,0,0,62.02,0.03,37.95
2021-09-10T00:00:00.000Z,3258,6069909,65.27,5016,5572096,59.92,37936,2816841,30.29,0,0,0,0,0,62.06,0.03,37.91
2021-09-11T00:00:00.000Z,2109,6072018,65.3,2505,5574601,59.95,14816,2831657,30.45,0,0,0,0,0,62.08,0.03,37.89
2021-09-12T00:00:00.000Z,6107,6078125,65.36,8587,5583188,60.04,54135,2885792,31.03,0,0,0,0,0,62.16,0.03,37.81
2021-09-13T00:00:00.000Z,5610,6083735,65.42,8262,5591450,60.13,47981,2933773,31.55,0,0,0,0,0,62.15,0.03,37.82
2021-09-14T00:00:00.000Z,4961,6088696,65.47,7420,5598870,60.21,48854,2982627,32.07,0,0,0,0,0,62.2,0.03,37.77
2021-09-15T00:00:00.000Z,1750,6090446,65.49,2717,5601587,60.24,16686,2999313,32.25,0,0,0,0,0,62.25,0.03,37.72
2021-09-16T00:00:00.000Z,343,6090789,65.5,549,5602136,60.24,1740,3001053,32.27,0,0,0,0,0,62.37,0.03,37.6
2021-09-17T00:00:00.000Z,3682,6094471,65.54,7019,5609155,60.32,42904,3043957,32.73,0,0,0,0,0,62.42,0.03,37.54
2021-09-18T00:00:00.000Z,2258,6096729,65.56,2944,5612099,60.35,12783,3056740,32.87,0,0,0,0,0,62.45,0.03,37.52
2021-09-19T00:00:00.000Z,5941,6102670,65.63,10710,5622809,60.46,44332,3101072,33.35,0,0,0,0,0,62.55,0.03,37.42
2021-09-20T00:00:00.000Z,3245,6105915,65.66,4645,5627454,60.51,16707,3117779,33.53,0,0,0,0,0,62.63,0.03,37.34
2021-09-21T00:00:00.000Z,1339,6107254,65.67,2059,5629513,60.54,3476,3121255,33.56,0,0,0,0,0,62.69,0.03,37.28
2021-09-22T00:00:00.000Z,4257,6111511,65.72,7250,5636763,60.61,25072,3146327,33.83,0,0,0,0,0,62.72,0.03,37.25
2021-09-23T00:00:00.000Z,4389,6115900,65.77,5912,5642675,60.68,27833,3174160,34.13,0,0,0,0,0,62.75,0.03,37.22
2021-09-24T00:00:00.000Z,3202,6119102,65.8,4185,5646860,60.72,27721,3201881,34.43,0,0,0,0,0,62.82,0.03,37.15
2021-09-25T00:00:00.000Z,2079,6121181,65.82,2261,5649121,60.75,10443,3212324,34.54,0,0,0,0,0,62.85,0.03,37.12
2021-09-26T00:00:00.000Z,5604,6126785,65.88,5972,5655093,60.81,36270,3248594,34.93,0,0,0,0,0,62.96,0.03,37
2021-09-27T00:00:00.000Z,4694,6131479,65.93,4468,5659561,60.86,30455,3279049,35.26,0,0,0,0,0,63.02,0.03,36.94
2021-09-28T00:00:00.000Z,1472,6132951,65.95,1181,5660742,60.87,6249,3285298,35.33,0,0,0,0,0,63.06,0.04,36.91
2021-09-29T00:00:00.000Z,9620,6142571,66.05,8346,5669088,60.96,60324,3345622,35.98,0,0,0,0,0,63.13,0.03,36.84
2021-09-30T00:00:00.000Z,10974,6153545,66.17,8574,5677662,61.05,79697,3425319,36.83,0,0,0,0,0,63.18,0.03,36.79
2021-10-01T00:00:00.000Z,5125,6158670,66.23,3875,5681537,61.1,46545,3471864,37.33,0,0,0,0,0,63.23,0.03,36.73
2021-10-02T00:00:00.000Z,2862,6161532,66.26,2127,5683664,61.12,22432,3494296,37.58,0,0,0,0,0,63.26,0.03,36.71
2021-10-03T00:00:00.000Z,11667,6173199,66.38,7273,5690937,61.2,70725,3565021,38.34,0,0,0,0,0,63.35,0.03,36.62
2021-10-04T00:00:00.000Z,10320,6183519,66.49,6757,5697694,61.27,51909,3616930,38.89,0,0,0,0,0,63.4,0.03,36.57
2021-10-05T00:00:00.000Z,8459,6191978,66.59,5314,5703008,61.33,40479,3657409,39.33,0,0,0,0,0,63.41,0.03,36.55
2021-10-06T00:00:00.000Z,7542,6199520,66.67,4183,5707191,61.37,34147,3691556,39.7,0,0,0,0,0,63.52,0.03,36.45
2021-10-07T00:00:00.000Z,6892,6206412,66.74,4009,5711200,61.42,34066,3725622,40.06,0,0,0,0,0,63.63,0.03,36.34
2021-10-08T00:00:00.000Z,3085,6209497,66.77,2643,5713843,61.44,19250,3744872,40.27,0,0,0,0,0,63.68,0.03,36.29
2021-10-09T00:00:00.000Z,1337,6210834,66.79,1443,5715286,61.46,7441,3752313,40.35,0,0,0,0,0,63.71,0.03,36.26
2021-10-10T00:00:00.000Z,4675,6215509,66.84,3747,5719033,61.5,21518,3773831,40.58,0,0,0,0,0,63.82,0.04,36.14
2021-10-11T00:00:00.000Z,4299,6219808,66.88,2943,5721976,61.53,17268,3791099,40.77,0,0,0,0,0,63.91,0.04,36.05
2021-10-12T00:00:00.000Z,3973,6223781,66.93,3003,5724979,61.56,15356,3806455,40.93,0,0,0,0,0,63.99,0.05,35.96
2021-10-13T00:00:00.000Z,3487,6227268,66.97,2451,5727430,61.59,13587,3820042,41.08,0,0,0,0,0,64.09,0.05,35.86
2021-10-14T00:00:00.000Z,3868,6231136,67.01,2685,5730115,61.62,16566,3836608,41.26,0,0,0,0,0,64.19,0.06,35.75
2021-10-15T00:00:00.000Z,1703,6232839,67.02,1682,5731797,61.64,9008,3845616,41.35,0,0,0,0,0,64.23,0.07,35.7
2021-10-16T00:00:00.000Z,727,6233566,67.03,956,5732753,61.65,4035,3849651,41.4,0,0,0,0,0,64.25,0.08,35.67
2021-10-17T00:00:00.000Z,3089,6236655,67.07,2525,5735278,61.67,12798,3862449,41.53,0,0,0,0,0,64.36,0.09,35.56
2021-10-18T00:00:00.000Z,2460,6239115,67.09,1690,5736968,61.69,10069,3872518,41.64,0,0,0,0,0,64.43,0.1,35.47
2021-10-19T00:00:00.000Z,2397,6241512,67.12,1282,5738250,61.71,9295,3881813,41.74,0,0,0,0,0,64.49,0.1,35.4
2021-10-20T00:00:00.000Z,2434,6243946,67.14,2304,5740554,61.73,10100,3891913,41.85,0,0,0,0,0,64.14,0.52,35.34
2021-10-21T00:00:00.000Z,3032,6246978,67.18,3096,5743650,61.76,12163,3904076,41.98,0,0,0,0,0,54.23,10.41,35.36
2021-10-22T00:00:00.000Z,1279,6248257,67.19,1435,5745085,61.78,5835,3909911,42.05,0,0,0,0,0,54.36,10.26,35.38
2021-10-23T00:00:00.000Z,572,6248829,67.2,1266,5746351,61.79,2564,3912475,42.07,0,0,0,0,0,54.42,10.19,35.39
2021-10-24T00:00:00.000Z,2515,6251344,67.22,2653,5749004,61.82,9855,3922330,42.18,0,0,0,0,0,54.22,10.43,35.35
2021-10-25T00:00:00.000Z,2635,6253979,67.25,2750,5751754,61.85,8509,3930839,42.27,0,0,0,0,0,54.59,10.22,35.19
2021-10-26T00:00:00.000Z,2381,6256360,67.28,2056,5753810,61.87,8523,3939362,42.36,0,0,0,0,0,54.64,10.26,35.1
2021-10-27T00:00:00.000Z,2289,6258649,67.3,2566,5756376,61.9,7954,3947316,42.45,0,0,0,0,0,54.58,10.37,35.06
2021-10-28T00:00:00.000Z,2504,6261153,67.33,2778,5759154,61.93,8671,3955987,42.54,0,0,0,0,0,54.69,10.76,34.55
2021-10-29T00:00:00.000Z,900,6262053,67.34,1151,5760305,61.94,4137,3960124,42.59,0,0,0,0,0,54.73,10.75,34.52
2021-10-30T00:00:00.000Z,366,6262419,67.34,530,5760835,61.95,1712,3961836,42.6,0,0,0,0,0,54.68,10.81,34.52
2021-10-31T00:00:00.000Z,2260,6264679,67.37,2495,5763330,61.98,8255,3970091,42.69,0,0,0,0,0,54.83,10.7,34.47
2021-11-01T00:00:00.000Z,1736,6266415,67.39,2092,5765422,62,6479,3976570,42.76,0,0,0,0,0,54.95,10.63,34.42
2021-11-02T00:00:00.000Z,2026,6268441,67.41,2044,5767466,62.02,6295,3982865,42.83,0,0,0,0,0,54.89,10.69,34.42
2021-11-03T00:00:00.000Z,1763,6270204,67.43,1897,5769363,62.04,5556,3988421,42.89,0,0,0,0,0,54.86,10.75,34.39
2021-11-04T00:00:00.000Z,2111,6272315,67.45,2802,5772165,62.07,7127,3995548,42.97,0,0,0,0,0,54.85,10.81,34.33
2021-11-05T00:00:00.000Z,789,6273104,67.46,904,5773069,62.08,3485,3999033,43,0,0,0,0,0,54.85,10.83,34.32
2021-11-06T00:00:00.000Z,346,6273450,67.46,386,5773455,62.08,1373,4000406,43.02,0,0,0,0,0,54.82,10.86,34.32
2021-11-07T00:00:00.000Z,1578,6275028,67.48,1769,5775224,62.1,6134,4006540,43.08,0,0,0,0,0,54.92,10.8,34.28
2021-11-08T00:00:00.000Z,1519,6276547,67.49,1602,5776826,62.12,5405,4011945,43.14,0,0,0,0,0,55.01,10.75,34.24
2021-11-09T00:00:00.000Z,1428,6277975,67.51,1609,5778435,62.14,5331,4017276,43.2,0,0,0,0,0,55.05,10.74,34.21
2021-11-10T00:00:00.000Z,1423,6279398,67.53,1659,5780094,62.16,4777,4022053,43.25,0,0,0,0,0,55.08,10.73,34.19
2021-11-11T00:00:00.000Z,1627,6281025,67.54,1944,5782038,62.18,5717,4027770,43.31,0,0,0,0,0,55.15,10.69,34.15
2021-11-12T00:00:00.000Z,634,6281659,67.55,826,5782864,62.19,2922,4030692,43.34,0,0,0,0,0,55.17,10.69,34.14
2021-11-13T00:00:00.000Z,256,6281915,67.55,286,5783150,62.19,1130,4031822,43.36,0,0,0,0,0,55.14,10.72,34.14
2021-11-14T00:00:00.000Z,1536,6283451,67.57,1637,5784787,62.21,5109,4036931,43.41,0,0,0,0,0,55.21,10.68,34.11
2021-11-15T00:00:00.000Z,1274,6284725,67.58,1622,5786409,62.22,4770,4041701,43.46,0,0,0,0,0,55.28,10.63,34.09
2021-11-16T00:00:00.000Z,1273,6285998,67.6,1416,5787825,62.24,4347,4046048,43.51,0,0,0,0,0,55.32,10.62,34.07
2021-11-17T00:00:00.000Z,1205,6287203,67.61,1565,5789390,62.26,3915,4049963,43.55,0,0,0,0,0,55.35,10.6,34.05
2021-11-18T00:00:00.000Z,1361,6288564,67.62,1692,5791082,62.27,5010,4054973,43.61,0,0,0,0,0,55.41,10.58,34.02
2021-11-19T00:00:00.000Z,588,6289152,67.63,763,5791845,62.28,2457,4057430,43.63,0,0,0,0,0,55.42,10.57,34.01
2021-11-20T00:00:00.000Z,238,6289390,67.63,257,5792102,62.29,929,4058359,43.64,0,0,0,0,0,55.41,10.58,34
2021-11-21T00:00:00.000Z,1409,6290799,67.65,1541,5793643,62.3,4879,4063238,43.69,0,0,0,0,0,55.47,10.54,33.98
2021-11-22T00:00:00.000Z,1680,6292479,67.67,1522,5795165,62.32,4239,4067477,43.74,0,0,0,0,0,55.54,10.5,33.96
2021-11-23T00:00:00.000Z,8622,6301101,67.76,1687,5796852,62.34,4008,4071485,43.78,0,0,0,0,0,55.57,10.48,33.95
2021-11-24T00:00:00.000Z,9349,6310450,67.86,1317,5798169,62.35,3923,4075408,43.82,0,0,0,0,0,55.6,10.44,33.95
2021-11-25T00:00:00.000Z,9812,6320262,67.97,1601,5799770,62.37,4839,4080247,43.88,0,0,0,0,0,55.64,10.43,33.93
2021-11-26T00:00:00.000Z,5610,6325872,68.03,748,5800518,62.38,2800,4083047,43.91,0,0,0,0,0,55.63,10.45,33.92
2021-11-27T00:00:00.000Z,4779,6330651,68.08,323,5800841,62.38,1163,4084210,43.92,0,0,0,0,0,55.62,10.46,33.92
2021-11-28T00:00:00.000Z,10152,6340803,68.19,1477,5802318,62.4,4901,4089111,43.97,0,0,0,0,0,55.67,10.43,33.9
2021-11-29T00:00:00.000Z,9042,6349845,68.28,1131,5803449,62.41,4376,4093487,44.02,0,0,0,0,0,55.73,10.39,33.88
2021-11-30T00:00:00.000Z,10044,6359889,68.39,1035,5804484,62.42,4084,4097571,44.06,0,0,0,0,0,55.77,10.37,33.86
2021-12-01T00:00:00.000Z,8632,6368521,68.48,1095,5805579,62.43,4442,4102013,44.11,6,6,0,0,0,55.79,10.36,33.84
2021-12-02T00:00:00.000Z,9176,6377697,68.58,1454,5807033,62.45,5124,4107137,44.17,6,12,0,0,0,55.84,10.34,33.82
2021-12-03T00:00:00.000Z,6331,6384028,68.65,673,5807706,62.45,2867,4110004,44.2,1,13,0,0,0,55.86,10.33,33.81
2021-12-04T00:00:00.000Z,2509,6386537,68.68,235,5807941,62.46,922,4110926,44.21,3,16,0,0,0,55.85,10.34,33.81
2021-12-05T00:00:00.000Z,8335,6394872,68.77,1253,5809194,62.47,4683,4115609,44.26,1,17,0,0,0,55.9,10.31,33.79
2021-12-06T00:00:00.000Z,6723,6401595,68.84,1200,5810394,62.48,4350,4119959,44.3,4,21,0,0,0,55.95,10.27,33.78
2021-12-07T00:00:00.000Z,5553,6407148,68.9,1503,5811897,62.5,3965,4123924,44.35,9,30,0,0,0,55.99,10.25,33.76
2021-12-08T00:00:00.000Z,4935,6412083,68.95,1199,5813096,62.51,3883,4127807,44.39,10,40,0,0,0,56.03,10.22,33.75
2021-12-09T00:00:00.000Z,6237,6418320,69.02,1239,5814335,62.52,4506,4132313,44.44,8,48,0,0,0,56.08,10.19,33.73
2021-12-10T00:00:00.000Z,3005,6421325,69.05,703,5815038,62.53,2687,4135000,44.47,4,52,0,0,0,56.1,10.18,33.72
2021-12-11T00:00:00.000Z,1491,6422816,69.07,252,5815290,62.53,1016,4136016,44.48,0,52,0,0,0,56.1,10.18,33.71
2021-12-12T00:00:00.000Z,7274,6430090,69.15,1444,5816734,62.55,5248,4141264,44.53,3,55,0,0,0,56.16,10.15,33.69
2021-12-13T00:00:00.000Z,6181,6436271,69.21,1374,5818108,62.57,4350,4145614,44.58,5,60,0,0,0,56.21,10.11,33.67
2021-12-14T00:00:00.000Z,7317,6443588,69.29,6101,5824209,62.63,4937,4150551,44.63,12,72,0,0,0,56.27,10.09,33.65
2021-12-15T00:00:00.000Z,7203,6450791,69.37,7404,5831613,62.71,5445,4155996,44.69,7,79,0,0,0,56.34,10.06,33.6
2021-12-16T00:00:00.000Z,8079,6458870,69.46,8613,5840226,62.8,6563,4162559,44.76,8,87,0,0,0,56.53,10.05,33.42
2021-12-17T00:00:00.000Z,4406,6463276,69.5,5140,5845366,62.86,3953,4166512,44.8,3,90,0,0,0,56.64,10.05,33.3
2021-12-18T00:00:00.000Z,3941,6467217,69.55,2914,5848280,62.89,1360,4167872,44.82,2,92,0,0,0,56.73,10.07,33.2
2021-12-19T00:00:00.000Z,6980,6474197,69.62,9331,5857611,62.99,6273,4174145,44.89,6,98,0,0,0,56.92,10.04,33.04
2021-12-20T00:00:00.000Z,7969,6482166,69.71,7517,5865128,63.07,5443,4179588,44.95,9,107,0,0,0,57.07,10.02,32.91
2021-12-21T00:00:00.000Z,9549,6491715,69.81,8649,5873777,63.16,6490,4186078,45.02,8,115,0,0,0,57.27,10.01,32.71
2021-12-22T00:00:00.000Z,9664,6501379,69.91,8155,5881932,63.25,6249,4192327,45.08,12,127,0,0,0,57.49,10,32.52
2021-12-23T00:00:00.000Z,11538,6512917,70.04,10264,5892196,63.36,8159,4200486,45.17,16,143,0,0,0,57.7,9.97,32.33
2021-12-24T00:00:00.000Z,5873,6518790,70.1,6240,5898436,63.43,5280,4205766,45.23,12,155,0,0,0,57.83,9.96,32.21
2021-12-25T00:00:00.000Z,3338,6522128,70.14,2566,5901002,63.46,2021,4207787,45.25,6,161,0,0,0,57.9,9.96,32.15
2021-12-26T00:00:00.000Z,10653,6532781,70.25,8910,5909912,63.55,8201,4215988,45.34,8,169,0,0,0,58.1,9.92,31.98
2021-12-27T00:00:00.000Z,10371,6543152,70.36,7145,5917057,63.63,8185,4224173,45.42,21,190,0,0,0,58.27,9.9,31.83
2021-12-28T00:00:00.000Z,11375,6554527,70.48,7452,5924509,63.71,9640,4233813,45.53,24,214,0,0,0,58.46,9.88,31.66
2021-12-29T00:00:00.000Z,9932,6564459,70.59,5963,5930472,63.77,8375,4242188,45.62,20,234,0,0,0,58.64,9.85,31.51
2021-12-30T00:00:00.000Z,11011,6575470,70.71,7735,5938207,63.86,12241,4254429,45.75,10,244,0,0,0,58.84,9.82,31.34
2021-12-31T00:00:00.000Z,4829,6580299,70.76,3672,5941879,63.9,7294,4261723,45.83,135,379,0,0,0,58.9,9.79,31.3
2022-01-01T00:00:00.000Z,1992,6582291,70.78,1591,5943470,63.91,2741,4264464,45.86,66,445,0,0,0,58.93,9.79,31.28
2022-01-02T00:00:00.000Z,10217,6592508,70.89,6487,5949957,63.98,13002,4277466,46,590,1035,0,0,0.01,59.14,9.76,31.1
2022-01-03T00:00:00.000Z,9384,6601892,70.99,5258,5955215,64.04,11339,4288805,46.12,25055,26090,0,0,0.28,59.29,9.71,31
2022-01-04T00:00:00.000Z,8967,6610859,71.09,5949,5961164,64.1,10524,4299329,46.23,50658,76748,0,0,0.83,59.46,9.68,30.86
2022-01-05T00:00:00.000Z,8553,6619412,71.18,5739,5966903,64.17,10493,4309822,46.35,59589,136337,0,0,1.47,59.56,9.65,30.79
2022-01-06T00:00:00.000Z,10339,6629751,71.29,7959,5974862,64.25,13530,4323352,46.49,64000,200337,0,0,2.15,59.81,9.63,30.56
2022-01-07T00:00:00.000Z,4760,6634511,71.34,4556,5979418,64.3,8161,4331513,46.58,31135,231472,0,0,2.49,59.89,9.61,30.49
2022-01-08T00:00:00.000Z,2750,6637261,71.37,2452,5981870,64.33,5501,4337014,46.64,27631,259103,0,0,2.79,59.9,9.64,30.46
2022-01-09T00:00:00.000Z,9306,6646567,71.47,7722,5989592,64.41,11868,4348882,46.77,66765,325868,0,0,3.5,60.06,9.59,30.35
2022-01-10T00:00:00.000Z,8350,6654917,71.56,7645,5997237,64.49,11878,4360760,46.89,64774,390642,0,0,4.2,60.21,9.54,30.25
2022-01-11T00:00:00.000Z,8100,6663017,71.65,8621,6005858,64.58,11971,4372731,47.02,56657,447299,0,0,4.81,60.38,9.49,30.13
2022-01-12T00:00:00.000Z,7277,6670294,71.73,8303,6014161,64.67,11114,4383845,47.14,44631,491930,0,0,5.29,60.51,9.45,30.04
2022-01-13T00:00:00.000Z,7508,6677802,71.81,9616,6023777,64.78,11542,4395387,47.27,34765,526695,0,0,5.66,60.7,9.35,29.94
2022-01-14T00:00:00.000Z,2555,6680357,71.84,4935,6028712,64.83,6144,4401531,47.33,11141,537836,0,0,5.78,60.79,9.31,29.9
2022-01-15T00:00:00.000Z,1469,6681826,71.85,3170,6031882,64.86,3884,4405415,47.37,5716,543552,0,0,5.85,60.83,9.29,29.87
2022-01-16T00:00:00.000Z,3818,6685644,71.89,8526,6040408,64.96,7681,4413096,47.46,19992,563544,0,0,6.06,60.97,9.2,29.82
2022-01-17T00:00:00.000Z,2809,6688453,71.92,7046,6047454,65.03,6170,4419266,47.52,17832,581376,0,0,6.25,61.09,9.13,29.78
2022-01-18T00:00:00.000Z,2475,6690928,71.95,7385,6054839,65.11,5534,4424800,47.58,14817,596193,0,0,6.41,61.23,9.07,29.7
2022-01-19T00:00:00.000Z,1915,6692843,71.97,6369,6061208,65.18,4520,4429320,47.63,8460,604653,0,0,6.5,61.37,8.98,29.65
2022-01-20T00:00:00.000Z,1779,6694622,71.99,6969,6068177,65.25,4792,4434112,47.68,8041,612694,0,0,6.59,61.44,8.85,29.71
2022-01-21T00:00:00.000Z,905,6695527,72,3725,6071902,65.29,2645,4436757,47.71,3358,616052,0,0,6.62,61.51,8.81,29.68
2022-01-22T00:00:00.000Z,328,6695855,72,1461,6073363,65.31,1066,4437823,47.72,1113,617165,0,0,6.64,61.51,8.75,29.74
2022-01-23T00:00:00.000Z,1068,6696923,72.02,5632,6078995,65.37,2878,4440701,47.75,6083,623248,0,0,6.7,61.61,8.7,29.69
2022-01-24T00:00:00.000Z,759,6697682,72.02,4480,6083475,65.42,2267,4442968,47.78,5055,628303,0,0,6.76,61.73,8.62,29.65
2022-01-25T00:00:00.000Z,744,6698426,72.03,4401,6087876,65.47,2182,4445150,47.8,7102,635405,0,0,6.83,61.9,8.51,29.59
2022-01-26T00:00:00.000Z,615,6699041,72.04,3285,6091161,65.5,1611,4446761,47.82,4262,639667,0,0,6.88,62.02,8.42,29.57
2022-01-27T00:00:00.000Z,798,6699839,72.05,4406,6095567,65.55,2004,4448765,47.84,5441,645108,0,0,6.94,62.12,8.35,29.52
2022-01-28T00:00:00.000Z,395,6700234,72.05,2376,6097943,65.57,1179,4449944,47.85,3452,648560,0,0,6.97,62.16,8.33,29.5
2022-01-29T00:00:00.000Z,124,6700358,72.05,1046,6098989,65.59,424,4450368,47.86,1162,649722,0,0,6.99,62.23,8.29,29.48
2022-01-30T00:00:00.000Z,769,6701127,72.06,4719,6103708,65.64,2020,4452388,47.88,8099,657821,0,0,7.07,62.3,8.24,29.46
2022-01-31T00:00:00.000Z,528,6701655,72.07,3184,6106892,65.67,1609,4453997,47.9,6472,664293,0,0,7.14,62.39,8.17,29.43
2022-02-01T00:00:00.000Z,480,6702135,72.07,2807,6109699,65.7,1525,4455522,47.91,5721,670014,0,0,7.21,62.45,8.15,29.4
2022-02-02T00:00:00.000Z,375,6702510,72.08,2394,6112093,65.73,1381,4456903,47.93,5074,675088,0,0,7.26,62.28,8.13,29.59
2022-02-03T00:00:00.000Z,446,6702956,72.08,2776,6114869,65.76,1461,4458364,47.94,5607,680695,0,0,7.32,62.34,8.08,29.57
2022-02-04T00:00:00.000Z,174,6703130,72.08,991,6115860,65.77,755,4459119,47.95,2455,683150,0,0,7.35,62.37,8.06,29.57
2022-02-05T00:00:00.000Z,62,6703192,72.08,342,6116202,65.77,221,4459340,47.95,420,683570,0,0,7.35,62.34,8.09,29.56
2022-02-06T00:00:00.000Z,406,6703598,72.09,2320,6118522,65.8,1343,4460683,47.97,5686,689256,0,0,7.41,62.41,8.05,29.55
2022-02-07T00:00:00.000Z,282,6703880,72.09,1307,6119829,65.81,983,4461666,47.98,5960,695216,0,0,7.48,62.47,8.01,29.52
2022-02-08T00:00:00.000Z,317,6704197,72.09,1498,6121327,65.83,1068,4462734,47.99,6137,701353,0,0,7.54,62.54,7.97,29.49
2022-02-09T00:00:00.000Z,254,6704451,72.1,1102,6122429,65.84,945,4463679,48,4570,705923,0,0,7.59,62.6,7.95,29.45
2022-02-10T00:00:00.000Z,273,6704724,72.1,1293,6123722,65.85,936,4464615,48.01,4815,710738,0,0,7.64,62.63,7.93,29.44
2022-02-11T00:00:00.000Z,211,6704935,72.1,557,6124279,65.86,518,4465133,48.02,2539,713277,0,0,7.67,62.67,7.91,29.42
2022-02-12T00:00:00.000Z,32,6704967,72.1,90,6124369,65.86,133,4465266,48.02,269,713546,0,0,7.67,62.67,7.91,29.41
2022-02-13T00:00:00.000Z,286,6705253,72.1,946,6125315,65.87,966,4466232,48.03,4998,718544,0,0,7.73,62.73,7.87,29.39
2022-02-14T00:00:00.000Z,180,6705433,72.11,627,6125942,65.88,760,4466992,48.04,3142,721686,0,0,7.76,62.89,7.74,29.36
2022-02-15T00:00:00.000Z,266,6705699,72.11,763,6126705,65.88,936,4467928,48.05,3818,725504,0,0,7.8,62.92,7.73,29.35
2022-02-16T00:00:00.000Z,179,6705878,72.11,577,6127282,65.89,803,4468731,48.05,2487,727991,0,0,7.83,62.95,7.72,29.34
2022-02-17T00:00:00.000Z,246,6706124,72.11,740,6128022,65.9,775,4469506,48.06,3061,731052,0,0,7.86,62.96,7.7,29.34
2022-02-18T00:00:00.000Z,131,6706255,72.12,342,6128364,65.9,436,4469942,48.07,1118,732170,0,0,7.87,62.98,7.69,29.33
2022-02-19T00:00:00.000Z,33,6706288,72.12,84,6128448,65.9,82,4470024,48.07,79,732249,0,0,7.87,62.99,7.69,29.32
2022-02-20T00:00:00.000Z,203,6706491,72.12,604,6129052,65.91,721,4470745,48.08,2574,734823,0,0,7.9,63.01,7.67,29.32
2022-02-21T00:00:00.000Z,173,6706664,72.12,413,6129465,65.91,489,4471234,48.08,1542,736365,0,0,7.92,63.04,7.65,29.31
2022-02-22T00:00:00.000Z,158,6706822,72.12,454,6129919,65.92,569,4471803,48.09,1871,738236,0,0,7.94,63.05,7.65,29.3
2022-02-23T00:00:00.000Z,109,6706931,72.12,353,6130272,65.92,452,4472255,48.09,1153,739389,0,0,7.95,63.06,7.65,29.29
2022-02-24T00:00:00.000Z,138,6707069,72.12,462,6130734,65.93,568,4472823,48.1,1492,740881,0,0,7.97,63.05,7.66,29.29
2022-02-25T00:00:00.000Z,59,6707128,72.13,144,6130878,65.93,190,4473013,48.1,456,741337,0,0,7.97,63.06,7.66,29.28
2022-02-26T00:00:00.000Z,17,6707145,72.13,28,6130906,65.93,161,4473174,48.1,35,741372,0,0,7.97,63.05,7.67,29.28
2022-02-27T00:00:00.000Z,112,6707257,72.13,341,6131247,65.93,448,4473622,48.11,1119,742491,0,0,7.98,63.05,7.67,29.28
2022-02-28T00:00:00.000Z,108,6707365,72.13,271,6131518,65.94,422,4474044,48.11,907,743398,0,0,7.99,63.07,7.65,29.28
2022-03-01T00:00:00.000Z,95,6707460,72.13,280,6131798,65.94,373,4474417,48.12,797,744195,0,0,8,63.1,7.63,29.27
2022-03-02T00:00:00.000Z,77,6707537,72.13,199,6131997,65.94,324,4474741,48.12,697,744892,0,0,8.01,63.11,7.62,29.27
2022-03-03T00:00:00.000Z,156,6707693,72.13,371,6132368,65.94,496,4475237,48.12,987,745879,0,0,8.02,63.05,7.67,29.27
2022-03-04T00:00:00.000Z,53,6707746,72.13,170,6132538,65.95,170,4475407,48.13,227,746106,0,0,8.02,63.05,7.68,29.27
2022-03-05T00:00:00.000Z,4,6707750,72.13,25,6132563,65.95,43,4475450,48.13,32,746138,0,0,8.02,63.04,7.69,29.27
2022-03-06T00:00:00.000Z,97,6707847,72.13,258,6132821,65.95,418,4475868,48.13,760,746898,0,0,8.03,63.04,7.69,29.27
2022-03-07T00:00:00.000Z,87,6707934,72.13,260,6133081,65.95,353,4476221,48.14,604,747502,0,0,8.04,63.05,7.69,29.26
2022-03-08T00:00:00.000Z,98,6708032,72.13,263,6133344,65.95,333,4476554,48.14,550,748052,0,0,8.04,63.04,7.7,29.26
2022-03-09T00:00:00.000Z,89,6708121,72.14,213,6133557,65.96,337,4476891,48.14,492,748544,0,0,8.05,63.02,7.72,29.25
2022-03-10T00:00:00.000Z,115,6708236,72.14,373,6133930,65.96,427,4477318,48.15,620,749164,0,0,8.06,63.01,7.74,29.25
2022-03-11T00:00:00.000Z,24,6708260,72.14,86,6134016,65.96,122,4477440,48.15,144,749308,0,0,8.06,63,7.75,29.25
2022-03-12T00:00:00.000Z,11,6708271,72.14,12,6134028,65.96,33,4477473,48.15,28,749336,0,0,8.06,62.98,7.77,29.24
2022-03-13T00:00:00.000Z,100,6708371,72.14,271,6134299,65.97,358,4477831,48.15,595,749931,0,0,8.06,62.98,7.78,29.24
2022-03-14T00:00:00.000Z,65,6708436,72.14,252,6134551,65.97,316,4478147,48.16,559,750490,0,0,8.07,62.98,7.78,29.24
2022-03-15T00:00:00.000Z,79,6708515,72.14,185,6134736,65.97,293,4478440,48.16,591,751081,0,0,8.08,62.95,7.81,29.24
2022-03-16T00:00:00.000Z,76,6708591,72.14,205,6134941,65.97,304,4478744,48.16,668,751749,0,0,8.08,62.94,7.82,29.24
2022-03-17T00:00:00.000Z,65,6708656,72.14,121,6135062,65.97,286,4479030,48.17,613,752362,0,0,8.09,62.94,7.82,29.24
2022-03-18T00:00:00.000Z,19,6708675,72.14,54,6135116,65.97,100,4479130,48.17,234,752596,0,0,8.09,62.94,7.82,29.24
2022-03-19T00:00:00.000Z,5,6708680,72.14,11,6135127,65.97,28,4479158,48.17,39,752635,0,0,8.09,62.89,7.88,29.23
2022-03-20T00:00:00.000Z,119,6708799,72.14,260,6135387,65.98,486,4479644,48.17,1431,754066,0,0,8.11,62.87,7.89,29.23
2022-03-21T00:00:00.000Z,97,6708896,72.14,247,6135634,65.98,379,4480023,48.18,1132,755198,0,0,8.12,62.87,7.9,29.23
2022-03-22T00:00:00.000Z,141,6709037,72.15,342,6135976,65.98,507,4480530,48.18,1770,756968,0,0,8.14,62.84,7.94,29.23
2022-03-23T00:00:00.000Z,108,6709145,72.15,212,6136188,65.99,463,4480993,48.19,1676,758644,0,0,8.16,62.81,7.97,29.22
2022-03-24T00:00:00.000Z,174,6709319,72.15,345,6136533,65.99,768,4481761,48.19,2361,761005,0,0,8.18,62.78,8,29.22
2022-03-25T00:00:00.000Z,39,6709358,72.15,82,6136615,65.99,156,4481917,48.2,629,761634,0,0,8.19,62.78,8,29.23
2022-03-26T00:00:00.000Z,12,6709370,72.15,13,6136628,65.99,34,4481951,48.2,91,761725,0,0,8.19,62.77,8,29.22
2022-03-27T00:00:00.000Z,167,6709537,72.15,344,6136972,65.99,758,4482709,48.2,3193,764918,0,0,8.23,62.75,8.02,29.22
2022-03-28T00:00:00.000Z,113,6709650,72.15,270,6137242,66,623,4483332,48.21,2416,767334,0,0,8.25,62.75,8.03,29.22
2022-03-29T00:00:00.000Z,125,6709775,72.15,258,6137500,66,641,4483973,48.22,2771,770105,0,0,8.28,62.7,8.07,29.22
2022-03-30T00:00:00.000Z,132,6709907,72.16,207,6137707,66,539,4484512,48.22,2370,772475,0,0,8.31,62.81,8.11,29.07
2022-03-31T00:00:00.000Z,166,6710073,72.16,302,6138009,66.01,730,4485242,48.23,2852,775327,0,0,8.34,62.79,8.11,29.1
2022-04-01T00:00:00.000Z,122,6710195,72.16,160,6138169,66.01,277,4485519,48.24,585,775912,0,0,8.34,62.72,8.13,29.15
2022-04-02T00:00:00.000Z,6,6710201,72.16,7,6138176,66.01,37,4485556,48.24,52,775964,0,0,8.34,62.69,8.15,29.16
2022-04-03T00:00:00.000Z,159,6710360,72.16,270,6138446,66.01,569,4486125,48.24,2478,778442,0,0,8.37,62.65,8.16,29.19
2022-04-04T00:00:00.000Z,103,6710463,72.16,207,6138653,66.01,484,4486609,48.25,2224,780666,0,0,8.39,62.62,8.16,29.22
2022-04-05T00:00:00.000Z,122,6710585,72.16,219,6138872,66.01,513,4487122,48.25,2242,782908,0,0,8.42,62.57,8.19,29.25
2022-04-06T00:00:00.000Z,92,6710677,72.16,155,6139027,66.02,381,4487503,48.26,2021,784929,0,0,8.44,62.55,8.2,29.25
2022-04-07T00:00:00.000Z,191,6710868,72.17,215,6139242,66.02,641,4488144,48.26,2556,787485,0,0,8.47,62.56,8.2,29.24
2022-04-08T00:00:00.000Z,30,6710898,72.17,60,6139302,66.02,153,4488297,48.26,482,787967,0,0,8.47,62.54,8.22,29.23
2022-04-09T00:00:00.000Z,6,6710904,72.17,17,6139319,66.02,27,4488324,48.27,47,788014,0,0,8.47,62.52,8.25,29.23
2022-04-10T00:00:00.000Z,103,6711007,72.17,264,6139583,66.02,429,4488753,48.27,1845,789859,0,0,8.49,62.51,8.26,29.23
2022-04-11T00:00:00.000Z,78,6711085,72.17,201,6139784,66.02,371,4489124,48.27,1425,791284,0,0,8.51,62.54,8.26,29.2
2022-04-12T00:00:00.000Z,204,6711289,72.17,168,6139952,66.03,374,4489498,48.28,1360,792644,0,0,8.52,62.58,8.29,29.12
2022-04-13T00:00:00.000Z,119,6711408,72.17,150,6140102,66.03,296,4489794,48.28,1217,793861,0,0,8.54,62.58,8.31,29.1
2022-04-14T00:00:00.000Z,85,6711493,72.17,221,6140323,66.03,320,4490114,48.28,1069,794930,0,0,8.55,62.57,8.33,29.1
2022-04-15T00:00:00.000Z,9,6711502,72.17,51,6140374,66.03,47,4490161,48.28,82,795012,0,0,8.55,62.55,8.35,29.1
2022-04-16T00:00:00.000Z,3,6711505,72.17,8,6140382,66.03,21,4490182,48.29,29,795041,0,0,8.55,62.53,8.37,29.1
2022-04-17T00:00:00.000Z,62,6711567,72.17,131,6140513,66.03,229,4490411,48.29,807,795848,0,0,8.56,62.52,8.38,29.1
2022-04-18T00:00:00.000Z,69,6711636,72.17,109,6140622,66.03,252,4490663,48.29,749,796597,0,0,8.57,62.51,8.38,29.1
2022-04-19T00:00:00.000Z,62,6711698,72.17,144,6140766,66.03,273,4490936,48.29,842,797439,0,0,8.58,62.5,8.4,29.1
2022-04-20T00:00:00.000Z,60,6711758,72.17,117,6140883,66.04,235,4491171,48.3,654,798093,0,0,8.58,62.48,8.42,29.1
2022-04-21T00:00:00.000Z,53,6711811,72.18,109,6140992,66.04,196,4491367,48.3,479,798572,0,0,8.59,62.47,8.43,29.1
2022-04-22T00:00:00.000Z,3,6711814,72.18,17,6141009,66.04,19,4491386,48.3,19,798591,0,0,8.59,62.45,8.44,29.11
2022-04-23T00:00:00.000Z,6,6711820,72.18,9,6141018,66.04,15,4491401,48.3,13,798604,0,0,8.59,62.43,8.46,29.11
2022-04-24T00:00:00.000Z,92,6711912,72.18,250,6141268,66.04,329,4491730,48.3,872,799476,0,0,8.6,62.43,8.47,29.1
2022-04-25T00:00:00.000Z,105,6712017,72.18,191,6141459,66.04,316,4492046,48.31,738,800214,0,0,8.61,62.43,8.47,29.1
2022-04-26T00:00:00.000Z,75,6712092,72.18,175,6141634,66.04,303,4492349,48.31,787,801001,0,0,8.61,62.42,8.48,29.1
2022-04-27T00:00:00.000Z,54,6712146,72.18,160,6141794,66.05,227,4492576,48.31,640,801641,0,0,8.62,62.41,8.49,29.1
2022-04-28T00:00:00.000Z,96,6712242,72.18,232,6142026,66.05,329,4492905,48.31,871,802512,0,0,8.63,62.41,8.5,29.1
2022-04-29T00:00:00.000Z,112,6712354,72.18,159,6142185,66.05,183,4493088,48.32,195,802707,0,0,8.63,62.39,8.51,29.1
2022-04-30T00:00:00.000Z,1,6712355,72.18,3,6142188,66.05,24,4493112,48.32,22,802729,0,0,8.63,62.38,8.52,29.1
2022-05-01T00:00:00.000Z,135,6712490,72.18,185,6142373,66.05,316,4493428,48.32,630,803359,0,0,8.64,62.38,8.53,29.09
2022-05-02T00:00:00.000Z,62,6712552,72.18,155,6142528,66.05,235,4493663,48.32,491,803850,0,0,8.64,62.37,8.54,29.09
2022-05-03T00:00:00.000Z,72,6712624,72.18,151,6142679,66.06,288,4493951,48.33,507,804357,0,0,8.65,62.36,8.55,29.09
2022-05-04T00:00:00.000Z,23,6712647,72.18,56,6142735,66.06,63,4494014,48.33,126,804483,0,0,8.65,62.35,8.57,29.08
2022-05-05T00:00:00.000Z,4,6712651,72.18,1,6142736,66.06,8,4494022,48.33,13,804496,0,0,8.65,62.34,8.58,29.08
2022-05-06T00:00:00.000Z,20,6712671,72.18,59,6142795,66.06,64,4494086,48.33,151,804647,0,0,8.65,62.33,8.59,29.08
2022-05-07T00:00:00.000Z,1,6712672,72.18,7,6142802,66.06,27,4494113,48.33,24,804671,0,0,8.65,62.32,8.6,29.08
2022-05-08T00:00:00.000Z,118,6712790,72.19,207,6143009,66.06,270,4494383,48.33,457,805128,0,0,8.66,62.31,8.61,29.08
2022-05-09T00:00:00.000Z,59,6712849,72.19,162,6143171,66.06,251,4494634,48.33,505,805633,0,0,8.66,62.31,8.61,29.08
2022-05-10T00:00:00.000Z,131,6712980,72.19,169,6143340,66.06,261,4494895,48.34,508,806141,0,0,8.67,62.3,8.62,29.08
2022-05-11T00:00:00.000Z,58,6713038,72.19,118,6143458,66.06,182,4495077,48.34,464,806605,0,0,8.67,62.3,8.63,29.08
2022-05-12T00:00:00.000Z,119,6713157,72.19,200,6143658,66.07,278,4495355,48.34,665,807270,0,0,8.68,62.29,8.64,29.07
2022-05-13T00:00:00.000Z,11,6713168,72.19,43,6143701,66.07,71,4495426,48.34,110,807380,0,0,8.68,62.28,8.65,29.07
2022-05-14T00:00:00.000Z,6,6713174,72.19,13,6143714,66.07,11,4495437,48.34,23,807403,0,0,8.68,62.26,8.66,29.07
2022-05-15T00:00:00.000Z,90,6713264,72.19,175,6143889,66.07,246,4495683,48.34,665,808068,0,0,8.69,62.26,8.67,29.07
2022-05-16T00:00:00.000Z,68,6713332,72.19,141,6144030,66.07,230,4495913,48.35,508,808576,0,0,8.7,62.19,8.65,29.16
2022-05-17T00:00:00.000Z,73,6713405,72.19,153,6144183,66.07,269,4496182,48.35,617,809193,0,0,8.7,62.18,8.66,29.16
2022-05-18T00:00:00.000Z,43,6713448,72.19,99,6144282,66.07,169,4496351,48.35,447,809640,0,0,8.71,62.17,8.67,29.16
2022-05-19T00:00:00.000Z,64,6713512,72.19,170,6144452,66.07,212,4496563,48.35,499,810139,0,0,8.71,62.16,8.68,29.16
2022-05-20T00:00:00.000Z,75,6713587,72.19,114,6144566,66.08,130,4496693,48.36,138,810277,0,0,8.71,62.15,8.69,29.16
2022-05-21T00:00:00.000Z,4,6713591,72.19,7,6144573,66.08,14,4496707,48.36,18,810295,0,0,8.71,62.14,8.7,29.16
2022-05-22T00:00:00.000Z,87,6713678,72.2,188,6144761,66.08,216,4496923,48.36,426,810721,0,0,8.72,62.14,8.71,29.16
2022-05-23T00:00:00.000Z,64,6713742,72.2,120,6144881,66.08,156,4497079,48.36,346,811067,0,0,8.72,62.14,8.71,29.16
2022-05-24T00:00:00.000Z,43,6713785,72.2,119,6145000,66.08,157,4497236,48.36,394,811461,0,0,8.73,62.13,8.71,29.15
2022-05-25T00:00:00.000Z,61,6713846,72.2,103,6145103,66.08,168,4497404,48.36,337,811798,0,0,8.73,62.12,8.72,29.15
2022-05-26T00:00:00.000Z,72,6713918,72.2,136,6145239,66.08,186,4497590,48.36,348,812146,0,0,8.73,62.11,8.73,29.16
2022-05-27T00:00:00.000Z,12,6713930,72.2,29,6145268,66.08,43,4497633,48.37,59,812205,0,0,8.73,62.1,8.74,29.16
2022-05-28T00:00:00.000Z,2,6713932,72.2,5,6145273,66.08,8,4497641,48.37,12,812217,0,0,8.73,62.09,8.75,29.16
2022-05-29T00:00:00.000Z,89,6714021,72.2,153,6145426,66.08,163,4497804,48.37,315,812532,0,0,8.74,62.09,8.75,29.16
2022-05-30T00:00:00.000Z,56,6714077,72.2,133,6145559,66.09,125,4497929,48.37,291,812823,0,0,8.74,62.09,8.76,29.16
2022-05-31T00:00:00.000Z,45,6714122,72.2,104,6145663,66.09,153,4498082,48.37,351,813174,0,0,8.74,62.07,8.78,29.15
2022-06-01T00:00:00.000Z,63,6714185,72.2,90,6145753,66.09,117,4498199,48.37,276,813450,0,0,8.75,61.95,8.9,29.16
2022-06-02T00:00:00.000Z,77,6714262,72.2,156,6145909,66.09,177,4498376,48.37,255,813705,0,0,8.75,45.96,24.88,29.15
2022-06-03T00:00:00.000Z,10,6714272,72.2,23,6145932,66.09,21,4498397,48.37,33,813738,0,0,8.75,45.9,24.95,29.16
2022-06-04T00:00:00.000Z,0,6714272,72.2,7,6145939,66.09,8,4498405,48.37,5,813743,0,0,8.75,45.84,25,29.16
2022-06-05T00:00:00.000Z,11,6714283,72.2,14,6145953,66.09,7,4498412,48.37,2,813745,0,0,8.75,45.8,25.05,29.16
2022-06-06T00:00:00.000Z,58,6714341,72.2,144,6146097,66.09,161,4498573,48.38,262,814007,0,0,8.75,39.96,30.89,29.16
2022-06-07T00:00:00.000Z,54,6714395,72.2,134,6146231,66.09,142,4498715,48.38,379,814386,0,0,8.76,39.92,30.93,29.15
2022-06-08T00:00:00.000Z,58,6714453,72.2,104,6146335,66.09,131,4498846,48.38,497,814883,0,0,8.76,39.89,30.96,29.15
2022-06-09T00:00:00.000Z,84,6714537,72.2,207,6146542,66.1,234,4499080,48.38,642,815525,0,0,8.77,39.86,30.99,29.15
2022-06-10T00:00:00.000Z,14,6714551,72.2,51,6146593,66.1,59,4499139,48.38,141,815666,0,0,8.77,39.83,31.02,29.15
2022-06-11T00:00:00.000Z,0,6714551,72.2,3,6146596,66.1,7,4499146,48.38,19,815685,0,0,8.77,39.8,31.05,29.15
2022-06-12T00:00:00.000Z,109,6714660,72.21,199,6146795,66.1,191,4499337,48.38,767,816452,0,0,8.78,39.8,31.05,29.15
2022-06-13T00:00:00.000Z,84,6714744,72.21,142,6146937,66.1,168,4499505,48.39,625,817077,0,0,8.79,39.81,31.04,29.15
2022-06-14T00:00:00.000Z,116,6714860,72.21,173,6147110,66.1,208,4499713,48.39,759,817836,0,0,8.79,39.79,31.06,29.15
2022-06-15T00:00:00.000Z,71,6714931,72.21,141,6147251,66.1,207,4499920,48.39,699,818535,0,0,8.8,39.78,31.08,29.15
2022-06-16T00:00:00.000Z,94,6715025,72.21,136,6147387,66.11,218,4500138,48.39,742,819277,0,0,8.81,39.74,31.11,29.14
2022-06-17T00:00:00.000Z,16,6715041,72.21,63,6147450,66.11,53,4500191,48.39,124,819401,0,0,8.81,39.72,31.14,29.15
2022-06-18T00:00:00.000Z,3,6715044,72.21,4,6147454,66.11,11,4500202,48.39,15,819416,0,0,8.81,39.68,31.17,29.14
2022-06-19T00:00:00.000Z,115,6715159,72.21,207,6147661,66.11,318,4500520,48.4,877,820293,0,0,8.82,39.53,31.33,29.15
2022-06-20T00:00:00.000Z,99,6715258,72.21,152,6147813,66.11,307,4500827,48.4,922,821215,0,0,8.83,33.92,36.85,29.23
2022-06-21T00:00:00.000Z,94,6715352,72.21,154,6147967,66.11,375,4501202,48.4,1229,822444,0,0,8.84,33.58,37.19,29.23
2022-06-22T00:00:00.000Z,110,6715462,72.21,135,6148102,66.11,339,4501541,48.41,894,823338,0,0,8.85,33.28,37.49,29.23
2022-06-23T00:00:00.000Z,132,6715594,72.22,217,6148319,66.12,525,4502066,48.41,1146,824484,0,0,8.87,32.84,37.92,29.23
2022-06-24T00:00:00.000Z,19,6715613,72.22,35,6148354,66.12,110,4502176,48.41,207,824691,0,0,8.87,32.43,38.34,29.24
2022-06-25T00:00:00.000Z,1,6715614,72.22,3,6148357,66.12,12,4502188,48.41,16,824707,0,0,8.87,32.04,38.72,29.24
2022-06-26T00:00:00.000Z,107,6715721,72.22,158,6148515,66.12,379,4502567,48.42,933,825640,0,0,8.88,31.63,39.13,29.24
2022-06-27T00:00:00.000Z,86,6715807,72.22,172,6148687,66.12,392,4502959,48.42,1028,826668,0,0,8.89,31.29,39.47,29.24
2022-06-28T00:00:00.000Z,84,6715891,72.22,151,6148838,66.12,364,4503323,48.43,932,827600,0,0,8.9,30.86,39.91,29.24
2022-06-29T00:00:00.000Z,76,6715967,72.22,106,6148944,66.12,265,4503588,48.43,816,828416,0,0,8.91,30.48,40.28,29.24
2022-06-30T00:00:00.000Z,86,6716053,72.22,165,6149109,66.12,356,4503944,48.43,1061,829477,0,0,8.92,30.05,40.71,29.24
2022-07-01T00:00:00.000Z,22,6716075,72.22,28,6149137,66.12,55,4503999,48.43,80,829557,0,0,8.92,29.62,41.14,29.24
2022-07-02T00:00:00.000Z,1,6716076,72.22,2,6149139,66.12,8,4504007,48.43,18,829575,0,0,8.92,29.2,41.56,29.24
2022-07-03T00:00:00.000Z,100,6716176,72.22,177,6149316,66.13,322,4504329,48.44,637,830212,0,0,8.93,28.81,41.95,29.24
2022-07-04T00:00:00.000Z,76,6716252,72.22,140,6149456,66.13,278,4504607,48.44,749,830961,0,0,8.94,28.5,42.26,29.24
2022-07-05T00:00:00.000Z,59,6716311,72.22,142,6149598,66.13,302,4504909,48.44,688,831649,0,0,8.94,28.06,42.7,29.24
2022-07-06T00:00:00.000Z,78,6716389,72.22,124,6149722,66.13,211,4505120,48.45,646,832295,0,0,8.95,27.39,43.37,29.24
2022-07-07T00:00:00.000Z,82,6716471,72.23,164,6149886,66.13,267,4505387,48.45,721,833016,0,0,8.96,26.48,44.28,29.24
2022-07-08T00:00:00.000Z,17,6716488,72.23,33,6149919,66.13,69,4505456,48.45,131,833147,0,0,8.96,25.47,45.29,29.24
2022-07-09T00:00:00.000Z,0,6716488,72.23,1,6149920,66.13,3,4505459,48.45,2,833149,0,0,8.96,24.42,46.34,29.24
2022-07-10T00:00:00.000Z,90,6716578,72.23,164,6150084,66.14,229,4505688,48.45,470,833619,0,0,8.96,23.77,46.99,29.24
2022-07-11T00:00:00.000Z,64,6716642,72.23,142,6150226,66.14,248,4505936,48.45,575,834194,0,0,8.97,23.22,47.54,29.24
2022-07-12T00:00:00.000Z,69,6716711,72.23,129,6150355,66.14,207,4506143,48.46,557,834751,0,0,8.98,22.13,48.63,29.24
2022-07-13T00:00:00.000Z,43,6716754,72.23,101,6150456,66.14,164,4506307,48.46,488,835239,0,0,8.98,21.1,49.66,29.24
2022-07-14T00:00:00.000Z,69,6716823,72.23,147,6150603,66.14,209,4506516,48.46,512,835751,0,0,8.99,20.12,50.63,29.24
2022-07-15T00:00:00.000Z,64,6716887,72.23,88,6150691,66.14,127,4506643,48.46,166,835917,0,0,8.99,19.27,51.48,29.25
2022-07-16T00:00:00.000Z,0,6716887,72.23,6,6150697,66.14,7,4506650,48.46,8,835925,0,0,8.99,18.29,52.46,29.25
2022-07-17T00:00:00.000Z,77,6716964,72.23,183,6150880,66.14,241,4506891,48.46,468,836393,0,0,8.99,17.83,52.92,29.25
2022-07-18T00:00:00.000Z,62,6717026,72.23,158,6151038,66.15,207,4507098,48.47,511,836904,0,0,9,17.48,53.26,29.26
2022-07-19T00:00:00.000Z,62,6717088,72.23,147,6151185,66.15,174,4507272,48.47,368,837272,0,0,9,16.77,53.97,29.26
2022-07-20T00:00:00.000Z,52,6717140,72.23,133,6151318,66.15,137,4507409,48.47,423,837695,0,0,9.01,16.09,54.64,29.26
2022-07-21T00:00:00.000Z,61,6717201,72.23,158,6151476,66.15,176,4507585,48.47,341,838036,0,0,9.01,15.43,55.3,29.27
2022-07-22T00:00:00.000Z,10,6717211,72.23,36,6151512,66.15,43,4507628,48.47,56,838092,0,0,9.01,14.64,56.08,29.28
2022-07-23T00:00:00.000Z,0,6717211,72.23,4,6151516,66.15,4,4507632,48.47,9,838101,0,0,9.01,14.17,56.55,29.28
2022-07-24T00:00:00.000Z,58,6717269,72.23,128,6151644,66.15,197,4507829,48.48,364,838465,0,0,9.02,13.55,57.16,29.29
2022-07-25T00:00:00.000Z,48,6717317,72.23,107,6151751,66.15,172,4508001,48.48,336,838801,0,0,9.02,13.09,57.61,29.3
2022-07-26T00:00:00.000Z,47,6717364,72.24,99,6151850,66.15,111,4508112,48.48,270,839071,0,0,9.02,12.46,58.23,29.3
2022-07-27T00:00:00.000Z,43,6717407,72.24,125,6151975,66.16,132,4508244,48.48,243,839314,0,0,9.03,11.89,58.8,29.31
2022-07-28T00:00:00.000Z,62,6717469,72.24,142,6152117,66.16,147,4508391,48.48,220,839534,0,0,9.03,11.35,59.34,29.31
2022-07-29T00:00:00.000Z,10,6717479,72.24,25,6152142,66.16,27,4508418,48.48,31,839565,0,0,9.03,10.85,59.83,29.32
2022-07-30T00:00:00.000Z,0,6717479,72.24,0,6152142,66.16,1,4508419,48.48,1,839566,0,0,9.03,10.34,60.33,29.33
2022-07-31T00:00:00.000Z,56,6717535,72.24,134,6152276,66.16,131,4508550,48.48,252,839818,0,0,9.03,9.97,60.7,29.33
2022-08-01T00:00:00.000Z,54,6717589,72.24,76,6152352,66.16,89,4508639,48.48,152,839970,0,0,9.03,9.47,61.19,29.34
2022-08-02T00:00:00.000Z,111,6717700,72.24,119,6152471,66.16,157,4508796,48.49,264,840234,0,0,9.04,8.92,61.73,29.35
2022-08-03T00:00:00.000Z,76,6717776,72.24,71,6152542,66.16,92,4508888,48.49,178,840412,0,0,9.04,8.46,62.19,29.35
2022-08-04T00:00:00.000Z,133,6717909,72.24,133,6152675,66.16,111,4508999,48.49,246,840658,0,0,9.04,8.04,62.61,29.36
2022-08-05T00:00:00.000Z,30,6717939,72.24,23,6152698,66.16,13,4509012,48.49,24,840682,0,0,9.04,7.71,62.93,29.36
2022-08-06T00:00:00.000Z,1,6717940,72.24,2,6152700,66.16,1,4509013,48.49,5,840687,0,0,9.04,7.32,63.32,29.36
2022-08-07T00:00:00.000Z,89,6718029,72.24,97,6152797,66.16,69,4509082,48.49,169,840856,0,0,9.04,6.92,63.71,29.37
2022-08-08T00:00:00.000Z,76,6718105,72.24,95,6152892,66.17,122,4509204,48.49,172,841028,0,0,9.04,6.74,63.89,29.37
2022-08-09T00:00:00.000Z,96,6718201,72.24,90,6152982,66.17,99,4509303,48.49,213,841241,0,0,9.05,6.25,64.37,29.38
2022-08-10T00:00:00.000Z,77,6718278,72.25,59,6153041,66.17,76,4509379,48.49,115,841356,0,0,9.05,5.91,64.71,29.38
2022-08-11T00:00:00.000Z,54,6718332,72.25,101,6153142,66.17,91,4509470,48.49,155,841511,0,0,9.05,5.59,65.03,29.38
2022-08-12T00:00:00.000Z,8,6718340,72.25,12,6153154,66.17,18,4509488,48.49,29,841540,0,0,9.05,5.35,65.27,29.38
2022-08-13T00:00:00.000Z,0,6718340,72.25,2,6153156,66.17,2,4509490,48.49,3,841543,0,0,9.05,5.1,65.52,29.38
2022-08-14T00:00:00.000Z,74,6718414,72.25,75,6153231,66.17,82,4509572,48.49,150,841693,0,0,9.05,4.87,65.75,29.39
2022-08-15T00:00:00.000Z,68,6718482,72.25,81,6153312,66.17,93,4509665,48.49,143,841836,0,0,9.05,4.74,65.87,29.39
2022-08-16T00:00:00.000Z,82,6718564,72.25,84,6153396,66.17,84,4509749,48.5,187,842023,0,0,9.05,4.46,66.15,29.39
2022-08-17T00:00:00.000Z,47,6718611,72.25,55,6153451,66.17,36,4509785,48.5,115,842138,0,0,9.06,4.16,66.44,29.39
2022-08-18T00:00:00.000Z,68,6718679,72.25,93,6153544,66.17,120,4509905,48.5,173,842311,0,0,9.06,3.98,66.63,29.39
2022-08-19T00:00:00.000Z,77,6718756,72.25,67,6153611,66.17,56,4509961,48.5,38,842349,0,0,9.06,3.83,66.78,29.39
2022-08-20T00:00:00.000Z,1,6718757,72.25,1,6153612,66.17,3,4509964,48.5,3,842352,0,0,9.06,3.67,66.94,29.39
2022-08-21T00:00:00.000Z,51,6718808,72.25,85,6153697,66.17,84,4510048,48.5,197,842549,0,0,9.06,3.52,67.08,29.4
2022-08-22T00:00:00.000Z,89,6718897,72.25,74,6153771,66.17,103,4510151,48.5,143,842692,0,0,9.06,3.44,67.16,29.4
2022-08-23T00:00:00.000Z,72,6718969,72.25,106,6153877,66.18,84,4510235,48.5,180,842872,0,0,9.06,3.27,67.33,29.4
2022-08-24T00:00:00.000Z,38,6719007,72.25,80,6153957,66.18,49,4510284,48.5,133,843005,0,0,9.07,3.15,67.46,29.4
2022-08-25T00:00:00.000Z,53,6719060,72.25,75,6154032,66.18,97,4510381,48.5,193,843198,0,0,9.07,3.03,67.57,29.4
2022-08-26T00:00:00.000Z,4,6719064,72.25,15,6154047,66.18,9,4510390,48.5,14,843212,0,0,9.07,2.94,67.66,29.4
2022-08-27T00:00:00.000Z,0,6719064,72.25,0,6154047,66.18,0,4510390,48.5,0,843212,0,0,9.07,2.84,67.76,29.4
2022-08-28T00:00:00.000Z,55,6719119,72.25,80,6154127,66.18,85,4510475,48.5,102,843314,0,0,9.07,2.75,67.85,29.4
2022-08-29T00:00:00.000Z,48,6719167,72.25,68,6154195,66.18,89,4510564,48.5,107,843421,0,0,9.07,2.69,67.91,29.4
2022-08-30T00:00:00.000Z,85,6719252,72.26,113,6154308,66.18,85,4510649,48.51,130,843551,0,0,9.07,2.6,68,29.4
2022-08-31T00:00:00.000Z,42,6719294,72.26,88,6154396,66.18,70,4510719,48.51,95,843646,0,0,9.07,2.53,68.07,29.4
2022-09-01T00:00:00.000Z,29,6719323,72.26,84,6154480,66.18,58,4510777,48.51,113,843759,0,0,9.07,2.46,68.14,29.4
2022-09-02T00:00:00.000Z,6,6719329,72.26,20,6154500,66.18,13,4510790,48.51,10,843769,0,0,9.07,2.4,68.2,29.4
2022-09-03T00:00:00.000Z,2,6719331,72.26,0,6154500,66.18,3,4510793,48.51,1,843770,0,0,9.07,2.33,68.27,29.4
2022-09-04T00:00:00.000Z,64,6719395,72.26,133,6154633,66.18,80,4510873,48.51,121,843891,0,0,9.07,2.27,68.32,29.4
2022-09-05T00:00:00.000Z,44,6719439,72.26,77,6154710,66.18,58,4510931,48.51,90,843981,0,0,9.08,2.23,68.37,29.4
2022-09-06T00:00:00.000Z,60,6719499,72.26,104,6154814,66.19,78,4511009,48.51,130,844111,0,0,9.08,2.17,68.42,29.4
2022-09-07T00:00:00.000Z,27,6719526,72.26,63,6154877,66.19,53,4511062,48.51,95,844206,0,0,9.08,2.12,68.47,29.4
2022-09-08T00:00:00.000Z,50,6719576,72.26,101,6154978,66.19,70,4511132,48.51,77,844283,0,0,9.08,2.07,68.53,29.4
2022-09-09T00:00:00.000Z,10,6719586,72.26,21,6154999,66.19,16,4511148,48.51,17,844300,0,0,9.08,2.03,68.57,29.4
2022-09-10T00:00:00.000Z,0,6719586,72.26,0,6154999,66.19,5,4511153,48.51,2,844302,0,0,9.08,1.97,68.62,29.4
2022-09-11T00:00:00.000Z,39,6719625,72.26,117,6155116,66.19,78,4511231,48.51,116,844418,0,0,9.08,1.92,68.67,29.41
2022-09-12T00:00:00.000Z,24,6719649,72.26,72,6155188,66.19,52,4511283,48.51,68,844486,0,0,9.08,1.88,68.71,29.41
2022-09-13T00:00:00.000Z,44,6719693,72.26,113,6155301,66.19,54,4511337,48.51,103,844589,0,0,9.08,1.82,68.77,29.41
2022-09-14T00:00:00.000Z,21,6719714,72.26,64,6155365,66.19,54,4511391,48.51,62,844651,0,0,9.08,1.78,68.82,29.41
2022-09-15T00:00:00.000Z,32,6719746,72.26,77,6155442,66.19,63,4511454,48.51,107,844758,0,0,9.08,1.73,68.86,29.41
2022-09-16T00:00:00.000Z,48,6719794,72.26,52,6155494,66.19,27,4511481,48.51,28,844786,0,0,9.08,1.7,68.89,29.41
2022-09-17T00:00:00.000Z,3,6719797,72.26,0,6155494,66.19,1,4511482,48.51,0,844786,0,0,9.08,1.66,68.93,29.41
2022-09-18T00:00:00.000Z,28,6719825,72.26,66,6155560,66.19,52,4511534,48.51,114,844900,0,0,9.09,1.63,68.96,29.41
2022-09-19T00:00:00.000Z,27,6719852,72.26,74,6155634,66.19,44,4511578,48.52,57,844957,0,0,9.09,1.61,68.98,29.41
2022-09-20T00:00:00.000Z,41,6719893,72.26,93,6155727,66.2,75,4511653,48.52,102,845059,0,0,9.09,1.56,69.03,29.41
2022-09-21T00:00:00.000Z,22,6719915,72.26,54,6155781,66.2,29,4511682,48.52,56,845115,83,0,9.09,1.55,69.05,29.41
2022-09-22T00:00:00.000Z,40,6719955,72.26,56,6155837,66.2,27,4511709,48.52,41,845156,1987,0.02,9.09,1.52,69.07,29.4
2022-09-23T00:00:00.000Z,6,6719961,72.26,11,6155848,66.2,4,4511713,48.52,1,845157,3307,0.04,9.09,1.5,69.1,29.41
2022-09-24T00:00:00.000Z,0,6719961,72.26,0,6155848,66.2,0,4511713,48.52,0,845157,3307,0.04,9.09,1.47,69.13,29.41
2022-09-25T00:00:00.000Z,5,6719966,72.26,20,6155868,66.2,10,4511723,48.52,27,845184,4256,0.05,9.09,1.46,69.13,29.41
2022-09-26T00:00:00.000Z,0,6719966,72.26,5,6155873,66.2,2,4511725,48.52,2,845186,4527,0.05,9.09,1.46,69.13,29.41
2022-09-27T00:00:00.000Z,2,6719968,72.26,0,6155873,66.2,3,4511728,48.52,3,845189,4544,0.05,9.09,1.42,69.17,29.41
2022-09-28T00:00:00.000Z,24,6719992,72.26,36,6155909,66.2,25,4511753,48.52,16,845205,8525,0.09,9.09,1.39,69.21,29.41
2022-09-29T00:00:00.000Z,32,6720024,72.26,61,6155970,66.2,13,4511766,48.52,48,845253,14057,0.15,9.09,1.37,69.22,29.41
2022-09-30T00:00:00.000Z,3,6720027,72.26,12,6155982,66.2,2,4511768,48.52,0,845253,15687,0.17,9.09,1.35,69.24,29.41
2022-10-01T00:00:00.000Z,0,6720027,72.26,1,6155983,66.2,1,4511769,48.52,1,845254,15702,0.17,9.09,1.31,69.29,29.41
2022-10-02T00:00:00.000Z,24,6720051,72.26,51,6156034,66.2,20,4511789,48.52,73,845327,21074,0.23,9.09,1.31,69.29,29.41
2022-10-03T00:00:00.000Z,23,6720074,72.26,29,6156063,66.2,13,4511802,48.52,12,845339,26955,0.29,9.09,1.31,69.28,29.4
2022-10-04T00:00:00.000Z,7,6720081,72.26,10,6156073,66.2,0,4511802,48.52,1,845340,28110,0.3,9.09,1.27,69.32,29.4
2022-10-05T00:00:00.000Z,1,6720082,72.26,0,6156073,66.2,0,4511802,48.52,1,845341,28110,0.3,9.09,1.28,69.31,29.4
2022-10-06T00:00:00.000Z,17,6720099,72.26,43,6156116,66.2,10,4511812,48.52,20,845361,35922,0.39,9.09,1.31,69.28,29.4
2022-10-07T00:00:00.000Z,3,6720102,72.26,3,6156119,66.2,3,4511815,48.52,0,845361,37334,0.4,9.09,1.3,69.29,29.41
2022-10-08T00:00:00.000Z,1,6720103,72.26,1,6156120,66.2,0,4511815,48.52,1,845362,37334,0.4,9.09,1.26,69.33,29.41
2022-10-09T00:00:00.000Z,7,6720110,72.26,22,6156142,66.2,6,4511821,48.52,5,845367,39388,0.42,9.09,1.31,69.28,29.41
2022-10-10T00:00:00.000Z,5,6720115,72.26,2,6156144,66.2,0,4511821,48.52,0,845367,39450,0.42,9.09,1.38,69.22,29.4
2022-10-11T00:00:00.000Z,12,6720127,72.26,32,6156176,66.2,1,4511822,48.52,32,845399,44128,0.47,9.09,1.36,69.24,29.4
2022-10-12T00:00:00.000Z,13,6720140,72.27,24,6156200,66.2,5,4511827,48.52,4,845403,49421,0.53,9.09,1.34,69.26,29.4
2022-10-13T00:00:00.000Z,17,6720157,72.27,16,6156216,66.2,5,4511832,48.52,9,845412,53409,0.57,9.09,1.4,69.2,29.4
2022-10-14T00:00:00.000Z,6,6720163,72.27,7,6156223,66.2,4,4511836,48.52,3,845415,54714,0.59,9.09,1.4,69.2,29.4
2022-10-15T00:00:00.000Z,0,6720163,72.27,0,6156223,66.2,0,4511836,48.52,1,845416,54722,0.59,9.09,1.38,69.22,29.4
2022-10-16T00:00:00.000Z,4,6720167,72.27,13,6156236,66.2,5,4511841,48.52,8,845424,56632,0.61,9.09,1.39,69.2,29.4
2022-10-17T00:00:00.000Z,1,6720168,72.27,1,6156237,66.2,1,4511842,48.52,0,845424,56662,0.61,9.09,1.39,69.2,29.4
2022-10-18T00:00:00.000Z,24,6720192,72.27,31,6156268,66.2,14,4511856,48.52,16,845440,61863,0.67,9.09,1.43,69.17,29.4
2022-10-19T00:00:00.000Z,18,6720210,72.27,25,6156293,66.2,7,4511863,48.52,3,845443,68219,0.73,9.09,1.47,69.12,29.4
2022-10-20T00:00:00.000Z,26,6720236,72.27,44,6156337,66.2,12,4511875,48.52,4,845447,74736,0.8,9.09,1.5,69.1,29.4
2022-10-21T00:00:00.000Z,4,6720240,72.27,7,6156344,66.2,2,4511877,48.52,2,845449,76243,0.82,9.09,1.5,69.09,29.4
2022-10-22T00:00:00.000Z,0,6720240,72.27,0,6156344,66.2,0,4511877,48.52,0,845449,76243,0.82,9.09,1.49,69.1,29.4
2022-10-23T00:00:00.000Z,15,6720255,72.27,33,6156377,66.2,18,4511895,48.52,10,845459,81379,0.88,9.09,1.51,69.08,29.4
2022-10-24T00:00:00.000Z,20,6720275,72.27,16,6156393,66.2,19,4511914,48.52,9,845468,86719,0.93,9.09,1.51,69.08,29.41
2022-10-25T00:00:00.000Z,18,6720293,72.27,34,6156427,66.2,22,4511936,48.52,21,845489,93133,1,9.09,1.55,69.04,29.4
2022-10-26T00:00:00.000Z,18,6720311,72.27,25,6156452,66.2,8,4511944,48.52,9,845498,100056,1.08,9.09,1.61,68.99,29.4
2022-10-27T00:00:00.000Z,18,6720329,72.27,26,6156478,66.2,14,4511958,48.52,16,845514,108320,1.16,9.09,1.67,68.93,29.4
2022-10-28T00:00:00.000Z,44,6720373,72.27,47,6156525,66.2,31,4511989,48.52,18,845532,110184,1.18,9.09,1.67,68.93,29.4
2022-10-29T00:00:00.000Z,0,6720373,72.27,0,6156525,66.2,0,4511989,48.52,0,845532,110184,1.18,9.09,1.66,68.94,29.4
2022-10-30T00:00:00.000Z,14,6720387,72.27,23,6156548,66.2,15,4512004,48.52,9,845541,116139,1.25,9.09,1.71,68.89,29.4
2022-10-31T00:00:00.000Z,17,6720404,72.27,16,6156564,66.2,8,4512012,48.52,9,845550,122452,1.32,9.09,1.76,68.84,29.4
2022-11-01T00:00:00.000Z,2,6720406,72.27,1,6156565,66.2,1,4512013,48.52,0,845550,123721,1.33,9.09,1.82,68.78,29.4
2022-11-02T00:00:00.000Z,13,6720419,72.27,13,6156578,66.2,7,4512020,48.52,8,845558,129816,1.4,9.09,1.88,68.72,29.4
2022-11-03T00:00:00.000Z,16,6720435,72.27,18,6156596,66.2,11,4512031,48.52,8,845566,136623,1.47,9.09,1.96,68.64,29.4
2022-11-04T00:00:00.000Z,4,6720439,72.27,6,6156602,66.21,1,4512032,48.52,2,845568,138282,1.49,9.09,1.98,68.63,29.4
2022-11-05T00:00:00.000Z,0,6720439,72.27,0,6156602,66.21,0,4512032,48.52,0,845568,138282,1.49,9.09,1.97,68.63,29.4
2022-11-06T00:00:00.000Z,24,6720463,72.27,32,6156634,66.21,11,4512043,48.52,23,845591,145097,1.56,9.09,2.03,68.57,29.4
2022-11-07T00:00:00.000Z,15,6720478,72.27,11,6156645,66.21,10,4512053,48.52,54,845645,152518,1.64,9.09,2.1,68.51,29.4
2022-11-08T00:00:00.000Z,28,6720506,72.27,26,6156671,66.21,14,4512067,48.52,9,845654,159425,1.71,9.09,2.1,68.5,29.4
2022-11-09T00:00:00.000Z,16,6720522,72.27,20,6156691,66.21,17,4512084,48.52,9,845663,166925,1.8,9.09,2.16,68.45,29.4
2022-11-10T00:00:00.000Z,26,6720548,72.27,14,6156705,66.21,11,4512095,48.52,4,845667,175762,1.89,9.09,2.22,68.39,29.4
2022-11-11T00:00:00.000Z,1,6720549,72.27,17,6156722,66.21,2,4512097,48.52,1,845668,178316,1.92,9.09,2.23,68.37,29.4
2022-11-12T00:00:00.000Z,1,6720550,72.27,0,6156722,66.21,1,4512098,48.52,0,845668,178366,1.92,9.09,2.22,68.38,29.4
2022-11-13T00:00:00.000Z,24,6720574,72.27,30,6156752,66.21,17,4512115,48.52,8,845676,185639,2,9.09,2.29,68.31,29.4
2022-11-14T00:00:00.000Z,20,6720594,72.27,17,6156769,66.21,21,4512136,48.52,16,845692,193625,2.08,9.09,2.37,68.23,29.4
2022-11-15T00:00:00.000Z,39,6720633,72.27,25,6156794,66.21,16,4512152,48.52,17,845709,201152,2.16,9.09,2.43,68.17,29.4
2022-11-16T00:00:00.000Z,14,6720647,72.27,27,6156821,66.21,16,4512168,48.52,11,845720,208775,2.25,9.09,2.5,68.1,29.4
2022-11-17T00:00:00.000Z,19,6720666,72.27,33,6156854,66.21,18,4512186,48.52,4,845724,217133,2.33,9.09,2.59,68.02,29.4
2022-11-18T00:00:00.000Z,6,6720672,72.27,4,6156858,66.21,4,4512190,48.52,0,845724,219687,2.36,9.09,2.61,67.99,29.4
2022-11-19T00:00:00.000Z,0,6720672,72.27,0,6156858,66.21,0,4512190,48.52,0,845724,219687,2.36,9.09,2.6,68,29.4
2022-11-20T00:00:00.000Z,19,6720691,72.27,19,6156877,66.21,6,4512196,48.52,13,845737,225915,2.43,9.09,2.67,67.93,29.4
2022-11-21T00:00:00.000Z,14,6720705,72.27,13,6156890,66.21,6,4512202,48.52,6,845743,232947,2.5,9.09,2.76,67.85,29.4
2022-11-22T00:00:00.000Z,26,6720731,72.27,13,6156903,66.21,17,4512219,48.52,6,845749,239925,2.58,9.09,2.83,67.77,29.4
2022-11-23T00:00:00.000Z,17,6720748,72.27,20,6156923,66.21,4,4512223,48.52,8,845757,246616,2.65,9.09,2.9,67.7,29.4
2022-11-24T00:00:00.000Z,9,6720757,72.27,16,6156939,66.21,13,4512236,48.52,27,845784,253759,2.73,9.1,2.98,67.62,29.4
2022-11-25T00:00:00.000Z,17,6720774,72.27,32,6156971,66.21,14,4512250,48.52,12,845796,255751,2.75,9.1,3,67.6,29.4
2022-11-26T00:00:00.000Z,0,6720774,72.27,2,6156973,66.21,0,4512250,48.52,0,845796,255761,2.75,9.1,3,67.61,29.4
2022-11-27T00:00:00.000Z,14,6720788,72.27,15,6156988,66.21,19,4512269,48.52,2,845798,261728,2.81,9.1,3.06,67.54,29.4
2022-11-28T00:00:00.000Z,8,6720796,72.27,23,6157011,66.21,8,4512277,48.52,6,845804,267415,2.88,9.1,3.14,67.47,29.4
2022-11-29T00:00:00.000Z,37,6720833,72.27,31,6157042,66.21,19,4512296,48.52,14,845818,273763,2.94,9.1,3.2,67.4,29.4
2022-11-30T00:00:00.000Z,12,6720845,72.27,25,6157067,66.21,20,4512316,48.52,8,845826,280380,3.02,9.1,3.27,67.34,29.39
2022-12-01T00:00:00.000Z,13,6720858,72.27,16,6157083,66.21,15,4512331,48.52,4,845830,287778,3.09,9.1,3.34,67.26,29.39
2022-12-02T00:00:00.000Z,2,6720860,72.27,7,6157090,66.21,4,4512335,48.52,10,845840,289624,3.11,9.1,3.36,67.24,29.39
2022-12-03T00:00:00.000Z,0,6720860,72.27,0,6157090,66.21,0,4512335,48.52,1,845841,289634,3.11,9.1,3.36,67.24,29.39
2022-12-04T00:00:00.000Z,25,6720885,72.27,23,6157113,66.21,29,4512364,48.52,23,845864,295371,3.18,9.1,3.42,67.18,29.39
2022-12-05T00:00:00.000Z,9,6720894,72.27,17,6157130,66.21,11,4512375,48.52,18,845882,300878,3.24,9.1,3.48,67.12,29.4
2022-12-06T00:00:00.000Z,32,6720926,72.27,25,6157155,66.21,27,4512402,48.52,8,845890,305767,3.29,9.1,3.55,67.06,29.39
2022-12-07T00:00:00.000Z,10,6720936,72.27,17,6157172,66.21,8,4512410,48.52,7,845897,310481,3.34,9.1,3.62,66.99,29.39
2022-12-08T00:00:00.000Z,18,6720954,72.27,26,6157198,66.21,15,4512425,48.52,3,845900,316217,3.4,9.1,3.69,66.91,29.39
2022-12-09T00:00:00.000Z,4,6720958,72.27,1,6157199,66.21,1,4512426,48.52,7,845907,318003,3.42,9.1,3.71,66.9,29.39
2022-12-10T00:00:00.000Z,1,6720959,72.27,0,6157199,66.21,2,4512428,48.52,0,845907,318011,3.42,9.1,3.7,66.91,29.39
2022-12-11T00:00:00.000Z,14,6720973,72.27,19,6157218,66.21,15,4512443,48.52,16,845923,322214,3.46,9.1,3.76,66.84,29.39
2022-12-12T00:00:00.000Z,14,6720987,72.27,11,6157229,66.21,5,4512448,48.52,0,845923,326698,3.51,9.1,3.82,66.78,29.39
2022-12-13T00:00:00.000Z,17,6721004,72.27,44,6157273,66.21,18,4512466,48.52,13,845936,331365,3.56,9.1,3.87,66.73,29.39
2022-12-14T00:00:00.000Z,17,6721021,72.27,16,6157289,66.21,7,4512473,48.52,3,845939,336002,3.61,9.1,3.92,66.69,29.39
2022-12-15T00:00:00.000Z,22,6721043,72.27,16,6157305,66.21,7,4512480,48.52,11,845950,341376,3.67,9.1,3.97,66.64,29.39
2022-12-16T00:00:00.000Z,10,6721053,72.27,2,6157307,66.21,1,4512481,48.52,0,845950,342872,3.69,9.1,3.98,66.62,29.39
2022-12-17T00:00:00.000Z,0,6721053,72.27,0,6157307,66.21,0,4512481,48.52,0,845950,342872,3.69,9.1,3.97,66.63,29.39
2022-12-18T00:00:00.000Z,9,6721062,72.28,17,6157324,66.21,8,4512489,48.53,3,845953,346009,3.72,9.1,4.01,66.59,29.39
2022-12-19T00:00:00.000Z,7,6721069,72.28,14,6157338,66.21,12,4512501,48.53,1,845954,349248,3.76,9.1,4.06,66.54,29.4
2022-12-20T00:00:00.000Z,12,6721081,72.28,17,6157355,66.21,2,4512503,48.53,2,845956,351276,3.78,9.1,4.1,66.51,29.39
2022-12-21T00:00:00.000Z,9,6721090,72.28,14,6157369,66.21,13,4512516,48.53,3,845959,353649,3.8,9.1,4.14,66.47,29.39
2022-12-22T00:00:00.000Z,4,6721094,72.28,10,6157379,66.21,14,4512530,48.53,1,845960,356580,3.83,9.1,4.18,66.42,29.39
2022-12-23T00:00:00.000Z,8,6721102,72.28,0,6157379,66.21,2,4512532,48.53,0,845960,357480,3.84,9.1,4.19,66.42,29.39
2022-12-24T00:00:00.000Z,0,6721102,72.28,0,6157379,66.21,0,4512532,48.53,0,845960,357480,3.84,9.1,4.18,66.43,29.39
2022-12-25T00:00:00.000Z,3,6721105,72.28,3,6157382,66.21,0,4512532,48.53,2,845962,358529,3.86,9.1,4.21,66.4,29.39
