Day_Date,vaccinated,vaccinated_cum,vaccinated_population_perc,vaccinated_seconde_dose,vaccinated_seconde_dose_cum,vaccinated_seconde_dose_population_perc,vaccinated_third_dose,vaccinated_third_dose_cum,vaccinated_third_dose_population_perc,vaccinated_fourth_dose,vaccinated_fourth_dose_cum,vaccinated_fourth_dose_population_perc,vaccinated_validity_perc,vaccinated_expired_perc,not_vaccinated_perc
2020-12-19T00:00:00.000Z,46,69,0,0,4,0,0,0,0,0,0,0,0,0,100
2020-12-20T00:00:00.000Z,7393,7462,0.08,0,4,0,0,0,0,0,0,0,0,0,100
2020-12-21T00:00:00.000Z,24921,32383,0.35,0,4,0,0,0,0,0,0,0,0,0,100
2020-12-22T00:00:00.000Z,44662,77045,0.83,0,4,0,0,0,0,0,0,0,0,0,100
2020-12-23T00:00:00.000Z,62911,139956,1.5,0,4,0,0,0,0,0,0,0,0,0,100
2020-12-24T00:00:00.000Z,73422,213378,2.29,0,4,0,0,0,0,0,0,0,0,0,100
2020-12-25T00:00:00.000Z,38511,251889,2.71,0,4,0,0,0,0,0,0,0,0,0,100
2020-12-26T00:00:00.000Z,32615,284504,3.06,0,4,0,0,0,0,0,0,0,0,0,100
2020-12-27T00:00:00.000Z,104560,389064,4.18,0,4,0,0,0,0,0,0,0,0,0,100
2020-12-28T00:00:00.000Z,135012,524076,5.64,0,4,0,0,0,0,0,0,0,0,0,100
2020-12-29T00:00:00.000Z,156299,680375,7.32,2,6,0,0,0,0,0,0,0,0,0,100
2020-12-30T00:00:00.000Z,153151,833526,8.96,0,6,0,0,0,0,0,0,0,0,0,100
2020-12-31T00:00:00.000Z,158558,992084,10.67,0,6,0,0,0,0,0,0,0,0,0,100
2021-01-01T00:00:00.000Z,71423,1063507,11.44,0,6,0,0,0,0,0,0,0,0,0,100
2021-01-02T00:00:00.000Z,71728,1135235,12.21,0,6,0,0,0,0,0,0,0,0,0,100
2021-01-03T00:00:00.000Z,149739,1284974,13.82,0,6,0,0,0,0,0,0,0,0,0,100
2021-01-04T00:00:00.000Z,152176,1437150,15.45,1,7,0,0,0,0,0,0,0,0,0,100
2021-01-05T00:00:00.000Z,125185,1562335,16.8,3,10,0,0,0,0,0,0,0,0,0,100
2021-01-06T00:00:00.000Z,103344,1665679,17.91,2,12,0,0,0,0,0,0,0,0,0,100
2021-01-07T00:00:00.000Z,116031,1781710,19.16,9,21,0,0,0,0,0,0,0,0,0,100
2021-01-08T00:00:00.000Z,66448,1848158,19.87,4,25,0,0,0,0,0,0,0,0,0,100
2021-01-09T00:00:00.000Z,44540,1892698,20.35,24,49,0,0,0,0,0,0,0,0,0,100
2021-01-10T00:00:00.000Z,37640,1930338,20.76,5999,6048,0.07,0,0,0,0,0,0,0,0,100
2021-01-11T00:00:00.000Z,21163,1951501,20.99,19263,25311,0.27,0,0,0,0,0,0,0,0,100
2021-01-12T00:00:00.000Z,24066,1975567,21.24,35671,60982,0.66,0,0,0,0,0,0,0,0,100
2021-01-13T00:00:00.000Z,52062,2027629,21.8,56869,117851,1.27,0,0,0,0,0,0,0,0,100
2021-01-14T00:00:00.000Z,56465,2084094,22.41,68833,186684,2.01,0,0,0,0,0,0,0,0,100
2021-01-15T00:00:00.000Z,30761,2114855,22.74,35937,222621,2.39,0,0,0,0,0,0,0,0,100
2021-01-16T00:00:00.000Z,29474,2144329,23.06,26004,248625,2.67,0,0,0,0,0,0,0,0,100
2021-01-17T00:00:00.000Z,68425,2212754,23.79,84589,333214,3.58,0,0,0,0,0,0,0.31,0,99.69
2021-01-18T00:00:00.000Z,69803,2282557,24.55,120419,453633,4.88,0,0,0,0,0,0,0.58,0,99.42
2021-01-19T00:00:00.000Z,72880,2355437,25.33,137823,591456,6.36,0,0,0,0,0,0,1.09,0,98.91
2021-01-20T00:00:00.000Z,76894,2432331,26.16,143746,735202,7.91,0,0,0,0,0,0,1.9,0,98.1
2021-01-21T00:00:00.000Z,69989,2502320,26.91,164436,899638,9.67,0,0,0,0,0,0,2.88,0,97.12
2021-01-22T00:00:00.000Z,37915,2540235,27.32,71125,970763,10.44,0,0,0,0,0,0,3.39,0,96.61
2021-01-23T00:00:00.000Z,39961,2580196,27.75,53577,1024340,11.02,0,0,0,0,0,0,3.77,0,96.23
2021-01-24T00:00:00.000Z,69135,2649331,28.49,140690,1165030,12.53,0,0,0,0,0,0,4.96,0,95.04
2021-01-25T00:00:00.000Z,80933,2730264,29.36,139499,1304529,14.03,0,0,0,0,0,0,6.61,0,93.39
2021-01-26T00:00:00.000Z,78710,2808974,30.21,126417,1430946,15.39,0,0,0,0,0,0,8.45,0,91.55
2021-01-27T00:00:00.000Z,77964,2886938,31.04,125050,1555996,16.73,0,0,0,0,0,0,10.34,0,89.66
2021-01-28T00:00:00.000Z,79561,2966499,31.9,130604,1686600,18.14,0,0,0,0,0,0,12.43,0,87.57
2021-01-29T00:00:00.000Z,36695,3003194,32.29,64781,1751381,18.83,0,0,0,0,0,0,13.34,0,86.66
2021-01-30T00:00:00.000Z,34392,3037586,32.66,42759,1794140,19.29,0,0,0,0,0,0,14.02,0,85.98
2021-01-31T00:00:00.000Z,73321,3110907,33.45,59493,1853633,19.93,0,0,0,0,0,0,15.76,0,84.24
2021-02-01T00:00:00.000Z,82491,3193398,34.34,35347,1888980,20.31,0,0,0,0,0,0,17.48,0,82.52
2021-02-02T00:00:00.000Z,70086,3263484,35.09,31062,1920042,20.65,0,0,0,0,0,0,19.01,0,80.99
2021-02-03T00:00:00.000Z,60299,3323783,35.74,51433,1971475,21.2,0,0,0,0,0,0,20.47,0,79.53
2021-02-04T00:00:00.000Z,72611,3396394,36.52,58084,2029559,21.82,0,0,0,0,0,0,22,0,78
2021-02-05T00:00:00.000Z,33939,3430333,36.89,28796,2058355,22.13,0,0,0,0,0,0,22.75,0,77.25
2021-02-06T00:00:00.000Z,21617,3451950,37.12,22228,2080583,22.37,0,0,0,0,0,0,23.23,0,76.77
2021-02-07T00:00:00.000Z,54076,3506026,37.7,68725,2149308,23.11,0,0,0,0,0,0,23.99,0,76.01
2021-02-08T00:00:00.000Z,58627,3564653,38.33,65455,2214763,23.82,0,0,0,0,0,0,24.52,0,75.48
2021-02-09T00:00:00.000Z,66339,3630992,39.05,67562,2282325,24.54,0,0,0,0,0,0,25.04,0,74.96
2021-02-10T00:00:00.000Z,70559,3701551,39.8,72296,2354621,25.32,0,0,0,0,0,0,25.77,0,74.23
2021-02-11T00:00:00.000Z,81153,3782704,40.68,72094,2426715,26.1,0,0,0,0,0,0,26.61,0,73.39
2021-02-12T00:00:00.000Z,39093,3821797,41.1,37584,2464299,26.5,0,0,0,0,0,0,27.02,0,72.98
2021-02-13T00:00:00.000Z,27456,3849253,41.39,30439,2494738,26.83,0,0,0,0,0,0,27.33,0,72.67
2021-02-14T00:00:00.000Z,74905,3924158,42.2,69076,2563814,27.57,0,0,0,0,0,0,28.25,0,71.75
2021-02-15T00:00:00.000Z,81537,4005695,43.08,75709,2639523,28.38,0,0,0,0,0,0,29.17,0,70.83
2021-02-16T00:00:00.000Z,83412,4089107,43.97,78281,2717804,29.23,0,0,0,0,0,0,30.11,0,69.89
2021-02-17T00:00:00.000Z,61974,4151081,44.64,75631,2793435,30.04,0,0,0,0,0,0,31.01,0,68.99
2021-02-18T00:00:00.000Z,69144,4220225,45.38,79725,2873160,30.9,0,0,0,0,0,0,31.94,0,68.06
2021-02-19T00:00:00.000Z,39663,4259888,45.81,38151,2911311,31.31,0,0,0,0,0,0,32.45,0,67.55
2021-02-20T00:00:00.000Z,31648,4291536,46.15,28723,2940034,31.62,0,0,0,0,0,0,32.85,0,67.15
2021-02-21T00:00:00.000Z,79423,4370959,47,78437,3018471,32.46,0,0,0,0,0,0,33.8,0,66.2
2021-02-22T00:00:00.000Z,85052,4456011,47.92,80585,3099056,33.33,0,0,0,0,0,0,34.83,0,65.17
2021-02-23T00:00:00.000Z,77321,4533332,48.75,70471,3169527,34.08,0,0,0,0,0,0,35.84,0,64.16
2021-02-24T00:00:00.000Z,61063,4594395,49.41,63131,3232658,34.76,0,0,0,0,0,0,36.76,0,63.24
2021-02-25T00:00:00.000Z,51722,4646117,49.96,64792,3297450,35.46,0,0,0,0,0,0,37.66,0,62.34
2021-02-26T00:00:00.000Z,25905,4672022,50.24,32035,3329485,35.8,0,0,0,0,0,0,38.1,0,61.9
2021-02-27T00:00:00.000Z,18347,4690369,50.44,21195,3350680,36.03,0,0,0,0,0,0,38.42,0,61.58
2021-02-28T00:00:00.000Z,40357,4730726,50.87,55870,3406550,36.63,0,0,0,0,0,0,39.24,0,60.76
2021-03-01T00:00:00.000Z,45732,4776458,51.36,61433,3467983,37.29,0,0,0,0,0,0,40.1,0,59.9
2021-03-02T00:00:00.000Z,41193,4817651,51.81,64789,3532772,37.99,0,0,0,0,0,0,40.85,0,59.15
2021-03-03T00:00:00.000Z,42021,4859672,52.26,66785,3599557,38.71,0,0,0,0,0,0,41.55,0,58.45
2021-03-04T00:00:00.000Z,39704,4899376,52.69,79107,3678664,39.56,0,0,0,0,0,0,42.24,0,57.76
2021-03-05T00:00:00.000Z,17355,4916731,52.87,40460,3719124,39.99,0,0,0,0,0,0,42.57,0,57.43
2021-03-06T00:00:00.000Z,10715,4927446,52.99,25341,3744465,40.27,0,0,0,0,0,0,42.78,0,57.22
2021-03-07T00:00:00.000Z,31151,4958597,53.32,72834,3817299,41.05,0,0,0,0,0,0,43.36,0,56.64
2021-03-08T00:00:00.000Z,27377,4985974,53.62,73289,3890588,41.84,0,0,0,0,0,0,43.97,0,56.03
2021-03-09T00:00:00.000Z,26746,5012720,53.9,76593,3967181,42.66,0,0,0,0,0,0,44.62,0,55.38
2021-03-10T00:00:00.000Z,23359,5036079,54.16,58677,4025858,43.29,0,0,0,0,0,0,45.27,0,54.73
2021-03-11T00:00:00.000Z,23294,5059373,54.41,69080,4094938,44.03,0,0,0,0,0,0,45.99,0,54.01
2021-03-12T00:00:00.000Z,11290,5070663,54.53,41405,4136343,44.48,0,0,0,0,0,0,46.34,0,53.66
2021-03-13T00:00:00.000Z,7944,5078607,54.61,25236,4161579,44.75,0,0,0,0,0,0,46.57,0,53.43
2021-03-14T00:00:00.000Z,20981,5099588,54.84,73928,4235507,45.55,0,0,0,0,0,0,47.2,0,52.8
2021-03-15T00:00:00.000Z,20137,5119725,55.05,78271,4313778,46.39,0,0,0,0,0,0,47.81,0,52.19
2021-03-16T00:00:00.000Z,18746,5138471,55.26,71474,4385252,47.16,0,0,0,0,0,0,48.43,0,51.57
2021-03-17T00:00:00.000Z,17696,5156167,55.45,59000,4444252,47.79,0,0,0,0,0,0,48.92,0,51.08
2021-03-18T00:00:00.000Z,16041,5172208,55.62,58124,4502376,48.42,0,0,0,0,0,0,49.45,0,50.55
2021-03-19T00:00:00.000Z,6944,5179152,55.69,27973,4530349,48.72,0,0,0,0,0,0,49.75,0,50.25
2021-03-20T00:00:00.000Z,5223,5184375,55.75,15295,4545644,48.88,0,0,0,0,0,0,49.93,0,50.07
2021-03-21T00:00:00.000Z,13161,5197536,55.89,40503,4586147,49.32,0,0,0,0,0,0,50.46,0,49.54
2021-03-22T00:00:00.000Z,13570,5211106,56.04,40532,4626679,49.75,0,0,0,0,0,0,51,0,49
2021-03-23T00:00:00.000Z,2835,5213941,56.07,7295,4633974,49.83,0,0,0,0,0,0,51.43,0,48.57
2021-03-24T00:00:00.000Z,10990,5224931,56.19,46550,4680524,50.33,0,0,0,0,0,0,51.84,0,48.16
2021-03-25T00:00:00.000Z,10257,5235188,56.3,35428,4715952,50.71,0,0,0,0,0,0,52.22,0,47.78
2021-03-26T00:00:00.000Z,4180,5239368,56.34,13327,4729279,50.86,0,0,0,0,0,0,52.4,0,47.6
2021-03-27T00:00:00.000Z,1782,5241150,56.36,4265,4733544,50.9,0,0,0,0,0,0,52.5,0,47.5
2021-03-28T00:00:00.000Z,2109,5243259,56.38,4605,4738149,50.95,0,0,0,0,0,0,52.74,0,47.26
2021-03-29T00:00:00.000Z,6903,5250162,56.46,30012,4768161,51.27,0,0,0,0,0,0,53,0,47
2021-03-30T00:00:00.000Z,7878,5258040,56.54,22446,4790607,51.52,0,0,0,0,0,0,53.08,0,46.92
2021-03-31T00:00:00.000Z,8145,5266185,56.63,19487,4810094,51.73,0,0,0,0,0,0,53.38,0,46.62
2021-04-01T00:00:00.000Z,8195,5274380,56.72,18697,4828791,51.93,0,0,0,0,0,0,53.62,0,46.38
2021-04-02T00:00:00.000Z,2926,5277306,56.75,8125,4836916,52.01,0,0,0,0,0,0,53.71,0,46.29
2021-04-03T00:00:00.000Z,1430,5278736,56.76,2976,4839892,52.05,0,0,0,0,0,0,53.74,0,46.26
2021-04-04T00:00:00.000Z,9614,5288350,56.87,22829,4862721,52.29,0,0,0,0,0,0,53.82,0,46.18
2021-04-05T00:00:00.000Z,10354,5298704,56.98,21267,4883988,52.52,0,0,0,0,0,0,54.04,0,45.96
2021-04-06T00:00:00.000Z,9017,5307721,57.08,16784,4900772,52.7,0,0,0,0,0,0,54.21,0,45.79
2021-04-07T00:00:00.000Z,8919,5316640,57.17,15301,4916073,52.86,0,0,0,0,0,0,54.36,0,45.64
2021-04-08T00:00:00.000Z,9415,5326055,57.27,17001,4933074,53.05,0,0,0,0,0,0,54.52,0,45.48
2021-04-09T00:00:00.000Z,3600,5329655,57.31,6242,4939316,53.12,0,0,0,0,0,0,54.58,0,45.42
2021-04-10T00:00:00.000Z,1630,5331285,57.33,3519,4942835,53.15,0,0,0,0,0,0,54.61,0,45.39
2021-04-11T00:00:00.000Z,9030,5340315,57.43,14241,4957076,53.31,0,0,0,0,0,0,54.78,0,45.22
2021-04-12T00:00:00.000Z,8928,5349243,57.52,13223,4970299,53.45,0,0,0,0,0,0,54.95,0,45.05
2021-04-13T00:00:00.000Z,5832,5355075,57.59,4951,4975250,53.5,0,0,0,0,0,0,55.08,0,44.92
2021-04-14T00:00:00.000Z,3638,5358713,57.63,5300,4980550,53.56,0,0,0,0,0,0,55.18,0,44.82
2021-04-15T00:00:00.000Z,688,5359401,57.63,572,4981122,53.56,0,0,0,0,0,0,55.27,0,44.73
2021-04-16T00:00:00.000Z,3406,5362807,57.67,6641,4987763,53.64,0,0,0,0,0,0,55.33,0,44.67
2021-04-17T00:00:00.000Z,815,5363622,57.68,1970,4989733,53.66,0,0,0,0,0,0,55.35,0,44.65
2021-04-18T00:00:00.000Z,7090,5370712,57.75,7431,4997164,53.74,0,0,0,0,0,0,55.47,0,44.53
2021-04-19T00:00:00.000Z,6392,5377104,57.82,7122,5004286,53.81,0,0,0,0,0,0,55.58,0,44.42
2021-04-20T00:00:00.000Z,6269,5383373,57.89,6880,5011166,53.89,0,0,0,0,0,0,55.65,0,44.35
2021-04-21T00:00:00.000Z,6368,5389741,57.96,7095,5018261,53.96,0,0,0,0,0,0,55.71,0,44.29
2021-04-22T00:00:00.000Z,5940,5395681,58.02,7679,5025940,54.05,0,0,0,0,0,0,55.75,0,44.25
2021-04-23T00:00:00.000Z,2754,5398435,58.05,3380,5029320,54.08,0,0,0,0,0,0,55.8,0,44.2
2021-04-24T00:00:00.000Z,766,5399201,58.06,1285,5030605,54.1,0,0,0,0,0,0,55.82,0,44.18
2021-04-25T00:00:00.000Z,4826,5404027,58.11,6915,5037520,54.17,0,0,0,0,0,0,55.89,0,44.11
2021-04-26T00:00:00.000Z,5472,5409499,58.17,7884,5045404,54.26,0,0,0,0,0,0,55.96,0,44.04
2021-04-27T00:00:00.000Z,4498,5413997,58.22,6619,5052023,54.33,0,0,0,0,0,0,56.03,0,43.97
2021-04-28T00:00:00.000Z,4483,5418480,58.27,7319,5059342,54.41,0,0,0,0,0,0,56.09,0,43.91
2021-04-29T00:00:00.000Z,4369,5422849,58.31,7282,5066624,54.48,0,0,0,0,0,0,56.16,0,43.84
2021-04-30T00:00:00.000Z,1916,5424765,58.34,3192,5069816,54.52,0,0,0,0,0,0,56.19,0,43.81
2021-05-01T00:00:00.000Z,454,5425219,58.34,891,5070707,54.53,0,0,0,0,0,0,56.2,0,43.8
2021-05-02T00:00:00.000Z,3224,5428443,58.37,6084,5076791,54.59,0,0,0,0,0,0,56.26,0,43.74
2021-05-03T00:00:00.000Z,3533,5431976,58.41,5823,5082614,54.66,0,0,0,0,0,0,56.32,0,43.68
2021-05-04T00:00:00.000Z,3582,5435558,58.45,4720,5087334,54.71,0,0,0,0,0,0,56.38,0,43.62
2021-05-05T00:00:00.000Z,3284,5438842,58.49,4082,5091416,54.75,0,0,0,0,0,0,56.44,0,43.56
2021-05-06T00:00:00.000Z,3636,5442478,58.53,3136,5094552,54.78,0,0,0,0,0,0,56.5,0,43.5
2021-05-07T00:00:00.000Z,1829,5444307,58.55,2498,5097050,54.81,0,0,0,0,0,0,56.52,0,43.48
2021-05-08T00:00:00.000Z,235,5444542,58.55,503,5097553,54.82,0,0,0,0,0,0,56.53,0,43.47
2021-05-09T00:00:00.000Z,2844,5447386,58.58,4743,5102296,54.87,0,0,0,0,0,0,56.58,0,43.42
2021-05-10T00:00:00.000Z,2890,5450276,58.61,4700,5106996,54.92,0,0,0,0,0,0,56.63,0,43.37
2021-05-11T00:00:00.000Z,2618,5452894,58.64,3870,5110866,54.96,0,0,0,0,0,0,56.67,0,43.33
2021-05-12T00:00:00.000Z,2021,5454915,58.66,3332,5114198,55,0,0,0,0,0,0,56.7,0,43.3
2021-05-13T00:00:00.000Z,2035,5456950,58.68,3675,5117873,55.04,0,0,0,0,0,0,56.73,0,43.27
2021-05-14T00:00:00.000Z,968,5457918,58.69,1487,5119360,55.05,0,0,0,0,0,0,56.75,0,43.25
2021-05-15T00:00:00.000Z,247,5458165,58.69,255,5119615,55.05,0,0,0,0,0,0,56.75,0,43.25
2021-05-16T00:00:00.000Z,527,5458692,58.7,1201,5120816,55.07,0,0,0,0,0,0,56.78,0,43.22
2021-05-17T00:00:00.000Z,294,5458986,58.7,839,5121655,55.08,0,0,0,0,0,0,56.81,0,43.19
2021-05-18T00:00:00.000Z,1956,5460942,58.72,4931,5126586,55.13,0,0,0,0,0,0,56.84,0,43.16
2021-05-19T00:00:00.000Z,2218,5463160,58.75,5031,5131617,55.18,0,0,0,0,0,0,56.87,0,43.13
2021-05-20T00:00:00.000Z,2306,5465466,58.77,3873,5135490,55.22,0,0,0,0,0,0,56.9,0,43.1
2021-05-21T00:00:00.000Z,1177,5466643,58.79,1400,5136890,55.24,0,0,0,0,0,0,56.92,0,43.08
2021-05-22T00:00:00.000Z,204,5466847,58.79,393,5137283,55.24,0,0,0,0,0,0,56.92,0,43.08
2021-05-23T00:00:00.000Z,2269,5469116,58.81,3213,5140496,55.28,0,0,0,0,0,0,56.94,0,43.06
2021-05-24T00:00:00.000Z,2125,5471241,58.84,3594,5144090,55.32,0,0,0,0,0,0,56.96,0,43.04
2021-05-25T00:00:00.000Z,1814,5473055,58.85,2583,5146673,55.34,0,0,0,0,0,0,56.99,0,43.01
2021-05-26T00:00:00.000Z,1399,5474454,58.87,2499,5149172,55.37,0,0,0,0,0,0,57.03,0,42.97
2021-05-27T00:00:00.000Z,1842,5476296,58.89,3180,5152352,55.41,0,0,0,0,0,0,57.06,0,42.94
2021-05-28T00:00:00.000Z,773,5477069,58.9,1400,5153752,55.42,0,0,0,0,0,0,57.07,0,42.93
2021-05-29T00:00:00.000Z,184,5477253,58.9,223,5153975,55.42,0,0,0,0,0,0,57.07,0,42.93
2021-05-30T00:00:00.000Z,1637,5478890,58.92,1930,5155905,55.44,0,0,0,0,0,0,57.1,0,42.9
2021-05-31T00:00:00.000Z,1727,5480617,58.94,2088,5157993,55.47,0,0,0,0,0,0,57.13,0,42.87
2021-06-01T00:00:00.000Z,1369,5481986,58.95,1815,5159808,55.49,0,0,0,0,0,0,57.47,0,42.53
2021-06-02T00:00:00.000Z,1502,5483488,58.97,1603,5161411,55.5,0,0,0,0,0,0,57.25,0,42.75
2021-06-03T00:00:00.000Z,1675,5485163,58.98,1484,5162895,55.52,0,0,0,0,0,0,57.27,0,42.73
2021-06-04T00:00:00.000Z,1083,5486246,59,773,5163668,55.53,0,0,0,0,0,0,57.28,0,42.72
2021-06-05T00:00:00.000Z,179,5486425,59,158,5163826,55.53,0,0,0,0,0,0,57.29,0,42.71
2021-06-06T00:00:00.000Z,4284,5490709,59.04,1001,5164827,55.54,0,0,0,0,0,0,57.31,0,42.69
2021-06-07T00:00:00.000Z,4429,5495138,59.09,807,5165634,55.55,0,0,0,0,0,0,57.34,0,42.66
2021-06-08T00:00:00.000Z,3731,5498869,59.13,1166,5166800,55.56,0,0,0,0,0,0,57.36,0,42.64
2021-06-09T00:00:00.000Z,3605,5502474,59.17,1319,5168119,55.58,0,0,0,0,0,0,57.4,0,42.6
2021-06-10T00:00:00.000Z,3351,5505825,59.21,1292,5169411,55.59,0,0,0,0,0,0,57.42,0,42.58
2021-06-11T00:00:00.000Z,1387,5507212,59.22,576,5169987,55.6,0,0,0,0,0,0,57.43,0,42.57
2021-06-12T00:00:00.000Z,212,5507424,59.22,165,5170152,55.6,0,0,0,0,0,0,57.43,0,42.57
2021-06-13T00:00:00.000Z,3099,5510523,59.26,1254,5171406,55.61,0,0,0,0,0,0,57.45,0,42.55
2021-06-14T00:00:00.000Z,3047,5513570,59.29,1522,5172928,55.63,0,0,0,0,0,0,57.46,0,42.54
2021-06-15T00:00:00.000Z,3132,5516702,59.32,1365,5174293,55.64,0,0,0,0,0,0,57.48,0,42.52
2021-06-16T00:00:00.000Z,2720,5519422,59.35,990,5175283,55.65,0,0,0,0,0,0,57.49,0,42.51
2021-06-17T00:00:00.000Z,2718,5522140,59.38,1191,5176474,55.67,0,0,0,0,0,0,57.51,0,42.49
2021-06-18T00:00:00.000Z,1260,5523400,59.4,496,5176970,55.67,0,0,0,0,0,0,57.52,0,42.48
2021-06-19T00:00:00.000Z,234,5523634,59.4,137,5177107,55.67,0,0,0,0,0,0,57.52,0,42.48
2021-06-20T00:00:00.000Z,3311,5526945,59.43,1329,5178436,55.69,0,0,0,0,0,0,57.54,0,42.46
2021-06-21T00:00:00.000Z,5232,5532177,59.49,1210,5179646,55.7,0,0,0,0,0,0,57.56,0,42.44
2021-06-22T00:00:00.000Z,6915,5539092,59.56,1092,5180738,55.71,0,0,0,0,0,0,57.58,0,42.42
2021-06-23T00:00:00.000Z,10740,5549832,59.68,1285,5182023,55.72,0,0,0,0,0,0,57.6,0,42.4
2021-06-24T00:00:00.000Z,12036,5561868,59.81,1458,5183481,55.74,0,0,0,0,0,0,57.62,0,42.38
2021-06-25T00:00:00.000Z,7103,5568971,59.89,935,5184416,55.75,0,0,0,0,0,0,57.62,0,42.38
2021-06-26T00:00:00.000Z,2263,5571234,59.91,194,5184610,55.75,0,0,0,0,0,0,57.63,0,42.37
2021-06-27T00:00:00.000Z,13627,5584861,60.06,3433,5188043,55.79,0,0,0,0,0,0,57.65,0,42.35
2021-06-28T00:00:00.000Z,14508,5599369,60.21,3670,5191713,55.83,0,0,0,0,0,0,57.68,0,42.32
2021-06-29T00:00:00.000Z,16701,5616070,60.39,3734,5195447,55.87,0,0,0,0,0,0,57.69,0,42.31
2021-06-30T00:00:00.000Z,16473,5632543,60.57,3388,5198835,55.91,0,0,0,0,0,0,57.72,0,42.28
2021-07-01T00:00:00.000Z,16816,5649359,60.75,3368,5202203,55.94,117,117,0,0,0,0,57.78,0,42.22
2021-07-02T00:00:00.000Z,9822,5659181,60.86,1593,5203796,55.96,7,124,0,0,0,0,57.79,0,42.21
2021-07-03T00:00:00.000Z,2670,5661851,60.88,296,5204092,55.96,1,125,0,0,0,0,57.79,0,42.21
2021-07-04T00:00:00.000Z,17729,5679580,61.08,3155,5207247,56,1,126,0,0,0,0,57.85,0,42.15
2021-07-05T00:00:00.000Z,17842,5697422,61.27,3038,5210285,56.03,7,133,0,0,0,0,57.91,0,42.09
2021-07-06T00:00:00.000Z,17834,5715256,61.46,3403,5213688,56.07,11,144,0,0,0,0,57.99,0,42.01
2021-07-07T00:00:00.000Z,15518,5730774,61.63,2692,5216380,56.09,12,156,0,0,0,0,58.05,0,41.95
2021-07-08T00:00:00.000Z,16577,5747351,61.8,2868,5219248,56.13,17,173,0,0,0,0,58.12,0,41.88
2021-07-09T00:00:00.000Z,11117,5758468,61.92,1528,5220776,56.14,4,177,0,0,0,0,58.15,0,41.85
2021-07-10T00:00:00.000Z,4980,5763448,61.98,383,5221159,56.15,6,183,0,0,0,0,58.15,0,41.85
2021-07-11T00:00:00.000Z,1453,5764901,61.99,2846,5224005,56.18,8,191,0,0,0,0,58.22,0,41.78
2021-07-12T00:00:00.000Z,2413,5767314,62.02,3675,5227680,56.22,56,247,0,0,0,0,58.29,0,41.71
2021-07-13T00:00:00.000Z,2950,5770264,62.05,5450,5233130,56.27,124,371,0,0,0,0,58.36,0,41.64
2021-07-14T00:00:00.000Z,2736,5773000,62.08,7521,5240651,56.36,441,812,0.01,0,0,0,58.42,0,41.58
2021-07-15T00:00:00.000Z,2990,5775990,62.11,9282,5249933,56.46,374,1186,0.01,0,0,0,58.5,0,41.5
2021-07-16T00:00:00.000Z,1276,5777266,62.13,5888,5255821,56.52,65,1251,0.01,0,0,0,58.54,0,41.46
2021-07-17T00:00:00.000Z,365,5777631,62.13,1386,5257207,56.53,7,1258,0.01,0,0,0,58.55,0,41.44
2021-07-18T00:00:00.000Z,2063,5779694,62.15,9764,5266971,56.64,235,1493,0.02,0,0,0,58.6,0,41.4
2021-07-19T00:00:00.000Z,3203,5782897,62.19,11337,5278308,56.76,461,1954,0.02,0,0,0,58.65,0,41.35
2021-07-20T00:00:00.000Z,2677,5785574,62.22,11901,5290209,56.89,373,2327,0.03,0,0,0,58.72,0,41.28
2021-07-21T00:00:00.000Z,2385,5787959,62.24,11869,5302078,57.02,323,2650,0.03,0,0,0,58.81,0,41.19
2021-07-22T00:00:00.000Z,2864,5790823,62.27,13259,5315337,57.16,391,3041,0.03,0,0,0,58.93,0,41.07
2021-07-23T00:00:00.000Z,2022,5792845,62.29,8229,5323566,57.25,106,3147,0.03,0,0,0,58.99,0,41.01
2021-07-24T00:00:00.000Z,636,5793481,62.3,1475,5325041,57.26,7,3154,0.03,0,0,0,58.99,0,41
2021-07-25T00:00:00.000Z,4412,5797893,62.35,15484,5340525,57.43,223,3377,0.04,0,0,0,59.1,0,40.89
2021-07-26T00:00:00.000Z,5159,5803052,62.4,13519,5354044,57.57,323,3700,0.04,0,0,0,59.24,0,40.75
2021-07-27T00:00:00.000Z,5481,5808533,62.46,13561,5367605,57.72,413,4113,0.04,0,0,0,59.37,0.01,40.62
2021-07-28T00:00:00.000Z,3981,5812514,62.5,12335,5379940,57.85,472,4585,0.05,0,0,0,59.5,0.01,40.49
2021-07-29T00:00:00.000Z,4653,5817167,62.55,14184,5394124,58.01,530,5115,0.06,0,0,0,59.65,0.01,40.33
2021-07-30T00:00:00.000Z,2643,5819810,62.58,10843,5404967,58.12,4121,9236,0.1,0,0,0,59.74,0.02,40.25
2021-07-31T00:00:00.000Z,1402,5821212,62.6,3546,5408513,58.16,6159,15395,0.17,0,0,0,59.75,0.02,40.23
2021-08-01T00:00:00.000Z,3071,5824283,62.63,3361,5411874,58.2,31045,46440,0.5,0,0,0,59.91,0.02,40.06
2021-08-02T00:00:00.000Z,3124,5827407,62.67,3162,5415036,58.23,58507,104947,1.13,0,0,0,60.06,0.03,39.91
2021-08-03T00:00:00.000Z,3376,5830783,62.7,3318,5418354,58.27,78951,183898,1.98,0,0,0,60.21,0.03,39.76
2021-08-04T00:00:00.000Z,3518,5834301,62.74,3247,5421601,58.3,80760,264658,2.85,0,0,0,60.34,0.03,39.63
2021-08-05T00:00:00.000Z,4500,5838801,62.79,3563,5425164,58.34,88440,353098,3.8,0,0,0,60.49,0.04,39.47
2021-08-06T00:00:00.000Z,2428,5841229,62.81,1843,5427007,58.36,44741,397839,4.28,0,0,0,60.6,0.04,39.36
2021-08-07T00:00:00.000Z,1025,5842254,62.82,683,5427690,58.37,27352,425191,4.57,0,0,0,60.63,0.04,39.32
2021-08-08T00:00:00.000Z,4987,5847241,62.88,3073,5430763,58.4,80084,505275,5.43,0,0,0,60.68,0.04,39.28
2021-08-09T00:00:00.000Z,5334,5852575,62.94,3047,5433810,58.43,76486,581761,6.26,0,0,0,60.72,0.04,39.24
2021-08-10T00:00:00.000Z,5539,5858114,63,3195,5437005,58.47,75425,657186,7.07,0,0,0,60.75,0.04,39.2
2021-08-11T00:00:00.000Z,5689,5863803,63.06,2935,5439940,58.5,62634,719820,7.74,0,0,0,60.79,0.04,39.17
2021-08-12T00:00:00.000Z,7020,5870823,63.13,3279,5443219,58.53,59459,779279,8.38,0,0,0,60.83,0.04,39.12
2021-08-13T00:00:00.000Z,3808,5874631,63.17,2058,5445277,58.56,43868,823147,8.85,0,0,0,60.84,0.05,39.11
2021-08-14T00:00:00.000Z,2247,5876878,63.2,846,5446123,58.56,44483,867630,9.33,0,0,0,60.85,0.05,39.1
2021-08-15T00:00:00.000Z,7141,5884019,63.27,4528,5450651,58.61,97975,965605,10.38,0,0,0,60.89,0.05,39.06
2021-08-16T00:00:00.000Z,6979,5890998,63.35,4734,5455385,58.66,89513,1055118,11.35,0,0,0,60.92,0.04,39.03
2021-08-17T00:00:00.000Z,7570,5898568,63.43,5129,5460514,58.72,83315,1138433,12.24,0,0,0,60.96,0.04,39
2021-08-18T00:00:00.000Z,8631,5907199,63.52,4598,5465112,58.77,69256,1207689,12.99,0,0,0,60.99,0.04,38.96
2021-08-19T00:00:00.000Z,10065,5917264,63.63,5208,5470320,58.83,65970,1273659,13.7,0,0,0,61.03,0.04,38.92
2021-08-20T00:00:00.000Z,4761,5922025,63.68,2813,5473133,58.86,60445,1334104,14.35,0,0,0,61.05,0.05,38.9
2021-08-21T00:00:00.000Z,3490,5925515,63.72,1573,5474706,58.87,50720,1384824,14.89,0,0,0,61.06,0.05,38.89
2021-08-22T00:00:00.000Z,9825,5935340,63.83,4799,5479505,58.92,105090,1489914,16.02,0,0,0,61.12,0.04,38.84
2021-08-23T00:00:00.000Z,10929,5946269,63.94,4440,5483945,58.97,94006,1583920,17.03,0,0,0,61.17,0.04,38.79
2021-08-24T00:00:00.000Z,11727,5957996,64.07,4694,5488639,59.02,98525,1682445,18.09,0,0,0,61.23,0.04,38.73
2021-08-25T00:00:00.000Z,9611,5967607,64.17,4473,5493112,59.07,99512,1781957,19.16,0,0,0,61.29,0.04,38.67
2021-08-26T00:00:00.000Z,10108,5977715,64.28,5046,5498158,59.12,101196,1883153,20.25,0,0,0,61.36,0.03,38.61
2021-08-27T00:00:00.000Z,4319,5982034,64.33,2777,5500935,59.15,56687,1939840,20.86,0,0,0,61.35,0.04,38.61
2021-08-28T00:00:00.000Z,3695,5985729,64.37,1494,5502429,59.17,33530,1973370,21.22,0,0,0,61.4,0.04,38.57
2021-08-29T00:00:00.000Z,10328,5996057,64.48,5932,5508361,59.23,79516,2052886,22.08,0,0,0,61.46,0.03,38.5
2021-08-30T00:00:00.000Z,12333,6008390,64.61,7012,5515373,59.31,115981,2168867,23.32,0,0,0,61.53,0.03,38.44
2021-08-31T00:00:00.000Z,12080,6020470,64.74,6516,5521889,59.38,114847,2283714,24.56,0,0,0,61.6,0.03,38.37
2021-09-01T00:00:00.000Z,9036,6029506,64.84,6026,5527915,59.44,112469,2396183,25.77,0,0,0,61.43,0.03,38.54
2021-09-02T00:00:00.000Z,8783,6038289,64.93,7173,5535088,59.52,111517,2507700,26.97,0,0,0,61.49,0.03,38.48
2021-09-03T00:00:00.000Z,3747,6042036,64.97,4108,5539196,59.57,58875,2566575,27.6,0,0,0,61.56,0.03,38.42
2021-09-04T00:00:00.000Z,2691,6044727,65,2017,5541213,59.59,29943,2596518,27.92,0,0,0,61.59,0.03,38.38
2021-09-05T00:00:00.000Z,6992,6051719,65.08,6454,5547667,59.66,73312,2669830,28.71,0,0,0,61.68,0.03,38.29
2021-09-06T00:00:00.000Z,2826,6054545,65.11,2704,5550371,59.69,22793,2692623,28.96,0,0,0,61.77,0.03,38.2
2021-09-07T00:00:00.000Z,1196,6055741,65.12,871,5551242,59.7,5396,2698019,29.01,0,0,0,61.85,0.03,38.12
2021-09-08T00:00:00.000Z,1373,6057114,65.14,1186,5552428,59.71,6618,2704637,29.08,0,0,0,61.93,0.03,38.05
2021-09-09T00:00:00.000Z,7089,6064203,65.21,12562,5564990,59.84,73829,2778466,29.88,0,0,0,62.02,0.03,37.95
2021-09-10T00:00:00.000Z,3255,6067458,65.25,5004,5569994,59.9,37928,2816394,30.29,0,0,0,62.06,0.03,37.91
2021-09-11T00:00:00.000Z,2104,6069562,65.27,2499,5572493,59.92,14813,2831207,30.45,0,0,0,62.08,0.03,37.89
2021-09-12T00:00:00.000Z,6112,6075674,65.33,8585,5581078,60.02,54118,2885325,31.03,0,0,0,62.16,0.03,37.81
2021-09-13T00:00:00.000Z,5608,6081282,65.4,8251,5589329,60.1,47967,2933292,31.54,0,0,0,62.15,0.03,37.82
2021-09-14T00:00:00.000Z,4957,6086239,65.45,7413,5596742,60.18,48846,2982138,32.07,0,0,0,62.2,0.03,37.77
2021-09-15T00:00:00.000Z,1743,6087982,65.47,2711,5599453,60.21,16682,2998820,32.25,0,0,0,62.25,0.03,37.72
2021-09-16T00:00:00.000Z,337,6088319,65.47,543,5599996,60.22,1740,3000560,32.27,0,0,0,62.37,0.03,37.6
2021-09-17T00:00:00.000Z,3677,6091996,65.51,7013,5607009,60.3,42890,3043450,32.73,0,0,0,62.42,0.03,37.54
2021-09-18T00:00:00.000Z,2254,6094250,65.53,2940,5609949,60.33,12782,3056232,32.87,0,0,0,62.45,0.03,37.52
2021-09-19T00:00:00.000Z,5942,6100192,65.6,10708,5620657,60.44,44326,3100558,33.34,0,0,0,62.55,0.03,37.42
2021-09-20T00:00:00.000Z,3240,6103432,65.63,4638,5625295,60.49,16703,3117261,33.52,0,0,0,62.63,0.03,37.34
2021-09-21T00:00:00.000Z,1333,6104765,65.65,2049,5627344,60.51,3474,3120735,33.56,0,0,0,62.69,0.03,37.28
2021-09-22T00:00:00.000Z,4253,6109018,65.69,7242,5634586,60.59,25063,3145798,33.83,0,0,0,62.72,0.03,37.25
2021-09-23T00:00:00.000Z,4385,6113403,65.74,5902,5640488,60.66,27826,3173624,34.13,0,0,0,62.75,0.03,37.22
2021-09-24T00:00:00.000Z,3199,6116602,65.77,4182,5644670,60.7,27712,3201336,34.43,0,0,0,62.82,0.03,37.15
2021-09-25T00:00:00.000Z,2072,6118674,65.8,2255,5646925,60.72,10440,3211776,34.54,0,0,0,62.85,0.03,37.12
2021-09-26T00:00:00.000Z,5606,6124280,65.86,5968,5652893,60.79,36261,3248037,34.93,0,0,0,62.96,0.03,37
2021-09-27T00:00:00.000Z,4692,6128972,65.91,4459,5657352,60.84,30447,3278484,35.26,0,0,0,63.02,0.03,36.94
2021-09-28T00:00:00.000Z,1464,6130436,65.92,1176,5658528,60.85,6248,3284732,35.32,0,0,0,63.06,0.04,36.91
2021-09-29T00:00:00.000Z,9619,6140055,66.03,8339,5666867,60.94,60320,3345052,35.97,0,0,0,63.13,0.03,36.84
2021-09-30T00:00:00.000Z,10964,6151019,66.14,8567,5675434,61.03,79695,3424747,36.83,0,0,0,63.18,0.03,36.79
2021-10-01T00:00:00.000Z,5116,6156135,66.2,3868,5679302,61.07,46535,3471282,37.33,0,0,0,63.23,0.03,36.73
2021-10-02T00:00:00.000Z,2859,6158994,66.23,2123,5681425,61.1,22426,3493708,37.57,0,0,0,63.26,0.03,36.71
2021-10-03T00:00:00.000Z,11667,6170661,66.36,7266,5688691,61.17,70720,3564428,38.33,0,0,0,63.35,0.03,36.62
2021-10-04T00:00:00.000Z,10317,6180978,66.47,6751,5695442,61.25,51899,3616327,38.89,0,0,0,63.4,0.03,36.57
2021-10-05T00:00:00.000Z,8455,6189433,66.56,5302,5700744,61.3,40470,3656797,39.32,0,0,0,63.41,0.03,36.55
2021-10-06T00:00:00.000Z,7542,6196975,66.64,4172,5704916,61.35,34128,3690925,39.69,0,0,0,63.52,0.03,36.45
2021-10-07T00:00:00.000Z,6888,6203863,66.71,4000,5708916,61.39,34054,3724979,40.06,0,0,0,63.63,0.03,36.34
2021-10-08T00:00:00.000Z,3089,6206952,66.75,2631,5711547,61.42,19236,3744215,40.26,0,0,0,63.68,0.03,36.29
2021-10-09T00:00:00.000Z,1336,6208288,66.76,1440,5712987,61.43,7438,3751653,40.34,0,0,0,63.71,0.03,36.26
2021-10-10T00:00:00.000Z,4674,6212962,66.81,3744,5716731,61.47,21508,3773161,40.57,0,0,0,63.82,0.04,36.14
2021-10-11T00:00:00.000Z,4294,6217256,66.86,2938,5719669,61.51,17257,3790418,40.76,0,0,0,63.91,0.04,36.05
2021-10-12T00:00:00.000Z,3971,6221227,66.9,2998,5722667,61.54,15352,3805770,40.93,0,0,0,63.99,0.05,35.96
2021-10-13T00:00:00.000Z,3484,6224711,66.94,2443,5725110,61.57,13577,3819347,41.07,0,0,0,64.09,0.05,35.86
2021-10-14T00:00:00.000Z,3864,6228575,66.98,2679,5727789,61.59,16560,3835907,41.25,0,0,0,64.19,0.06,35.75
2021-10-15T00:00:00.000Z,1696,6230271,67,1678,5729467,61.61,9005,3844912,41.35,0,0,0,64.23,0.07,35.7
2021-10-16T00:00:00.000Z,727,6230998,67.01,948,5730415,61.62,4033,3848945,41.39,0,0,0,64.25,0.08,35.67
2021-10-17T00:00:00.000Z,3087,6234085,67.04,2521,5732936,61.65,12791,3861736,41.53,0,0,0,64.36,0.09,35.56
2021-10-18T00:00:00.000Z,2453,6236538,67.06,1679,5734615,61.67,10065,3871801,41.64,0,0,0,64.43,0.1,35.47
2021-10-19T00:00:00.000Z,2392,6238930,67.09,1276,5735891,61.68,9295,3881096,41.74,0,0,0,64.49,0.1,35.4
2021-10-20T00:00:00.000Z,2430,6241360,67.12,2297,5738188,61.71,10088,3891184,41.84,0,0,0,64.14,0.52,35.34
2021-10-21T00:00:00.000Z,3031,6244391,67.15,3084,5741272,61.74,12157,3903341,41.97,0,0,0,54.23,10.41,35.36
2021-10-22T00:00:00.000Z,1270,6245661,67.16,1427,5742699,61.75,5827,3909168,42.04,0,0,0,54.36,10.26,35.38
2021-10-23T00:00:00.000Z,568,6246229,67.17,1262,5743961,61.77,2559,3911727,42.06,0,0,0,54.42,10.19,35.39
2021-10-24T00:00:00.000Z,2511,6248740,67.2,2652,5746613,61.8,9852,3921579,42.17,0,0,0,54.22,10.43,35.35
2021-10-25T00:00:00.000Z,2627,6251367,67.22,2738,5749351,61.83,8501,3930080,42.26,0,0,0,54.59,10.22,35.19
2021-10-26T00:00:00.000Z,2375,6253742,67.25,2041,5751392,61.85,8515,3938595,42.35,0,0,0,54.64,10.26,35.1
2021-10-27T00:00:00.000Z,2283,6256025,67.27,2561,5753953,61.88,7946,3946541,42.44,0,0,0,54.58,10.37,35.06
2021-10-28T00:00:00.000Z,2497,6258522,67.3,2767,5756720,61.9,8660,3955201,42.53,0,0,0,54.69,10.76,34.55
2021-10-29T00:00:00.000Z,894,6259416,67.31,1143,5757863,61.92,4126,3959327,42.58,0,0,0,54.73,10.75,34.52
2021-10-30T00:00:00.000Z,363,6259779,67.31,525,5758388,61.92,1708,3961035,42.59,0,0,0,54.68,10.81,34.52
2021-10-31T00:00:00.000Z,2258,6262037,67.34,2489,5760877,61.95,8249,3969284,42.68,0,0,0,54.83,10.7,34.47
2021-11-01T00:00:00.000Z,1732,6263769,67.36,2088,5762965,61.97,6475,3975759,42.75,0,0,0,54.95,10.63,34.42
2021-11-02T00:00:00.000Z,2018,6265787,67.38,2038,5765003,61.99,6283,3982042,42.82,0,0,0,54.89,10.69,34.42
2021-11-03T00:00:00.000Z,1756,6267543,67.4,1887,5766890,62.01,5550,3987592,42.88,0,0,0,54.86,10.75,34.39
2021-11-04T00:00:00.000Z,2104,6269647,67.42,2792,5769682,62.04,7120,3994712,42.96,0,0,0,54.85,10.81,34.33
2021-11-05T00:00:00.000Z,781,6270428,67.43,896,5770578,62.05,3475,3998187,42.99,0,0,0,54.85,10.83,34.32
2021-11-06T00:00:00.000Z,344,6270772,67.43,384,5770962,62.06,1369,3999556,43.01,0,0,0,54.82,10.86,34.32
2021-11-07T00:00:00.000Z,1579,6272351,67.45,1768,5772730,62.08,6129,4005685,43.08,0,0,0,54.92,10.8,34.28
2021-11-08T00:00:00.000Z,1511,6273862,67.47,1595,5774325,62.09,5405,4011090,43.13,0,0,0,55.01,10.75,34.24
2021-11-09T00:00:00.000Z,1427,6275289,67.48,1601,5775926,62.11,5327,4016417,43.19,0,0,0,55.05,10.74,34.21
2021-11-10T00:00:00.000Z,1419,6276708,67.5,1651,5777577,62.13,4773,4021190,43.24,0,0,0,55.08,10.73,34.19
2021-11-11T00:00:00.000Z,1624,6278332,67.51,1940,5779517,62.15,5702,4026892,43.3,0,0,0,55.15,10.69,34.15
2021-11-12T00:00:00.000Z,631,6278963,67.52,816,5780333,62.16,2917,4029809,43.33,0,0,0,55.17,10.69,34.14
2021-11-13T00:00:00.000Z,252,6279215,67.52,283,5780616,62.16,1123,4030932,43.35,0,0,0,55.14,10.72,34.14
2021-11-14T00:00:00.000Z,1539,6280754,67.54,1632,5782248,62.18,5105,4036037,43.4,0,0,0,55.21,10.68,34.11
2021-11-15T00:00:00.000Z,1271,6282025,67.55,1615,5783863,62.2,4764,4040801,43.45,0,0,0,55.28,10.63,34.09
2021-11-16T00:00:00.000Z,1271,6283296,67.57,1406,5785269,62.21,4339,4045140,43.5,0,0,0,55.32,10.62,34.07
2021-11-17T00:00:00.000Z,1199,6284495,67.58,1555,5786824,62.23,3901,4049041,43.54,0,0,0,55.35,10.6,34.05
2021-11-18T00:00:00.000Z,1356,6285851,67.59,1683,5788507,62.25,5002,4054043,43.6,0,0,0,55.41,10.58,34.02
2021-11-19T00:00:00.000Z,585,6286436,67.6,757,5789264,62.25,2450,4056493,43.62,0,0,0,55.42,10.57,34.01
2021-11-20T00:00:00.000Z,236,6286672,67.6,253,5789517,62.26,925,4057418,43.63,0,0,0,55.41,10.58,34
2021-11-21T00:00:00.000Z,1410,6288082,67.62,1535,5791052,62.27,4873,4062291,43.68,0,0,0,55.47,10.54,33.98
2021-11-22T00:00:00.000Z,1678,6289760,67.64,1513,5792565,62.29,4231,4066522,43.73,0,0,0,55.54,10.5,33.96
2021-11-23T00:00:00.000Z,8614,6298374,67.73,1675,5794240,62.31,3998,4070520,43.77,0,0,0,55.57,10.48,33.95
2021-11-24T00:00:00.000Z,9348,6307722,67.83,1310,5795550,62.32,3915,4074435,43.81,0,0,0,55.6,10.44,33.95
2021-11-25T00:00:00.000Z,9810,6317532,67.94,1597,5797147,62.34,4830,4079265,43.87,0,0,0,55.64,10.43,33.93
2021-11-26T00:00:00.000Z,5609,6323141,68,742,5797889,62.35,2785,4082050,43.9,0,0,0,55.63,10.45,33.92
2021-11-27T00:00:00.000Z,4776,6327917,68.05,321,5798210,62.35,1159,4083209,43.91,0,0,0,55.62,10.46,33.92
2021-11-28T00:00:00.000Z,10145,6338062,68.16,1476,5799686,62.37,4895,4088104,43.96,0,0,0,55.67,10.43,33.9
2021-11-29T00:00:00.000Z,9038,6347100,68.25,1126,5800812,62.38,4363,4092467,44.01,0,0,0,55.73,10.39,33.88
2021-11-30T00:00:00.000Z,10039,6357139,68.36,1025,5801837,62.39,4079,4096546,44.05,0,0,0,55.77,10.37,33.86
2021-12-01T00:00:00.000Z,8622,6365761,68.45,1091,5802928,62.4,4436,4100982,44.1,5,5,0,55.79,10.36,33.84
2021-12-02T00:00:00.000Z,9167,6374928,68.55,1445,5804373,62.42,5110,4106092,44.15,6,11,0,55.84,10.34,33.82
2021-12-03T00:00:00.000Z,6331,6381259,68.62,670,5805043,62.42,2859,4108951,44.19,1,12,0,55.86,10.33,33.81
2021-12-04T00:00:00.000Z,2507,6383766,68.65,233,5805276,62.43,912,4109863,44.2,3,15,0,55.85,10.34,33.81
2021-12-05T00:00:00.000Z,8334,6392100,68.74,1251,5806527,62.44,4678,4114541,44.25,1,16,0,55.9,10.31,33.79
2021-12-06T00:00:00.000Z,6722,6398822,68.81,1193,5807720,62.45,4342,4118883,44.29,4,20,0,55.95,10.27,33.78
2021-12-07T00:00:00.000Z,5549,6404371,68.87,1495,5809215,62.47,3956,4122839,44.34,9,29,0,55.99,10.25,33.76
2021-12-08T00:00:00.000Z,4929,6409300,68.92,1196,5810411,62.48,3874,4126713,44.38,10,39,0,56.03,10.22,33.75
2021-12-09T00:00:00.000Z,6237,6415537,68.99,1230,5811641,62.5,4499,4131212,44.42,8,47,0,56.08,10.19,33.73
2021-12-10T00:00:00.000Z,3005,6418542,69.02,694,5812335,62.5,2674,4133886,44.45,3,50,0,56.1,10.18,33.72
2021-12-11T00:00:00.000Z,1491,6420033,69.04,251,5812586,62.51,1011,4134897,44.46,0,50,0,56.1,10.18,33.71
2021-12-12T00:00:00.000Z,7271,6427304,69.12,1441,5814027,62.52,5242,4140139,44.52,3,53,0,56.16,10.15,33.69
2021-12-13T00:00:00.000Z,6176,6433480,69.18,1369,5815396,62.54,4343,4144482,44.57,4,57,0,56.21,10.11,33.67
2021-12-14T00:00:00.000Z,7316,6440796,69.26,6098,5821494,62.6,4926,4149408,44.62,11,68,0,56.27,10.09,33.65
2021-12-15T00:00:00.000Z,7202,6447998,69.34,7400,5828894,62.68,5437,4154845,44.68,6,74,0,56.34,10.06,33.6
2021-12-16T00:00:00.000Z,8078,6456076,69.43,8609,5837503,62.77,6550,4161395,44.75,7,81,0,56.53,10.05,33.42
2021-12-17T00:00:00.000Z,4404,6460480,69.47,5132,5842635,62.83,3942,4165337,44.79,3,84,0,56.64,10.05,33.3
2021-12-18T00:00:00.000Z,3940,6464420,69.52,2913,5845548,62.86,1351,4166688,44.81,2,86,0,56.73,10.07,33.2
2021-12-19T00:00:00.000Z,6980,6471400,69.59,9331,5854879,62.96,6265,4172953,44.87,5,91,0,56.92,10.04,33.04
2021-12-20T00:00:00.000Z,7969,6479369,69.68,7513,5862392,63.04,5433,4178386,44.93,9,100,0,57.07,10.02,32.91
2021-12-21T00:00:00.000Z,9545,6488914,69.78,8642,5871034,63.13,6474,4184860,45,8,108,0,57.27,10.01,32.71
2021-12-22T00:00:00.000Z,9664,6498578,69.88,8147,5879181,63.22,6236,4191096,45.07,12,120,0,57.49,10,32.52
2021-12-23T00:00:00.000Z,11541,6510119,70.01,10261,5889442,63.33,8132,4199228,45.16,15,135,0,57.7,9.97,32.33
2021-12-24T00:00:00.000Z,5869,6515988,70.07,6240,5895682,63.4,5270,4204498,45.21,12,147,0,57.83,9.96,32.21
2021-12-25T00:00:00.000Z,3338,6519326,70.11,2565,5898247,63.43,2019,4206517,45.23,6,153,0,57.9,9.96,32.15
2021-12-26T00:00:00.000Z,10653,6529979,70.22,8908,5907155,63.52,8193,4214710,45.32,8,161,0,58.1,9.92,31.98
2021-12-27T00:00:00.000Z,10367,6540346,70.33,7142,5914297,63.6,8179,4222889,45.41,21,182,0,58.27,9.9,31.83
2021-12-28T00:00:00.000Z,11372,6551718,70.45,7447,5921744,63.68,9624,4232513,45.51,23,205,0,58.46,9.88,31.66
2021-12-29T00:00:00.000Z,9935,6561653,70.56,5958,5927702,63.74,8360,4240873,45.6,17,222,0,58.64,9.85,31.51
2021-12-30T00:00:00.000Z,11009,6572662,70.68,7732,5935434,63.83,12235,4253108,45.74,9,231,0,58.84,9.82,31.34
2021-12-31T00:00:00.000Z,4828,6577490,70.73,3671,5939105,63.87,7291,4260399,45.81,134,365,0,58.9,9.79,31.3
2022-01-01T00:00:00.000Z,1992,6579482,70.75,1591,5940696,63.88,2740,4263139,45.84,65,430,0,58.93,9.79,31.28
2022-01-02T00:00:00.000Z,10216,6589698,70.86,6484,5947180,63.95,12999,4276138,45.98,590,1020,0.01,59.14,9.76,31.1
2022-01-03T00:00:00.000Z,9382,6599080,70.96,5255,5952435,64.01,11327,4287465,46.11,25054,26074,0.28,59.29,9.71,31
2022-01-04T00:00:00.000Z,8968,6608048,71.06,5941,5958376,64.07,10512,4297977,46.22,50652,76726,0.83,59.46,9.68,30.86
2022-01-05T00:00:00.000Z,8552,6616600,71.15,5735,5964111,64.14,10485,4308462,46.33,59574,136300,1.47,59.56,9.65,30.79
2022-01-06T00:00:00.000Z,10338,6626938,71.26,7960,5972071,64.22,13526,4321988,46.48,63989,200289,2.15,59.81,9.63,30.56
2022-01-07T00:00:00.000Z,4752,6631690,71.31,4554,5976625,64.27,8146,4330134,46.56,31131,231420,2.49,59.89,9.61,30.49
2022-01-08T00:00:00.000Z,2750,6634440,71.34,2452,5979077,64.3,5500,4335634,46.62,27623,259043,2.79,59.9,9.64,30.46
2022-01-09T00:00:00.000Z,9311,6643751,71.44,7722,5986799,64.38,11860,4347494,46.75,66756,325799,3.5,60.06,9.59,30.35
2022-01-10T00:00:00.000Z,8355,6652106,71.53,7647,5994446,64.46,11860,4359354,46.88,64754,390553,4.2,60.21,9.54,30.25
2022-01-11T00:00:00.000Z,8101,6660207,71.62,8620,6003066,64.55,11961,4371315,47.01,56651,447204,4.81,60.38,9.49,30.13
2022-01-12T00:00:00.000Z,7279,6667486,71.7,8307,6011373,64.64,11101,4382416,47.13,44620,491824,5.29,60.51,9.45,30.04
2022-01-13T00:00:00.000Z,7510,6674996,71.78,9618,6020991,64.75,11535,4393951,47.25,34750,526574,5.66,60.7,9.35,29.94
2022-01-14T00:00:00.000Z,2554,6677550,71.81,4931,6025922,64.8,6138,4400089,47.32,11138,537712,5.78,60.79,9.31,29.9
2022-01-15T00:00:00.000Z,1463,6679013,71.82,3165,6029087,64.83,3878,4403967,47.36,5715,543427,5.84,60.83,9.29,29.87
2022-01-16T00:00:00.000Z,3818,6682831,71.86,8520,6037607,64.93,7678,4411645,47.44,19988,563415,6.06,60.97,9.2,29.82
2022-01-17T00:00:00.000Z,2808,6685639,71.89,7045,6044652,65,6162,4417807,47.51,17835,581250,6.25,61.09,9.13,29.78
2022-01-18T00:00:00.000Z,2475,6688114,71.92,7379,6052031,65.08,5520,4423327,47.57,14809,596059,6.41,61.23,9.07,29.7
2022-01-19T00:00:00.000Z,1915,6690029,71.94,6362,6058393,65.15,4510,4427837,47.61,8456,604515,6.5,61.37,8.98,29.65
2022-01-20T00:00:00.000Z,1781,6691810,71.96,6965,6065358,65.22,4785,4432622,47.67,8038,612553,6.59,61.44,8.85,29.71
2022-01-21T00:00:00.000Z,899,6692709,71.97,3727,6069085,65.26,2631,4435253,47.69,3358,615911,6.62,61.51,8.81,29.68
2022-01-22T00:00:00.000Z,328,6693037,71.97,1461,6070546,65.28,1054,4436307,47.71,1112,617023,6.64,61.51,8.75,29.74
2022-01-23T00:00:00.000Z,1067,6694104,71.99,5628,6076174,65.34,2872,4439179,47.74,6080,623103,6.7,61.61,8.7,29.69
2022-01-24T00:00:00.000Z,758,6694862,71.99,4480,6080654,65.39,2259,4441438,47.76,5054,628157,6.75,61.73,8.62,29.65
2022-01-25T00:00:00.000Z,740,6695602,72,4398,6085052,65.44,2172,4443610,47.78,7102,635259,6.83,61.9,8.51,29.59
2022-01-26T00:00:00.000Z,613,6696215,72.01,3283,6088335,65.47,1602,4445212,47.8,4261,639520,6.88,62.02,8.42,29.57
2022-01-27T00:00:00.000Z,794,6697009,72.02,4403,6092738,65.52,1999,4447211,47.82,5439,644959,6.94,62.12,8.35,29.52
2022-01-28T00:00:00.000Z,393,6697402,72.02,2373,6095111,65.54,1166,4448377,47.84,3448,648407,6.97,62.16,8.33,29.5
2022-01-29T00:00:00.000Z,124,6697526,72.02,1044,6096155,65.55,423,4448800,47.84,1160,649567,6.99,62.23,8.29,29.48
2022-01-30T00:00:00.000Z,769,6698295,72.03,4718,6100873,65.61,2014,4450814,47.86,8098,657665,7.07,62.3,8.24,29.46
2022-01-31T00:00:00.000Z,528,6698823,72.04,3186,6104059,65.64,1604,4452418,47.88,6470,664135,7.14,62.39,8.17,29.43
2022-02-01T00:00:00.000Z,476,6699299,72.04,2803,6106862,65.67,1516,4453934,47.9,5718,669853,7.2,62.45,8.15,29.4
2022-02-02T00:00:00.000Z,372,6699671,72.05,2388,6109250,65.7,1376,4455310,47.91,5071,674924,7.26,62.28,8.13,29.59
2022-02-03T00:00:00.000Z,445,6700116,72.05,2774,6112024,65.73,1453,4456763,47.93,5605,680529,7.32,62.34,8.08,29.57
2022-02-04T00:00:00.000Z,174,6700290,72.05,988,6113012,65.74,752,4457515,47.93,2454,682983,7.34,62.37,8.06,29.57
2022-02-05T00:00:00.000Z,61,6700351,72.05,340,6113352,65.74,215,4457730,47.94,420,683403,7.35,62.34,8.09,29.56
2022-02-06T00:00:00.000Z,406,6700757,72.06,2322,6115674,65.76,1341,4459071,47.95,5684,689087,7.41,62.41,8.05,29.55
2022-02-07T00:00:00.000Z,280,6701037,72.06,1306,6116980,65.78,979,4460050,47.96,5959,695046,7.47,62.47,8.01,29.52
2022-02-08T00:00:00.000Z,315,6701352,72.06,1493,6118473,65.8,1061,4461111,47.97,6137,701183,7.54,62.54,7.97,29.49
2022-02-09T00:00:00.000Z,253,6701605,72.07,1102,6119575,65.81,941,4462052,47.98,4570,705753,7.59,62.6,7.95,29.45
2022-02-10T00:00:00.000Z,269,6701874,72.07,1293,6120868,65.82,930,4462982,47.99,4814,710567,7.64,62.63,7.93,29.44
2022-02-11T00:00:00.000Z,211,6702085,72.07,552,6121420,65.83,512,4463494,48,2533,713100,7.67,62.67,7.91,29.42
2022-02-12T00:00:00.000Z,30,6702115,72.07,90,6121510,65.83,122,4463616,48,268,713368,7.67,62.67,7.91,29.41
2022-02-13T00:00:00.000Z,286,6702401,72.07,944,6122454,65.84,964,4464580,48.01,4996,718364,7.72,62.73,7.87,29.39
2022-02-14T00:00:00.000Z,179,6702580,72.08,625,6123079,65.84,746,4465326,48.02,3143,721507,7.76,62.89,7.74,29.36
2022-02-15T00:00:00.000Z,265,6702845,72.08,763,6123842,65.85,929,4466255,48.03,3815,725322,7.8,62.92,7.73,29.35
2022-02-16T00:00:00.000Z,180,6703025,72.08,576,6124418,65.86,799,4467054,48.04,2487,727809,7.83,62.95,7.72,29.34
2022-02-17T00:00:00.000Z,248,6703273,72.08,736,6125154,65.87,770,4467824,48.04,3055,730864,7.86,62.96,7.7,29.34
2022-02-18T00:00:00.000Z,128,6703401,72.09,330,6125484,65.87,431,4468255,48.05,1118,731982,7.87,62.98,7.69,29.33
2022-02-19T00:00:00.000Z,33,6703434,72.09,83,6125567,65.87,78,4468333,48.05,79,732061,7.87,62.99,7.69,29.32
2022-02-20T00:00:00.000Z,201,6703635,72.09,603,6126170,65.88,717,4469050,48.06,2573,734634,7.9,63.01,7.67,29.32
2022-02-21T00:00:00.000Z,173,6703808,72.09,413,6126583,65.88,488,4469538,48.06,1541,736175,7.92,63.04,7.65,29.31
2022-02-22T00:00:00.000Z,158,6703966,72.09,452,6127035,65.89,559,4470097,48.07,1869,738044,7.94,63.05,7.65,29.3
2022-02-23T00:00:00.000Z,109,6704075,72.09,352,6127387,65.89,450,4470547,48.07,1152,739196,7.95,63.06,7.65,29.29
2022-02-24T00:00:00.000Z,137,6704212,72.09,454,6127841,65.9,563,4471110,48.08,1492,740688,7.97,63.05,7.66,29.29
2022-02-25T00:00:00.000Z,58,6704270,72.09,137,6127978,65.9,188,4471298,48.08,455,741143,7.97,63.06,7.66,29.28
2022-02-26T00:00:00.000Z,15,6704285,72.09,27,6128005,65.9,156,4471454,48.08,35,741178,7.97,63.05,7.67,29.28
2022-02-27T00:00:00.000Z,113,6704398,72.1,339,6128344,65.9,449,4471903,48.09,1118,742296,7.98,63.05,7.67,29.28
2022-02-28T00:00:00.000Z,108,6704506,72.1,268,6128612,65.9,416,4472319,48.09,906,743202,7.99,63.07,7.65,29.28
2022-03-01T00:00:00.000Z,97,6704603,72.1,279,6128891,65.91,370,4472689,48.1,796,743998,8,63.1,7.63,29.27
2022-03-02T00:00:00.000Z,77,6704680,72.1,198,6129089,65.91,323,4473012,48.1,694,744692,8.01,63.11,7.62,29.27
2022-03-03T00:00:00.000Z,155,6704835,72.1,370,6129459,65.91,496,4473508,48.11,985,745677,8.02,63.05,7.67,29.27
2022-03-04T00:00:00.000Z,52,6704887,72.1,166,6129625,65.92,166,4473674,48.11,227,745904,8.02,63.05,7.68,29.27
2022-03-05T00:00:00.000Z,3,6704890,72.1,25,6129650,65.92,43,4473717,48.11,31,745935,8.02,63.04,7.69,29.27
2022-03-06T00:00:00.000Z,98,6704988,72.1,258,6129908,65.92,413,4474130,48.11,759,746694,8.03,63.04,7.69,29.27
2022-03-07T00:00:00.000Z,87,6705075,72.1,259,6130167,65.92,346,4474476,48.12,604,747298,8.04,63.05,7.69,29.26
2022-03-08T00:00:00.000Z,98,6705173,72.1,263,6130430,65.92,333,4474809,48.12,550,747848,8.04,63.04,7.7,29.26
2022-03-09T00:00:00.000Z,89,6705262,72.11,212,6130642,65.93,332,4475141,48.12,491,748339,8.05,63.02,7.72,29.25
2022-03-10T00:00:00.000Z,113,6705375,72.11,373,6131015,65.93,424,4475565,48.13,616,748955,8.05,63.01,7.74,29.25
2022-03-11T00:00:00.000Z,24,6705399,72.11,86,6131101,65.93,121,4475686,48.13,144,749099,8.06,63,7.75,29.25
2022-03-12T00:00:00.000Z,10,6705409,72.11,10,6131111,65.93,31,4475717,48.13,27,749126,8.06,62.98,7.77,29.24
2022-03-13T00:00:00.000Z,100,6705509,72.11,270,6131381,65.93,358,4476075,48.13,594,749720,8.06,62.98,7.78,29.24
2022-03-14T00:00:00.000Z,64,6705573,72.11,252,6131633,65.94,316,4476391,48.14,559,750279,8.07,62.98,7.78,29.24
2022-03-15T00:00:00.000Z,78,6705651,72.11,183,6131816,65.94,291,4476682,48.14,587,750866,8.07,62.95,7.81,29.24
2022-03-16T00:00:00.000Z,74,6705725,72.11,205,6132021,65.94,300,4476982,48.14,669,751535,8.08,62.94,7.82,29.24
2022-03-17T00:00:00.000Z,65,6705790,72.11,119,6132140,65.94,286,4477268,48.15,612,752147,8.09,62.94,7.82,29.24
2022-03-18T00:00:00.000Z,18,6705808,72.11,54,6132194,65.94,99,4477367,48.15,234,752381,8.09,62.94,7.82,29.24
2022-03-19T00:00:00.000Z,5,6705813,72.11,10,6132204,65.94,27,4477394,48.15,38,752419,8.09,62.89,7.88,29.23
2022-03-20T00:00:00.000Z,119,6705932,72.11,259,6132463,65.95,484,4477878,48.15,1428,753847,8.11,62.87,7.89,29.23
2022-03-21T00:00:00.000Z,97,6706029,72.11,245,6132708,65.95,374,4478252,48.16,1132,754979,8.12,62.87,7.9,29.23
2022-03-22T00:00:00.000Z,140,6706169,72.11,341,6133049,65.95,504,4478756,48.16,1769,756748,8.14,62.84,7.94,29.23
2022-03-23T00:00:00.000Z,109,6706278,72.12,209,6133258,65.95,460,4479216,48.17,1674,758422,8.16,62.81,7.97,29.22
2022-03-24T00:00:00.000Z,175,6706453,72.12,344,6133602,65.96,763,4479979,48.18,2359,760781,8.18,62.78,8,29.22
2022-03-25T00:00:00.000Z,38,6706491,72.12,79,6133681,65.96,156,4480135,48.18,628,761409,8.19,62.78,8,29.23
2022-03-26T00:00:00.000Z,12,6706503,72.12,11,6133692,65.96,33,4480168,48.18,91,761500,8.19,62.77,8,29.22
2022-03-27T00:00:00.000Z,165,6706668,72.12,344,6134036,65.96,757,4480925,48.19,3189,764689,8.22,62.75,8.02,29.22
2022-03-28T00:00:00.000Z,113,6706781,72.12,269,6134305,65.97,621,4481546,48.19,2413,767102,8.25,62.75,8.03,29.22
2022-03-29T00:00:00.000Z,125,6706906,72.12,258,6134563,65.97,637,4482183,48.2,2767,769869,8.28,62.7,8.07,29.22
2022-03-30T00:00:00.000Z,132,6707038,72.12,207,6134770,65.97,538,4482721,48.2,2369,772238,8.3,62.81,8.11,29.07
2022-03-31T00:00:00.000Z,166,6707204,72.13,300,6135070,65.97,729,4483450,48.21,2845,775083,8.33,62.79,8.11,29.1
2022-04-01T00:00:00.000Z,121,6707325,72.13,158,6135228,65.98,275,4483725,48.22,583,775666,8.34,62.72,8.13,29.15
2022-04-02T00:00:00.000Z,6,6707331,72.13,5,6135233,65.98,35,4483760,48.22,52,775718,8.34,62.69,8.15,29.16
2022-04-03T00:00:00.000Z,159,6707490,72.13,269,6135502,65.98,569,4484329,48.22,2475,778193,8.37,62.65,8.16,29.19
2022-04-04T00:00:00.000Z,103,6707593,72.13,204,6135706,65.98,482,4484811,48.23,2218,780411,8.39,62.62,8.16,29.22
2022-04-05T00:00:00.000Z,123,6707716,72.13,219,6135925,65.98,512,4485323,48.23,2240,782651,8.42,62.57,8.19,29.25
2022-04-06T00:00:00.000Z,92,6707808,72.13,155,6136080,65.98,381,4485704,48.24,2017,784668,8.44,62.55,8.2,29.25
2022-04-07T00:00:00.000Z,192,6708000,72.13,213,6136293,65.99,641,4486345,48.24,2553,787221,8.47,62.56,8.2,29.24
2022-04-08T00:00:00.000Z,30,6708030,72.13,57,6136350,65.99,151,4486496,48.25,475,787696,8.47,62.54,8.22,29.23
2022-04-09T00:00:00.000Z,6,6708036,72.13,17,6136367,65.99,26,4486522,48.25,46,787742,8.47,62.52,8.25,29.23
2022-04-10T00:00:00.000Z,102,6708138,72.14,263,6136630,65.99,428,4486950,48.25,1845,789587,8.49,62.51,8.26,29.23
2022-04-11T00:00:00.000Z,78,6708216,72.14,201,6136831,65.99,370,4487320,48.25,1423,791010,8.51,62.54,8.26,29.2
2022-04-12T00:00:00.000Z,203,6708419,72.14,167,6136998,65.99,372,4487692,48.26,1358,792368,8.52,62.58,8.29,29.12
2022-04-13T00:00:00.000Z,118,6708537,72.14,149,6137147,66,295,4487987,48.26,1216,793584,8.53,62.58,8.31,29.1
2022-04-14T00:00:00.000Z,84,6708621,72.14,221,6137368,66,320,4488307,48.27,1068,794652,8.55,62.57,8.33,29.1
2022-04-15T00:00:00.000Z,9,6708630,72.14,51,6137419,66,47,4488354,48.27,80,794732,8.55,62.55,8.35,29.1
2022-04-16T00:00:00.000Z,3,6708633,72.14,8,6137427,66,21,4488375,48.27,29,794761,8.55,62.53,8.37,29.1
2022-04-17T00:00:00.000Z,62,6708695,72.14,131,6137558,66,228,4488603,48.27,807,795568,8.56,62.52,8.38,29.1
2022-04-18T00:00:00.000Z,68,6708763,72.14,107,6137665,66,251,4488854,48.27,749,796317,8.56,62.51,8.38,29.1
2022-04-19T00:00:00.000Z,60,6708823,72.14,141,6137806,66,272,4489126,48.27,840,797157,8.57,62.5,8.4,29.1
2022-04-20T00:00:00.000Z,61,6708884,72.14,117,6137923,66,233,4489359,48.28,651,797808,8.58,62.48,8.42,29.1
2022-04-21T00:00:00.000Z,52,6708936,72.14,107,6138030,66.01,192,4489551,48.28,479,798287,8.58,62.47,8.43,29.1
2022-04-22T00:00:00.000Z,2,6708938,72.14,16,6138046,66.01,18,4489569,48.28,16,798303,8.58,62.45,8.44,29.11
2022-04-23T00:00:00.000Z,5,6708943,72.14,9,6138055,66.01,14,4489583,48.28,13,798316,8.58,62.43,8.46,29.11
2022-04-24T00:00:00.000Z,92,6709035,72.15,250,6138305,66.01,328,4489911,48.28,869,799185,8.59,62.43,8.47,29.1
2022-04-25T00:00:00.000Z,105,6709140,72.15,191,6138496,66.01,314,4490225,48.29,739,799924,8.6,62.43,8.47,29.1
2022-04-26T00:00:00.000Z,74,6709214,72.15,175,6138671,66.01,302,4490527,48.29,784,800708,8.61,62.42,8.48,29.1
2022-04-27T00:00:00.000Z,55,6709269,72.15,160,6138831,66.01,227,4490754,48.29,638,801346,8.62,62.41,8.49,29.1
2022-04-28T00:00:00.000Z,96,6709365,72.15,232,6139063,66.02,326,4491080,48.29,869,802215,8.63,62.41,8.5,29.1
2022-04-29T00:00:00.000Z,109,6709474,72.15,158,6139221,66.02,182,4491262,48.3,196,802411,8.63,62.39,8.51,29.1
2022-04-30T00:00:00.000Z,1,6709475,72.15,3,6139224,66.02,24,4491286,48.3,19,802430,8.63,62.38,8.52,29.1
2022-05-01T00:00:00.000Z,133,6709608,72.15,185,6139409,66.02,316,4491602,48.3,630,803060,8.64,62.38,8.53,29.09
2022-05-02T00:00:00.000Z,62,6709670,72.15,151,6139560,66.02,235,4491837,48.3,489,803549,8.64,62.37,8.54,29.09
2022-05-03T00:00:00.000Z,72,6709742,72.15,151,6139711,66.02,286,4492123,48.31,504,804053,8.65,62.36,8.55,29.09
2022-05-04T00:00:00.000Z,23,6709765,72.15,55,6139766,66.02,62,4492185,48.31,125,804178,8.65,62.35,8.57,29.08
2022-05-05T00:00:00.000Z,4,6709769,72.15,0,6139766,66.02,3,4492188,48.31,11,804189,8.65,62.34,8.58,29.08
2022-05-06T00:00:00.000Z,19,6709788,72.15,59,6139825,66.02,64,4492252,48.31,151,804340,8.65,62.33,8.59,29.08
2022-05-07T00:00:00.000Z,0,6709788,72.15,6,6139831,66.02,25,4492277,48.31,24,804364,8.65,62.32,8.6,29.08
2022-05-08T00:00:00.000Z,114,6709902,72.16,207,6140038,66.03,270,4492547,48.31,456,804820,8.65,62.31,8.61,29.08
2022-05-09T00:00:00.000Z,59,6709961,72.16,162,6140200,66.03,251,4492798,48.31,501,805321,8.66,62.31,8.61,29.08
2022-05-10T00:00:00.000Z,130,6710091,72.16,168,6140368,66.03,260,4493058,48.32,508,805829,8.67,62.3,8.62,29.08
2022-05-11T00:00:00.000Z,58,6710149,72.16,116,6140484,66.03,179,4493237,48.32,463,806292,8.67,62.3,8.63,29.08
2022-05-12T00:00:00.000Z,119,6710268,72.16,201,6140685,66.03,274,4493511,48.32,662,806954,8.68,62.29,8.64,29.07
2022-05-13T00:00:00.000Z,11,6710279,72.16,42,6140727,66.03,70,4493581,48.32,108,807062,8.68,62.28,8.65,29.07
2022-05-14T00:00:00.000Z,6,6710285,72.16,11,6140738,66.03,10,4493591,48.32,22,807084,8.68,62.26,8.66,29.07
2022-05-15T00:00:00.000Z,91,6710376,72.16,174,6140912,66.04,241,4493832,48.32,663,807747,8.69,62.26,8.67,29.07
2022-05-16T00:00:00.000Z,68,6710444,72.16,142,6141054,66.04,228,4494060,48.33,508,808255,8.69,62.19,8.65,29.16
2022-05-17T00:00:00.000Z,74,6710518,72.16,155,6141209,66.04,264,4494324,48.33,615,808870,8.7,62.18,8.66,29.16
2022-05-18T00:00:00.000Z,43,6710561,72.16,96,6141305,66.04,169,4494493,48.33,445,809315,8.7,62.17,8.67,29.16
2022-05-19T00:00:00.000Z,64,6710625,72.16,170,6141475,66.04,211,4494704,48.33,497,809812,8.71,62.16,8.68,29.16
2022-05-20T00:00:00.000Z,72,6710697,72.16,113,6141588,66.04,127,4494831,48.34,137,809949,8.71,62.15,8.69,29.16
2022-05-21T00:00:00.000Z,4,6710701,72.16,7,6141595,66.04,13,4494844,48.34,18,809967,8.71,62.14,8.7,29.16
2022-05-22T00:00:00.000Z,86,6710787,72.16,188,6141783,66.05,215,4495059,48.34,424,810391,8.71,62.14,8.71,29.16
2022-05-23T00:00:00.000Z,64,6710851,72.17,120,6141903,66.05,151,4495210,48.34,343,810734,8.72,62.14,8.71,29.16
2022-05-24T00:00:00.000Z,43,6710894,72.17,119,6142022,66.05,154,4495364,48.34,393,811127,8.72,62.13,8.71,29.15
2022-05-25T00:00:00.000Z,59,6710953,72.17,105,6142127,66.05,164,4495528,48.34,336,811463,8.73,62.12,8.72,29.15
2022-05-26T00:00:00.000Z,72,6711025,72.17,136,6142263,66.05,184,4495712,48.34,348,811811,8.73,62.11,8.73,29.16
2022-05-27T00:00:00.000Z,11,6711036,72.17,28,6142291,66.05,43,4495755,48.35,59,811870,8.73,62.1,8.74,29.16
2022-05-28T00:00:00.000Z,1,6711037,72.17,4,6142295,66.05,7,4495762,48.35,11,811881,8.73,62.09,8.75,29.16
2022-05-29T00:00:00.000Z,87,6711124,72.17,152,6142447,66.05,163,4495925,48.35,314,812195,8.73,62.09,8.75,29.16
2022-05-30T00:00:00.000Z,56,6711180,72.17,131,6142578,66.05,122,4496047,48.35,291,812486,8.74,62.09,8.76,29.16
2022-05-31T00:00:00.000Z,45,6711225,72.17,104,6142682,66.06,152,4496199,48.35,350,812836,8.74,62.07,8.78,29.15
2022-06-01T00:00:00.000Z,61,6711286,72.17,89,6142771,66.06,117,4496316,48.35,274,813110,8.74,61.95,8.9,29.16
2022-06-02T00:00:00.000Z,75,6711361,72.17,155,6142926,66.06,172,4496488,48.35,254,813364,8.75,45.96,24.88,29.15
2022-06-03T00:00:00.000Z,10,6711371,72.17,23,6142949,66.06,21,4496509,48.35,31,813395,8.75,45.9,24.95,29.16
2022-06-04T00:00:00.000Z,0,6711371,72.17,7,6142956,66.06,6,4496515,48.35,5,813400,8.75,45.84,25,29.16
2022-06-05T00:00:00.000Z,4,6711375,72.17,13,6142969,66.06,6,4496521,48.35,2,813402,8.75,45.8,25.05,29.16
2022-06-06T00:00:00.000Z,58,6711433,72.17,143,6143112,66.06,161,4496682,48.36,261,813663,8.75,39.96,30.89,29.16
2022-06-07T00:00:00.000Z,54,6711487,72.17,134,6143246,66.06,140,4496822,48.36,375,814038,8.75,39.92,30.93,29.15
2022-06-08T00:00:00.000Z,57,6711544,72.17,105,6143351,66.06,130,4496952,48.36,494,814532,8.76,39.89,30.96,29.15
2022-06-09T00:00:00.000Z,82,6711626,72.17,205,6143556,66.06,234,4497186,48.36,640,815172,8.77,39.86,30.99,29.15
2022-06-10T00:00:00.000Z,14,6711640,72.17,51,6143607,66.07,59,4497245,48.36,138,815310,8.77,39.83,31.02,29.15
2022-06-11T00:00:00.000Z,0,6711640,72.17,3,6143610,66.07,7,4497252,48.36,19,815329,8.77,39.8,31.05,29.15
2022-06-12T00:00:00.000Z,96,6711736,72.17,198,6143808,66.07,191,4497443,48.36,767,816096,8.78,39.8,31.05,29.15
2022-06-13T00:00:00.000Z,81,6711817,72.18,142,6143950,66.07,166,4497609,48.37,625,816721,8.78,39.81,31.04,29.15
2022-06-14T00:00:00.000Z,116,6711933,72.18,172,6144122,66.07,208,4497817,48.37,759,817480,8.79,39.79,31.06,29.15
2022-06-15T00:00:00.000Z,72,6712005,72.18,139,6144261,66.07,207,4498024,48.37,696,818176,8.8,39.78,31.08,29.15
2022-06-16T00:00:00.000Z,93,6712098,72.18,136,6144397,66.07,216,4498240,48.37,740,818916,8.81,39.74,31.11,29.14
2022-06-17T00:00:00.000Z,17,6712115,72.18,63,6144460,66.07,52,4498292,48.37,121,819037,8.81,39.72,31.14,29.15
2022-06-18T00:00:00.000Z,3,6712118,72.18,4,6144464,66.07,11,4498303,48.37,15,819052,8.81,39.68,31.17,29.14
2022-06-19T00:00:00.000Z,113,6712231,72.18,206,6144670,66.08,317,4498620,48.38,877,819929,8.82,39.53,31.33,29.15
2022-06-20T00:00:00.000Z,100,6712331,72.18,151,6144821,66.08,306,4498926,48.38,919,820848,8.83,33.92,36.85,29.23
2022-06-21T00:00:00.000Z,97,6712428,72.18,154,6144975,66.08,373,4499299,48.38,1227,822075,8.84,33.58,37.19,29.23
2022-06-22T00:00:00.000Z,111,6712539,72.18,131,6145106,66.08,337,4499636,48.39,894,822969,8.85,33.28,37.49,29.23
2022-06-23T00:00:00.000Z,133,6712672,72.18,213,6145319,66.08,521,4500157,48.39,1146,824115,8.86,32.84,37.92,29.23
2022-06-24T00:00:00.000Z,19,6712691,72.19,35,6145354,66.08,109,4500266,48.39,207,824322,8.86,32.43,38.34,29.24
2022-06-25T00:00:00.000Z,1,6712692,72.19,1,6145355,66.08,12,4500278,48.39,16,824338,8.86,32.04,38.72,29.24
2022-06-26T00:00:00.000Z,106,6712798,72.19,158,6145513,66.09,378,4500656,48.4,933,825271,8.87,31.63,39.13,29.24
2022-06-27T00:00:00.000Z,85,6712883,72.19,171,6145684,66.09,391,4501047,48.4,1027,826298,8.89,31.29,39.47,29.24
2022-06-28T00:00:00.000Z,84,6712967,72.19,150,6145834,66.09,361,4501408,48.41,930,827228,8.9,30.86,39.91,29.24
2022-06-29T00:00:00.000Z,77,6713044,72.19,106,6145940,66.09,259,4501667,48.41,812,828040,8.9,30.48,40.28,29.24
2022-06-30T00:00:00.000Z,86,6713130,72.19,162,6146102,66.09,355,4502022,48.41,1054,829094,8.92,30.05,40.71,29.24
2022-07-01T00:00:00.000Z,21,6713151,72.19,28,6146130,66.09,54,4502076,48.41,77,829171,8.92,29.62,41.14,29.24
2022-07-02T00:00:00.000Z,0,6713151,72.19,2,6146132,66.09,6,4502082,48.41,17,829188,8.92,29.2,41.56,29.24
2022-07-03T00:00:00.000Z,85,6713236,72.19,163,6146295,66.09,318,4502400,48.42,635,829823,8.92,28.81,41.95,29.24
2022-07-04T00:00:00.000Z,77,6713313,72.19,140,6146435,66.1,275,4502675,48.42,746,830569,8.93,28.5,42.26,29.24
2022-07-05T00:00:00.000Z,59,6713372,72.19,143,6146578,66.1,301,4502976,48.42,687,831256,8.94,28.06,42.7,29.24
2022-07-06T00:00:00.000Z,77,6713449,72.19,124,6146702,66.1,211,4503187,48.43,643,831899,8.95,27.39,43.37,29.24
2022-07-07T00:00:00.000Z,80,6713529,72.19,161,6146863,66.1,264,4503451,48.43,720,832619,8.95,26.48,44.28,29.24
2022-07-08T00:00:00.000Z,17,6713546,72.19,33,6146896,66.1,68,4503519,48.43,131,832750,8.96,25.47,45.29,29.24
2022-07-09T00:00:00.000Z,0,6713546,72.19,0,6146896,66.1,0,4503519,48.43,1,832751,8.96,24.42,46.34,29.24
2022-07-10T00:00:00.000Z,80,6713626,72.19,159,6147055,66.1,228,4503747,48.43,468,833219,8.96,23.77,46.99,29.24
2022-07-11T00:00:00.000Z,63,6713689,72.2,140,6147195,66.1,244,4503991,48.43,571,833790,8.97,23.22,47.54,29.24
2022-07-12T00:00:00.000Z,68,6713757,72.2,128,6147323,66.11,207,4504198,48.44,556,834346,8.97,22.13,48.63,29.24
2022-07-13T00:00:00.000Z,45,6713802,72.2,100,6147423,66.11,161,4504359,48.44,486,834832,8.98,21.1,49.66,29.24
2022-07-14T00:00:00.000Z,67,6713869,72.2,146,6147569,66.11,204,4504563,48.44,512,835344,8.98,20.12,50.63,29.24
2022-07-15T00:00:00.000Z,58,6713927,72.2,69,6147638,66.11,128,4504691,48.44,169,835513,8.98,19.27,51.48,29.25
2022-07-16T00:00:00.000Z,0,6713927,72.2,6,6147644,66.11,7,4504698,48.44,7,835520,8.98,18.29,52.46,29.25
2022-07-17T00:00:00.000Z,73,6714000,72.2,176,6147820,66.11,240,4504938,48.44,468,835988,8.99,17.83,52.92,29.25
2022-07-18T00:00:00.000Z,62,6714062,72.2,156,6147976,66.11,206,4505144,48.45,508,836496,9,17.48,53.26,29.26
2022-07-19T00:00:00.000Z,62,6714124,72.2,147,6148123,66.11,172,4505316,48.45,367,836863,9,16.77,53.97,29.26
2022-07-20T00:00:00.000Z,52,6714176,72.2,135,6148258,66.12,134,4505450,48.45,421,837284,9,16.09,54.64,29.26
2022-07-21T00:00:00.000Z,63,6714239,72.2,152,6148410,66.12,173,4505623,48.45,340,837624,9.01,15.43,55.3,29.27
2022-07-22T00:00:00.000Z,10,6714249,72.2,36,6148446,66.12,40,4505663,48.45,56,837680,9.01,14.65,56.08,29.28
2022-07-23T00:00:00.000Z,0,6714249,72.2,3,6148449,66.12,2,4505665,48.45,9,837689,9.01,14.17,56.55,29.28
2022-07-24T00:00:00.000Z,62,6714311,72.2,125,6148574,66.12,192,4505857,48.45,363,838052,9.01,13.55,57.16,29.29
2022-07-25T00:00:00.000Z,48,6714359,72.2,105,6148679,66.12,169,4506026,48.46,331,838383,9.02,13.1,57.61,29.3
2022-07-26T00:00:00.000Z,48,6714407,72.2,97,6148776,66.12,106,4506132,48.46,270,838653,9.02,12.47,58.23,29.3
2022-07-27T00:00:00.000Z,49,6714456,72.2,124,6148900,66.12,130,4506262,48.46,240,838893,9.02,11.89,58.8,29.31
2022-07-28T00:00:00.000Z,61,6714517,72.2,139,6149039,66.12,146,4506408,48.46,216,839109,9.02,11.35,59.34,29.32
2022-07-29T00:00:00.000Z,10,6714527,72.2,24,6149063,66.12,26,4506434,48.46,30,839139,9.02,10.85,59.82,29.32
2022-07-30T00:00:00.000Z,0,6714527,72.2,0,6149063,66.12,1,4506435,48.46,1,839140,9.02,10.35,60.32,29.33
