Day_Date,vaccinated,vaccinated_cum,vaccinated_population_perc,vaccinated_seconde_dose,vaccinated_seconde_dose_cum,vaccinated_seconde_dose_population_perc,vaccinated_third_dose,vaccinated_third_dose_cum,vaccinated_third_dose_population_perc,vaccinated_fourth_dose,vaccinated_fourth_dose_cum,vaccinated_fourth_dose_population_perc,vaccinated_validity_perc,vaccinated_expired_perc,not_vaccinated_perc
2020-12-19T00:00:00.000Z,46,90,0,0,4,0,0,0,0,0,0,0,0,0,100
2020-12-20T00:00:00.000Z,7388,7478,0.08,0,4,0,0,0,0,0,0,0,0,0,100
2020-12-21T00:00:00.000Z,24914,32392,0.35,0,4,0,0,0,0,0,0,0,0,0,100
2020-12-22T00:00:00.000Z,44645,77037,0.83,0,4,0,0,0,0,0,0,0,0,0,100
2020-12-23T00:00:00.000Z,62898,139935,1.5,0,4,0,0,0,0,0,0,0,0,0,100
2020-12-24T00:00:00.000Z,73407,213342,2.29,1,5,0,0,0,0,0,0,0,0,0,100
2020-12-25T00:00:00.000Z,38501,251843,2.71,0,5,0,0,0,0,0,0,0,0,0,100
2020-12-26T00:00:00.000Z,32604,284447,3.06,0,5,0,0,0,0,0,0,0,0,0,100
2020-12-27T00:00:00.000Z,104535,388982,4.18,0,5,0,0,0,0,0,0,0,0,0,100
2020-12-28T00:00:00.000Z,134975,523957,5.63,0,5,0,0,0,0,0,0,0,0,0,100
2020-12-29T00:00:00.000Z,156235,680192,7.31,2,7,0,0,0,0,0,0,0,0,0,100
2020-12-30T00:00:00.000Z,153082,833274,8.96,0,7,0,0,0,0,0,0,0,0,0,100
2020-12-31T00:00:00.000Z,158494,991768,10.66,0,7,0,0,0,0,0,0,0,0,0,100
2021-01-01T00:00:00.000Z,71396,1063164,11.43,0,7,0,0,0,0,0,0,0,0,0,100
2021-01-02T00:00:00.000Z,71702,1134866,12.2,0,7,0,0,0,0,0,0,0,0,0,100
2021-01-03T00:00:00.000Z,149677,1284543,13.81,0,7,0,0,0,0,0,0,0,0,0,100
2021-01-04T00:00:00.000Z,152112,1436655,15.45,2,9,0,0,0,0,0,0,0,0,0,100
2021-01-05T00:00:00.000Z,125116,1561771,16.79,3,12,0,0,0,0,0,0,0,0,0,100
2021-01-06T00:00:00.000Z,103273,1665044,17.91,2,14,0,0,0,0,0,0,0,0,0,100
2021-01-07T00:00:00.000Z,115968,1781012,19.15,7,21,0,0,0,0,0,0,0,0,0,100
2021-01-08T00:00:00.000Z,66409,1847421,19.87,4,25,0,0,0,0,0,0,0,0,0,100
2021-01-09T00:00:00.000Z,44511,1891932,20.34,25,50,0,0,0,0,0,0,0,0,0,100
2021-01-10T00:00:00.000Z,37619,1929551,20.75,5996,6046,0.07,0,0,0,0,0,0,0,0,100
2021-01-11T00:00:00.000Z,21127,1950678,20.98,19257,25303,0.27,0,0,0,0,0,0,0,0,100
2021-01-12T00:00:00.000Z,24021,1974699,21.23,35662,60965,0.66,0,0,0,0,0,0,0,0,100
2021-01-13T00:00:00.000Z,52016,2026715,21.79,56860,117825,1.27,0,0,0,0,0,0,0,0,100
2021-01-14T00:00:00.000Z,56410,2083125,22.4,68823,186648,2.01,0,0,0,0,0,0,0,0,100
2021-01-15T00:00:00.000Z,30723,2113848,22.73,35923,222571,2.39,0,0,0,0,0,0,0,0,100
2021-01-16T00:00:00.000Z,29439,2143287,23.05,26002,248573,2.67,0,0,0,0,0,0,0,0,100
2021-01-17T00:00:00.000Z,68395,2211682,23.78,84574,333147,3.58,0,0,0,0,0,0,0.36,0,99.64
2021-01-18T00:00:00.000Z,69739,2281421,24.53,120396,453543,4.88,0,0,0,0,0,0,0.64,0,99.36
2021-01-19T00:00:00.000Z,72839,2354260,25.32,137794,591337,6.36,0,0,0,0,0,0,1.16,0,98.84
2021-01-20T00:00:00.000Z,76830,2431090,26.14,143708,735045,7.9,0,0,0,0,0,0,1.98,0,98.02
2021-01-21T00:00:00.000Z,69928,2501018,26.89,164379,899424,9.67,0,0,0,0,0,0,2.98,0,97.02
2021-01-22T00:00:00.000Z,37878,2538896,27.3,71097,970521,10.44,0,0,0,0,0,0,3.5,0,96.5
2021-01-23T00:00:00.000Z,39939,2578835,27.73,53569,1024090,11.01,0,0,0,0,0,0,3.89,0,96.11
2021-01-24T00:00:00.000Z,69083,2647918,28.47,140654,1164744,12.53,0,0,0,0,0,0,5.1,0,94.9
2021-01-25T00:00:00.000Z,80871,2728789,29.34,139461,1304205,14.02,0,0,0,0,0,0,6.78,0,93.22
2021-01-26T00:00:00.000Z,78665,2807454,30.19,126377,1430582,15.38,0,0,0,0,0,0,8.65,0,91.35
2021-01-27T00:00:00.000Z,77916,2885370,31.03,125005,1555587,16.73,0,0,0,0,0,0,10.56,0,89.44
2021-01-28T00:00:00.000Z,79516,2964886,31.88,130566,1686153,18.13,0,0,0,0,0,0,12.69,0,87.31
2021-01-29T00:00:00.000Z,36649,3001535,32.28,64760,1750913,18.83,0,0,0,0,0,0,13.61,0,86.39
2021-01-30T00:00:00.000Z,34372,3035907,32.65,42742,1793655,19.29,0,0,0,0,0,0,14.3,0,85.7
2021-01-31T00:00:00.000Z,73300,3109207,33.43,59474,1853129,19.93,0,0,0,0,0,0,16.07,0,83.93
2021-02-01T00:00:00.000Z,82454,3191661,34.32,35319,1888448,20.31,0,0,0,0,0,0,17.81,0,82.19
2021-02-02T00:00:00.000Z,70040,3261701,35.07,31040,1919488,20.64,0,0,0,0,0,0,19.35,0,80.65
2021-02-03T00:00:00.000Z,60256,3321957,35.72,51397,1970885,21.19,0,0,0,0,0,0,20.84,0,79.16
2021-02-04T00:00:00.000Z,72579,3394536,36.5,58052,2028937,21.82,0,0,0,0,0,0,22.39,0,77.61
2021-02-05T00:00:00.000Z,33897,3428433,36.87,28774,2057711,22.13,0,0,0,0,0,0,23.15,0,76.85
2021-02-06T00:00:00.000Z,21589,3450022,37.1,22212,2079923,22.37,0,0,0,0,0,0,23.64,0,76.36
2021-02-07T00:00:00.000Z,54061,3504083,37.68,68696,2148619,23.11,0,0,0,0,0,0,24.4,0,75.6
2021-02-08T00:00:00.000Z,58596,3562679,38.31,65424,2214043,23.81,0,0,0,0,0,0,24.95,0,75.05
2021-02-09T00:00:00.000Z,66293,3628972,39.02,67520,2281563,24.53,0,0,0,0,0,0,25.48,0,74.52
2021-02-10T00:00:00.000Z,70510,3699482,39.78,72249,2353812,25.31,0,0,0,0,0,0,26.23,0,73.77
2021-02-11T00:00:00.000Z,81119,3780601,40.65,72043,2425855,26.09,0,0,0,0,0,0,27.08,0,72.92
2021-02-12T00:00:00.000Z,39066,3819667,41.07,37555,2463410,26.49,0,0,0,0,0,0,27.5,0,72.5
2021-02-13T00:00:00.000Z,27437,3847104,41.37,30411,2493821,26.82,0,0,0,0,0,0,27.82,0,72.18
2021-02-14T00:00:00.000Z,74874,3921978,42.18,69044,2562865,27.56,0,0,0,0,0,0,28.76,0,71.24
2021-02-15T00:00:00.000Z,81501,4003479,43.05,75656,2638521,28.37,0,0,0,0,0,0,29.69,0,70.31
2021-02-16T00:00:00.000Z,83387,4086866,43.95,78242,2716763,29.21,0,0,0,0,0,0,30.64,0,69.36
2021-02-17T00:00:00.000Z,61934,4148800,44.61,75590,2792353,30.03,0,0,0,0,0,0,31.56,0,68.44
2021-02-18T00:00:00.000Z,69115,4217915,45.36,79700,2872053,30.88,0,0,0,0,0,0,32.51,0,67.49
2021-02-19T00:00:00.000Z,39630,4257545,45.78,38121,2910174,31.29,0,0,0,0,0,0,33.02,0,66.98
2021-02-20T00:00:00.000Z,31633,4289178,46.12,28713,2938887,31.6,0,0,0,0,0,0,33.43,0,66.57
2021-02-21T00:00:00.000Z,79404,4368582,46.98,78403,3017290,32.45,0,0,0,0,0,0,34.39,0,65.61
2021-02-22T00:00:00.000Z,85022,4453604,47.89,80563,3097853,33.31,0,0,0,0,0,0,35.44,0,64.56
2021-02-23T00:00:00.000Z,77290,4530894,48.72,70435,3168288,34.07,0,0,0,0,0,0,36.47,0,63.53
2021-02-24T00:00:00.000Z,61027,4591921,49.38,63088,3231376,34.75,0,0,0,0,0,0,37.4,0,62.6
2021-02-25T00:00:00.000Z,51686,4643607,49.94,64760,3296136,35.45,0,0,0,0,0,0,38.31,0,61.69
2021-02-26T00:00:00.000Z,25874,4669481,50.21,32008,3328144,35.79,0,0,0,0,0,0,38.76,0,61.24
2021-02-27T00:00:00.000Z,18319,4687800,50.41,21178,3349322,36.02,0,0,0,0,0,0,39.08,0,60.92
2021-02-28T00:00:00.000Z,40323,4728123,50.84,55850,3405172,36.62,0,0,0,0,0,0,39.92,0,60.08
2021-03-01T00:00:00.000Z,45696,4773819,51.34,61402,3466574,37.28,0,0,0,0,0,0,40.78,0,59.22
2021-03-02T00:00:00.000Z,41145,4814964,51.78,64747,3531321,37.97,0,0,0,0,0,0,41.54,0,58.46
2021-03-03T00:00:00.000Z,41970,4856934,52.23,66734,3598055,38.69,0,0,0,0,0,0,42.25,0,57.75
2021-03-04T00:00:00.000Z,39662,4896596,52.66,79076,3677131,39.54,0,0,0,0,0,0,42.95,0,57.05
2021-03-05T00:00:00.000Z,17309,4913905,52.84,40438,3717569,39.98,0,0,0,0,0,0,43.28,0,56.72
2021-03-06T00:00:00.000Z,10682,4924587,52.96,25330,3742899,40.25,0,0,0,0,0,0,43.5,0,56.5
2021-03-07T00:00:00.000Z,31104,4955691,53.29,72818,3815717,41.03,0,0,0,0,0,0,44.09,0,55.91
2021-03-08T00:00:00.000Z,27335,4983026,53.59,73251,3888968,41.82,0,0,0,0,0,0,44.71,0,55.29
2021-03-09T00:00:00.000Z,26697,5009723,53.87,76575,3965543,42.64,0,0,0,0,0,0,45.37,0,54.63
2021-03-10T00:00:00.000Z,23304,5033027,54.12,58641,4024184,43.27,0,0,0,0,0,0,46.03,0,53.97
2021-03-11T00:00:00.000Z,23253,5056280,54.37,69047,4093231,44.02,0,0,0,0,0,0,46.76,0,53.24
2021-03-12T00:00:00.000Z,11236,5067516,54.49,41383,4134614,44.46,0,0,0,0,0,0,47.12,0,52.88
2021-03-13T00:00:00.000Z,7920,5075436,54.58,25227,4159841,44.73,0,0,0,0,0,0,47.35,0,52.65
2021-03-14T00:00:00.000Z,20937,5096373,54.8,73911,4233752,45.53,0,0,0,0,0,0,47.99,0,52.01
2021-03-15T00:00:00.000Z,20100,5116473,55.02,78236,4311988,46.37,0,0,0,0,0,0,48.61,0,51.39
2021-03-16T00:00:00.000Z,18709,5135182,55.22,71442,4383430,47.14,0,0,0,0,0,0,49.23,0,50.77
2021-03-17T00:00:00.000Z,17654,5152836,55.41,58980,4442410,47.77,0,0,0,0,0,0,49.72,0,50.28
2021-03-18T00:00:00.000Z,16003,5168839,55.58,58095,4500505,48.4,0,0,0,0,0,0,50.26,0,49.74
2021-03-19T00:00:00.000Z,6904,5175743,55.66,27951,4528456,48.7,0,0,0,0,0,0,50.56,0,49.44
2021-03-20T00:00:00.000Z,5197,5180940,55.71,15279,4543735,48.86,0,0,0,0,0,0,50.74,0,49.26
2021-03-21T00:00:00.000Z,13135,5194075,55.85,40472,4584207,49.3,0,0,0,0,0,0,51.27,0,48.73
2021-03-22T00:00:00.000Z,13525,5207600,56,40508,4624715,49.73,0,0,0,0,0,0,51.81,0,48.19
2021-03-23T00:00:00.000Z,2796,5210396,56.03,7265,4631980,49.81,0,0,0,0,0,0,52.24,0,47.76
2021-03-24T00:00:00.000Z,10963,5221359,56.15,46513,4678493,50.31,0,0,0,0,0,0,52.65,0,47.35
2021-03-25T00:00:00.000Z,10213,5231572,56.26,35397,4713890,50.69,0,0,0,0,0,0,53.04,0,46.96
2021-03-26T00:00:00.000Z,4147,5235719,56.3,13300,4727190,50.83,0,0,0,0,0,0,53.22,0,46.78
2021-03-27T00:00:00.000Z,1769,5237488,56.32,4249,4731439,50.88,0,0,0,0,0,0,53.31,0,46.69
2021-03-28T00:00:00.000Z,2089,5239577,56.34,4592,4736031,50.93,0,0,0,0,0,0,53.55,0,46.45
2021-03-29T00:00:00.000Z,6860,5246437,56.42,29985,4766016,51.25,0,0,0,0,0,0,53.81,0,46.19
2021-03-30T00:00:00.000Z,7831,5254268,56.5,22402,4788418,51.49,0,0,0,0,0,0,53.9,0,46.1
2021-03-31T00:00:00.000Z,8112,5262380,56.59,19433,4807851,51.7,0,0,0,0,0,0,54.2,0,45.8
2021-04-01T00:00:00.000Z,8134,5270514,56.68,18651,4826502,51.9,0,0,0,0,0,0,54.43,0,45.57
2021-04-02T00:00:00.000Z,2902,5273416,56.71,8097,4834599,51.99,0,0,0,0,0,0,54.52,0,45.48
2021-04-03T00:00:00.000Z,1409,5274825,56.72,2941,4837540,52.02,0,0,0,0,0,0,54.55,0,45.45
2021-04-04T00:00:00.000Z,9605,5284430,56.83,22804,4860344,52.27,0,0,0,0,0,0,54.64,0,45.36
2021-04-05T00:00:00.000Z,10312,5294742,56.94,21225,4881569,52.49,0,0,0,0,0,0,54.86,0,45.14
2021-04-06T00:00:00.000Z,8978,5303720,57.03,16738,4898307,52.67,0,0,0,0,0,0,55.03,0,44.97
2021-04-07T00:00:00.000Z,8880,5312600,57.13,15252,4913559,52.84,0,0,0,0,0,0,55.18,0,44.82
2021-04-08T00:00:00.000Z,9364,5321964,57.23,16961,4930520,53.02,0,0,0,0,0,0,55.34,0,44.66
2021-04-09T00:00:00.000Z,3553,5325517,57.27,6192,4936712,53.09,0,0,0,0,0,0,55.4,0,44.6
2021-04-10T00:00:00.000Z,1608,5327125,57.29,3496,4940208,53.12,0,0,0,0,0,0,55.43,0,44.57
2021-04-11T00:00:00.000Z,9010,5336135,57.38,14216,4954424,53.28,0,0,0,0,0,0,55.61,0,44.39
2021-04-12T00:00:00.000Z,8893,5345028,57.48,13192,4967616,53.42,0,0,0,0,0,0,55.77,0,44.23
2021-04-13T00:00:00.000Z,5789,5350817,57.54,4921,4972537,53.47,0,0,0,0,0,0,55.9,0,44.1
2021-04-14T00:00:00.000Z,3595,5354412,57.58,5269,4977806,53.53,0,0,0,0,0,0,56,0,44
2021-04-15T00:00:00.000Z,645,5355057,57.59,552,4978358,53.53,0,0,0,0,0,0,56.1,0,43.9
2021-04-16T00:00:00.000Z,3369,5358426,57.62,6612,4984970,53.61,0,0,0,0,0,0,56.15,0,43.85
2021-04-17T00:00:00.000Z,800,5359226,57.63,1957,4986927,53.63,0,0,0,0,0,0,56.17,0,43.83
2021-04-18T00:00:00.000Z,7075,5366301,57.71,7413,4994340,53.71,0,0,0,0,0,0,56.29,0,43.71
2021-04-19T00:00:00.000Z,6370,5372671,57.78,7083,5001423,53.78,0,0,0,0,0,0,56.4,0,43.6
2021-04-20T00:00:00.000Z,6234,5378905,57.84,6842,5008265,53.86,0,0,0,0,0,0,56.47,0,43.53
2021-04-21T00:00:00.000Z,6327,5385232,57.91,7058,5015323,53.93,0,0,0,0,0,0,56.54,0,43.46
2021-04-22T00:00:00.000Z,5903,5391135,57.97,7645,5022968,54.01,0,0,0,0,0,0,56.58,0,43.42
2021-04-23T00:00:00.000Z,2729,5393864,58,3353,5026321,54.05,0,0,0,0,0,0,56.63,0,43.37
2021-04-24T00:00:00.000Z,746,5394610,58.01,1267,5027588,54.06,0,0,0,0,0,0,56.64,0,43.36
2021-04-25T00:00:00.000Z,4808,5399418,58.06,6898,5034486,54.14,0,0,0,0,0,0,56.71,0,43.29
2021-04-26T00:00:00.000Z,5441,5404859,58.12,7851,5042337,54.22,0,0,0,0,0,0,56.79,0,43.21
2021-04-27T00:00:00.000Z,4475,5409334,58.17,6591,5048928,54.29,0,0,0,0,0,0,56.85,0,43.15
2021-04-28T00:00:00.000Z,4455,5413789,58.22,7278,5056206,54.37,0,0,0,0,0,0,56.92,0,43.08
2021-04-29T00:00:00.000Z,4335,5418124,58.26,7244,5063450,54.45,0,0,0,0,0,0,56.99,0,43.01
2021-04-30T00:00:00.000Z,1888,5420012,58.28,3151,5066601,54.48,0,0,0,0,0,0,57.02,0,42.98
2021-05-01T00:00:00.000Z,439,5420451,58.29,880,5067481,54.49,0,0,0,0,0,0,57.03,0,42.97
2021-05-02T00:00:00.000Z,3210,5423661,58.32,6061,5073542,54.56,0,0,0,0,0,0,57.08,0,42.92
2021-05-03T00:00:00.000Z,3518,5427179,58.36,5776,5079318,54.62,0,0,0,0,0,0,57.15,0,42.85
2021-05-04T00:00:00.000Z,3549,5430728,58.4,4691,5084009,54.67,0,0,0,0,0,0,57.2,0,42.8
2021-05-05T00:00:00.000Z,3256,5433984,58.43,4041,5088050,54.71,0,0,0,0,0,0,57.26,0,42.74
2021-05-06T00:00:00.000Z,3600,5437584,58.47,3088,5091138,54.75,0,0,0,0,0,0,57.32,0,42.68
2021-05-07T00:00:00.000Z,1795,5439379,58.49,2452,5093590,54.77,0,0,0,0,0,0,57.35,0,42.65
2021-05-08T00:00:00.000Z,225,5439604,58.49,487,5094077,54.78,0,0,0,0,0,0,57.35,0,42.65
2021-05-09T00:00:00.000Z,2832,5442436,58.53,4728,5098805,54.83,0,0,0,0,0,0,57.4,0,42.6
2021-05-10T00:00:00.000Z,2872,5445308,58.56,4674,5103479,54.88,0,0,0,0,0,0,57.45,0,42.55
2021-05-11T00:00:00.000Z,2581,5447889,58.58,3838,5107317,54.92,0,0,0,0,0,0,57.49,0,42.51
2021-05-12T00:00:00.000Z,1991,5449880,58.61,3288,5110605,54.96,0,0,0,0,0,0,57.53,0,42.47
2021-05-13T00:00:00.000Z,2014,5451894,58.63,3632,5114237,55,0,0,0,0,0,0,57.56,0,42.44
2021-05-14T00:00:00.000Z,935,5452829,58.64,1461,5115698,55.01,0,0,0,0,0,0,57.57,0,42.43
2021-05-15T00:00:00.000Z,230,5453059,58.64,233,5115931,55.01,0,0,0,0,0,0,57.58,0,42.42
2021-05-16T00:00:00.000Z,515,5453574,58.65,1190,5117121,55.03,0,0,0,0,0,0,57.6,0,42.4
2021-05-17T00:00:00.000Z,278,5453852,58.65,821,5117942,55.04,0,0,0,0,0,0,57.63,0,42.37
2021-05-18T00:00:00.000Z,1930,5455782,58.67,4911,5122853,55.09,0,0,0,0,0,0,57.66,0,42.34
2021-05-19T00:00:00.000Z,2194,5457976,58.69,5004,5127857,55.14,0,0,0,0,0,0,57.69,0,42.31
2021-05-20T00:00:00.000Z,2285,5460261,58.72,3844,5131701,55.18,0,0,0,0,0,0,57.72,0,42.28
2021-05-21T00:00:00.000Z,1160,5461421,58.73,1371,5133072,55.2,0,0,0,0,0,0,57.74,0,42.26
2021-05-22T00:00:00.000Z,199,5461620,58.73,372,5133444,55.2,0,0,0,0,0,0,57.74,0,42.26
2021-05-23T00:00:00.000Z,2261,5463881,58.76,3199,5136643,55.24,0,0,0,0,0,0,57.76,0,42.24
2021-05-24T00:00:00.000Z,2106,5465987,58.78,3567,5140210,55.28,0,0,0,0,0,0,57.78,0,42.22
2021-05-25T00:00:00.000Z,1797,5467784,58.8,2559,5142769,55.3,0,0,0,0,0,0,57.81,0,42.19
2021-05-26T00:00:00.000Z,1378,5469162,58.81,2466,5145235,55.33,0,0,0,0,0,0,57.85,0,42.15
2021-05-27T00:00:00.000Z,1814,5470976,58.83,3143,5148378,55.36,0,0,0,0,0,0,57.88,0,42.12
2021-05-28T00:00:00.000Z,746,5471722,58.84,1371,5149749,55.38,0,0,0,0,0,0,57.89,0,42.11
2021-05-29T00:00:00.000Z,165,5471887,58.84,211,5149960,55.38,0,0,0,0,0,0,57.89,0,42.11
2021-05-30T00:00:00.000Z,1624,5473511,58.86,1914,5151874,55.4,0,0,0,0,0,0,57.92,0,42.08
2021-05-31T00:00:00.000Z,1689,5475200,58.88,2066,5153940,55.42,0,0,0,0,0,0,57.95,0,42.05
2021-06-01T00:00:00.000Z,1332,5476532,58.89,1796,5155736,55.44,0,0,0,0,0,0,57.97,0,42.03
2021-06-02T00:00:00.000Z,1471,5478003,58.91,1580,5157316,55.46,0,0,0,0,0,0,57.99,0,42.01
2021-06-03T00:00:00.000Z,1644,5479647,58.93,1452,5158768,55.47,0,0,0,0,0,0,58.01,0,41.99
2021-06-04T00:00:00.000Z,1059,5480706,58.94,740,5159508,55.48,0,0,0,0,0,0,58.03,0,41.97
2021-06-05T00:00:00.000Z,167,5480873,58.94,144,5159652,55.48,0,0,0,0,0,0,58.03,0,41.97
2021-06-06T00:00:00.000Z,4267,5485140,58.98,984,5160636,55.49,0,0,0,0,0,0,58.07,0,41.93
2021-06-07T00:00:00.000Z,4396,5489536,59.03,783,5161419,55.5,0,0,0,0,0,0,58.1,0,41.9
2021-06-08T00:00:00.000Z,3702,5493238,59.07,1141,5162560,55.52,0,0,0,0,0,0,58.14,0,41.86
2021-06-09T00:00:00.000Z,3562,5496800,59.11,1288,5163848,55.53,0,0,0,0,0,0,58.17,0,41.83
2021-06-10T00:00:00.000Z,3304,5500104,59.15,1269,5165117,55.54,0,0,0,0,0,0,58.2,0,41.8
2021-06-11T00:00:00.000Z,1356,5501460,59.16,557,5165674,55.55,0,0,0,0,0,0,58.21,0,41.79
2021-06-12T00:00:00.000Z,191,5501651,59.16,151,5165825,55.55,0,0,0,0,0,0,58.21,0,41.79
2021-06-13T00:00:00.000Z,3089,5504740,59.2,1239,5167064,55.56,0,0,0,0,0,0,58.24,0,41.76
2021-06-14T00:00:00.000Z,3016,5507756,59.23,1504,5168568,55.58,0,0,0,0,0,0,58.26,0,41.74
2021-06-15T00:00:00.000Z,3107,5510863,59.26,1344,5169912,55.59,0,0,0,0,0,0,58.28,0,41.72
2021-06-16T00:00:00.000Z,2689,5513552,59.29,959,5170871,55.61,0,0,0,0,0,0,58.31,0,41.69
2021-06-17T00:00:00.000Z,2687,5516239,59.32,1168,5172039,55.62,0,0,0,0,0,0,58.33,0,41.67
2021-06-18T00:00:00.000Z,1228,5517467,59.33,471,5172510,55.62,0,0,0,0,0,0,58.34,0,41.66
2021-06-19T00:00:00.000Z,206,5517673,59.33,129,5172639,55.62,0,0,0,0,0,0,58.34,0,41.66
2021-06-20T00:00:00.000Z,3295,5520968,59.37,1313,5173952,55.64,0,0,0,0,0,0,58.37,0,41.63
2021-06-21T00:00:00.000Z,5206,5526174,59.43,1186,5175138,55.65,0,0,0,0,0,0,58.41,0,41.59
2021-06-22T00:00:00.000Z,6882,5533056,59.5,1066,5176204,55.66,0,0,0,0,0,0,58.46,0,41.54
2021-06-23T00:00:00.000Z,10699,5543755,59.61,1266,5177470,55.68,0,0,0,0,0,0,58.54,0,41.46
2021-06-24T00:00:00.000Z,11988,5555743,59.74,1434,5178904,55.69,0,0,0,0,0,0,58.62,0,41.38
2021-06-25T00:00:00.000Z,7066,5562809,59.82,900,5179804,55.7,0,0,0,0,0,0,58.67,0,41.33
2021-06-26T00:00:00.000Z,2250,5565059,59.84,179,5179983,55.7,0,0,0,0,0,0,58.68,0,41.32
2021-06-27T00:00:00.000Z,13598,5578657,59.99,3421,5183404,55.74,0,0,0,0,0,0,58.78,0,41.22
2021-06-28T00:00:00.000Z,14476,5593133,60.15,3643,5187047,55.78,0,0,0,0,0,0,58.88,0,41.12
2021-06-29T00:00:00.000Z,16670,5609803,60.33,3700,5190747,55.82,0,0,0,0,0,0,58.99,0,41.01
2021-06-30T00:00:00.000Z,16438,5626241,60.5,3360,5194107,55.85,0,0,0,0,0,0,59.11,0,40.89
2021-07-01T00:00:00.000Z,16763,5643004,60.68,3337,5197444,55.89,19,19,0,0,0,0,59.23,0,40.77
2021-07-02T00:00:00.000Z,9800,5652804,60.79,1562,5199006,55.91,4,23,0,0,0,0,59.3,0,40.7
2021-07-03T00:00:00.000Z,2646,5655450,60.82,282,5199288,55.91,0,23,0,0,0,0,59.32,0,40.68
2021-07-04T00:00:00.000Z,17710,5673160,61.01,3138,5202426,55.94,0,23,0,0,0,0,59.46,0,40.54
2021-07-05T00:00:00.000Z,17817,5690977,61.2,3009,5205435,55.98,4,27,0,0,0,0,59.6,0,40.4
2021-07-06T00:00:00.000Z,17807,5708784,61.39,3376,5208811,56.01,8,35,0,0,0,0,59.74,0,40.26
2021-07-07T00:00:00.000Z,15486,5724270,61.56,2651,5211462,56.04,11,46,0,0,0,0,59.87,0,40.13
2021-07-08T00:00:00.000Z,16547,5740817,61.73,2827,5214289,56.07,15,61,0,0,0,0,60,0,40
2021-07-09T00:00:00.000Z,11100,5751917,61.85,1484,5215773,56.09,2,63,0,0,0,0,60.09,0,39.91
2021-07-10T00:00:00.000Z,4944,5756861,61.91,369,5216142,56.09,5,68,0,0,0,0,60.13,0,39.87
2021-07-11T00:00:00.000Z,1441,5758302,61.92,2831,5218973,56.12,5,73,0,0,0,0,60.16,0,39.84
2021-07-12T00:00:00.000Z,2382,5760684,61.95,3649,5222622,56.16,48,121,0,0,0,0,60.2,0,39.8
2021-07-13T00:00:00.000Z,2930,5763614,61.98,5423,5228045,56.22,122,243,0,0,0,0,60.25,0,39.75
2021-07-14T00:00:00.000Z,2706,5766320,62.01,7479,5235524,56.3,441,684,0.01,0,0,0,60.29,0,39.71
2021-07-15T00:00:00.000Z,2950,5769270,62.04,9252,5244776,56.4,373,1057,0.01,0,0,0,60.34,0,39.66
2021-07-16T00:00:00.000Z,1229,5770499,62.05,5853,5250629,56.46,63,1120,0.01,0,0,0,60.36,0,39.64
2021-07-17T00:00:00.000Z,344,5770843,62.06,1366,5251995,56.48,7,1127,0.01,0,0,0,60.37,0,39.63
2021-07-18T00:00:00.000Z,2041,5772884,62.08,9749,5261744,56.58,236,1363,0.01,0,0,0,60.4,0,39.6
2021-07-19T00:00:00.000Z,3166,5776050,62.11,11303,5273047,56.7,456,1819,0.02,0,0,0,60.44,0,39.56
2021-07-20T00:00:00.000Z,2637,5778687,62.14,11875,5284922,56.83,371,2190,0.02,0,0,0,60.42,0.07,39.51
2021-07-21T00:00:00.000Z,2348,5781035,62.17,11837,5296759,56.96,320,2510,0.03,0,0,0,60.26,0.28,39.46
2021-07-22T00:00:00.000Z,2851,5783886,62.2,13212,5309971,57.1,387,2897,0.03,0,0,0,59.93,0.67,39.4
2021-07-23T00:00:00.000Z,2001,5785887,62.22,8183,5318154,57.19,101,2998,0.03,0,0,0,59.35,1.29,39.36
2021-07-24T00:00:00.000Z,610,5786497,62.23,1456,5319610,57.2,6,3004,0.03,0,0,0,58.61,2.04,39.35
2021-07-25T00:00:00.000Z,4400,5790897,62.27,15466,5335076,57.37,224,3228,0.03,0,0,0,58.29,2.43,39.28
2021-07-26T00:00:00.000Z,5124,5796021,62.33,13481,5348557,57.52,322,3550,0.04,0,0,0,58.1,2.71,39.19
2021-07-27T00:00:00.000Z,5447,5801468,62.39,13517,5362074,57.66,410,3960,0.04,0,0,0,57.27,3.63,39.1
2021-07-28T00:00:00.000Z,3955,5805423,62.43,12299,5374373,57.79,469,4429,0.05,0,0,0,56.05,4.93,39.02
2021-07-29T00:00:00.000Z,4629,5810052,62.48,14130,5388503,57.95,523,4952,0.05,0,0,0,54.65,6.41,38.93
2021-07-30T00:00:00.000Z,2621,5812673,62.51,10810,5399313,58.06,4114,9066,0.1,0,0,0,53.18,7.92,38.9
2021-07-31T00:00:00.000Z,1382,5814055,62.52,3525,5402838,58.1,6152,15218,0.16,0,0,0,51.46,9.64,38.9
2021-08-01T00:00:00.000Z,3055,5817110,62.55,3339,5406177,58.14,31042,46260,0.5,0,0,0,50.94,10.15,38.92
2021-08-02T00:00:00.000Z,3091,5820201,62.59,3131,5409308,58.17,58497,104757,1.13,0,0,0,50.72,10.24,39.03
2021-08-03T00:00:00.000Z,3346,5823547,62.62,3279,5412587,58.2,78954,183711,1.98,0,0,0,49.7,11.07,39.23
2021-08-04T00:00:00.000Z,3500,5827047,62.66,3208,5415795,58.24,80744,264455,2.84,0,0,0,48.7,11.86,39.44
2021-08-05T00:00:00.000Z,4475,5831522,62.71,3534,5419329,58.28,88433,352888,3.79,0,0,0,47.92,12.4,39.68
2021-08-06T00:00:00.000Z,2390,5833912,62.73,1811,5421140,58.3,44735,397623,4.28,0,0,0,46.97,13.26,39.77
2021-08-07T00:00:00.000Z,1008,5834920,62.75,652,5421792,58.3,27346,424969,4.57,0,0,0,45.82,14.34,39.84
2021-08-08T00:00:00.000Z,4990,5839910,62.8,3041,5424833,58.34,80066,505035,5.43,0,0,0,45.73,14.27,40
2021-08-09T00:00:00.000Z,5316,5845226,62.86,3010,5427843,58.37,76472,581507,6.25,0,0,0,45.97,13.98,40.05
2021-08-10T00:00:00.000Z,5533,5850759,62.92,3146,5430989,58.4,75406,656913,7.06,0,0,0,46.18,13.81,40.01
2021-08-11T00:00:00.000Z,5663,5856422,62.98,2907,5433896,58.43,62617,719530,7.74,0,0,0,46.57,13.52,39.91
2021-08-12T00:00:00.000Z,7007,5863429,63.05,3261,5437157,58.47,59439,778969,8.38,0,0,0,47.05,13.21,39.74
2021-08-13T00:00:00.000Z,3784,5867213,63.09,2026,5439183,58.49,43847,822816,8.85,0,0,0,47.01,13.29,39.7
2021-08-14T00:00:00.000Z,2234,5869447,63.12,825,5440008,58.5,44459,867275,9.33,0,0,0,46.77,13.49,39.74
2021-08-15T00:00:00.000Z,7160,5876607,63.19,4509,5444517,58.55,97939,965214,10.38,0,0,0,47.43,12.85,39.72
2021-08-16T00:00:00.000Z,6961,5883568,63.27,4697,5449214,58.6,89479,1054693,11.34,0,0,0,48.08,12.25,39.68
2021-08-17T00:00:00.000Z,7562,5891130,63.35,5101,5454315,58.65,83268,1137961,12.24,0,0,0,48.24,12.15,39.61
2021-08-18T00:00:00.000Z,8629,5899759,63.44,4570,5458885,58.7,69207,1207168,12.98,0,0,0,48.3,12.17,39.53
2021-08-19T00:00:00.000Z,10069,5909828,63.55,5182,5464067,58.76,65928,1273096,13.69,0,0,0,48.32,12.24,39.44
2021-08-20T00:00:00.000Z,4723,5914551,63.6,2776,5466843,58.79,60420,1333516,14.34,0,0,0,48.14,12.41,39.44
2021-08-21T00:00:00.000Z,3484,5918035,63.64,1545,5468388,58.8,50702,1384218,14.89,0,0,0,47.9,12.68,39.42
2021-08-22T00:00:00.000Z,9833,5927868,63.75,4784,5473172,58.86,105044,1489262,16.01,0,0,0,48.58,12.09,39.32
2021-08-23T00:00:00.000Z,10921,5938789,63.86,4401,5477573,58.9,93948,1583210,17.03,0,0,0,49.21,11.58,39.21
2021-08-24T00:00:00.000Z,11737,5950526,63.99,4673,5482246,58.95,98437,1681647,18.08,0,0,0,49.46,11.42,39.12
2021-08-25T00:00:00.000Z,9626,5960152,64.09,4444,5486690,59,99430,1781077,19.15,0,0,0,49.56,11.37,39.07
2021-08-26T00:00:00.000Z,10100,5970252,64.2,5020,5491710,59.06,101101,1882178,20.24,0,0,0,49.63,11.33,39.04
2021-08-27T00:00:00.000Z,4309,5974561,64.25,2748,5494458,59.08,56650,1938828,20.85,0,0,0,49.51,11.55,38.95
2021-08-28T00:00:00.000Z,3692,5978253,64.29,1469,5495927,59.1,33503,1972331,21.21,0,0,0,49.19,11.98,38.84
2021-08-29T00:00:00.000Z,10338,5988591,64.4,5918,5501845,59.16,79454,2051785,22.06,0,0,0,49.75,11.65,38.61
2021-08-30T00:00:00.000Z,12341,6000932,64.53,6978,5508823,59.24,115907,2167692,23.31,0,0,0,50.44,11.05,38.51
2021-08-31T00:00:00.000Z,12089,6013021,64.66,6472,5515295,59.31,114767,2282459,24.54,0,0,0,50.77,10.82,38.41
2021-09-01T00:00:00.000Z,9062,6022083,64.76,5974,5521269,59.37,112386,2394845,25.75,0,0,0,51.06,10.58,38.36
2021-09-02T00:00:00.000Z,8796,6030879,64.85,7138,5528407,59.45,111424,2506269,26.95,0,0,0,51.47,10.22,38.31
2021-09-03T00:00:00.000Z,3732,6034611,64.89,4081,5532488,59.49,58842,2565111,27.58,0,0,0,51.53,10.2,38.27
2021-09-04T00:00:00.000Z,2688,6037299,64.92,2002,5534490,59.52,29924,2595035,27.91,0,0,0,51.36,10.4,38.23
2021-09-05T00:00:00.000Z,7023,6044322,65,6437,5540927,59.58,73260,2668295,28.69,0,0,0,51.84,10.03,38.14
2021-09-06T00:00:00.000Z,2821,6047143,65.03,2656,5543583,59.61,22763,2691058,28.94,0,0,0,52.27,9.9,37.83
2021-09-07T00:00:00.000Z,1186,6048329,65.04,841,5544424,59.62,5375,2696433,29,0,0,0,52.37,10.13,37.5
2021-09-08T00:00:00.000Z,1369,6049698,65.06,1152,5545576,59.63,6606,2703039,29.07,0,0,0,52.44,10.39,37.17
2021-09-09T00:00:00.000Z,7107,6056805,65.13,12523,5558099,59.77,73764,2776803,29.86,0,0,0,52.79,10.21,36.99
2021-09-10T00:00:00.000Z,3234,6060039,65.17,4967,5563066,59.82,37895,2814698,30.27,0,0,0,52.75,10.34,36.91
2021-09-11T00:00:00.000Z,2110,6062149,65.19,2477,5565543,59.85,14795,2829493,30.43,0,0,0,52.38,10.77,36.85
2021-09-12T00:00:00.000Z,6123,6068272,65.26,8570,5574113,59.94,54080,2883573,31.01,0,0,0,52.69,10.57,36.74
2021-09-13T00:00:00.000Z,5644,6073916,65.32,8204,5582317,60.03,47894,2931467,31.52,0,0,0,52.86,10.37,36.76
2021-09-14T00:00:00.000Z,4953,6078869,65.37,7381,5589698,60.11,48798,2980265,32.05,0,0,0,52.63,10.52,36.85
2021-09-15T00:00:00.000Z,1734,6080603,65.39,2681,5592379,60.14,16665,2996930,32.23,0,0,0,52.21,10.93,36.86
2021-09-16T00:00:00.000Z,332,6080935,65.39,523,5592902,60.14,1730,2998660,32.25,0,0,0,51.98,11.42,36.59
2021-09-17T00:00:00.000Z,3672,6084607,65.43,6985,5599887,60.22,42859,3041519,32.71,0,0,0,51.93,11.5,36.57
2021-09-18T00:00:00.000Z,2246,6086853,65.45,2925,5602812,60.25,12771,3054290,32.84,0,0,0,51.53,11.93,36.54
2021-09-19T00:00:00.000Z,5972,6092825,65.52,10697,5613509,60.36,44273,3098563,33.32,0,0,0,51.73,11.82,36.44
2021-09-20T00:00:00.000Z,3233,6096058,65.55,4611,5618120,60.41,16677,3115240,33.5,0,0,0,51.86,11.84,36.3
2021-09-21T00:00:00.000Z,1318,6097376,65.57,2029,5620149,60.44,3448,3118688,33.54,0,0,0,51.53,12.34,36.13
2021-09-22T00:00:00.000Z,4254,6101630,65.61,7218,5627367,60.51,25016,3143704,33.81,0,0,0,51.13,12.74,36.12
2021-09-23T00:00:00.000Z,4394,6106024,65.66,5877,5633244,60.58,27788,3171492,34.1,0,0,0,50.75,13.08,36.17
2021-09-24T00:00:00.000Z,3192,6109216,65.7,4151,5637395,60.62,27685,3199177,34.4,0,0,0,50.65,13.27,36.08
2021-09-25T00:00:00.000Z,2077,6111293,65.72,2236,5639631,60.65,10413,3209590,34.51,0,0,0,50.32,13.63,36.05
2021-09-26T00:00:00.000Z,5630,6116923,65.78,5956,5645587,60.71,36215,3245805,34.9,0,0,0,50.56,13.48,35.95
2021-09-27T00:00:00.000Z,4695,6121618,65.83,4434,5650021,60.76,30410,3276215,35.23,0,0,0,50.72,13.33,35.95
2021-09-28T00:00:00.000Z,1456,6123074,65.84,1157,5651178,60.77,6219,3282434,35.3,0,0,0,50.48,13.59,35.94
2021-09-29T00:00:00.000Z,9641,6132715,65.95,8318,5659496,60.86,60246,3342680,35.95,0,0,0,50.67,13.36,35.97
2021-09-30T00:00:00.000Z,10989,6143704,66.07,8532,5668028,60.95,79623,3422303,36.8,0,0,0,51.24,12.7,36.07
2021-10-01T00:00:00.000Z,5122,6148826,66.12,3838,5671866,60.99,46475,3468778,37.3,0,0,0,51.32,12.6,36.08
2021-10-02T00:00:00.000Z,2862,6151688,66.15,2100,5673966,61.02,22408,3491186,37.54,0,0,0,51.24,12.67,36.09
2021-10-03T00:00:00.000Z,11691,6163379,66.28,7254,5681220,61.09,70664,3561850,38.3,0,0,0,51.81,12.09,36.11
2021-10-04T00:00:00.000Z,10326,6173705,66.39,6729,5687949,61.17,51840,3613690,38.86,0,0,0,52.28,11.63,36.09
2021-10-05T00:00:00.000Z,8453,6182158,66.48,5275,5693224,61.22,40418,3654108,39.29,0,0,0,52.55,11.31,36.15
2021-10-06T00:00:00.000Z,7576,6189734,66.56,4149,5697373,61.27,34046,3688154,39.66,0,0,0,52.9,11.14,35.96
2021-10-07T00:00:00.000Z,6913,6196647,66.64,3981,5701354,61.31,33980,3722134,40.03,0,0,0,53.39,10.91,35.7
2021-10-08T00:00:00.000Z,3092,6199739,66.67,2599,5703953,61.34,19194,3741328,40.23,0,0,0,53.62,10.82,35.56
2021-10-09T00:00:00.000Z,1333,6201072,66.68,1420,5705373,61.35,7412,3748740,40.31,0,0,0,53.66,10.85,35.49
2021-10-10T00:00:00.000Z,4691,6205763,66.73,3729,5709102,61.39,21487,3770227,40.54,0,0,0,54.13,10.63,35.24
2021-10-11T00:00:00.000Z,4296,6210059,66.78,2921,5712023,61.42,17221,3787448,40.73,0,0,0,54.51,10.44,35.05
2021-10-12T00:00:00.000Z,3975,6214034,66.82,2975,5714998,61.46,15309,3802757,40.89,0,0,0,54.66,10.42,34.91
2021-10-13T00:00:00.000Z,3496,6217530,66.86,2423,5717421,61.48,13517,3816274,41.04,0,0,0,54.81,10.41,34.78
2021-10-14T00:00:00.000Z,3873,6221403,66.9,2658,5720079,61.51,16498,3832772,41.22,0,0,0,55,10.34,34.66
2021-10-15T00:00:00.000Z,1699,6223102,66.92,1648,5721727,61.53,8962,3841734,41.31,0,0,0,55.07,10.34,34.59
2021-10-16T00:00:00.000Z,732,6223834,66.93,928,5722655,61.54,4014,3845748,41.36,0,0,0,55.02,10.42,34.56
2021-10-17T00:00:00.000Z,3111,6226945,66.96,2509,5725164,61.57,12760,3858508,41.49,0,0,0,55.21,10.31,34.48
2021-10-18T00:00:00.000Z,2457,6229402,66.99,1642,5726806,61.58,10016,3868524,41.6,0,0,0,55.36,10.23,34.41
2021-10-19T00:00:00.000Z,2378,6231780,67.01,1250,5728056,61.6,9260,3877784,41.7,0,0,0,55.42,10.23,34.35
2021-10-20T00:00:00.000Z,2444,6234224,67.04,2272,5730328,61.62,10037,3887821,41.81,0,0,0,55.49,10.21,34.3
2021-10-21T00:00:00.000Z,3027,6237251,67.07,3066,5733394,61.65,12098,3899919,41.94,0,0,0,55.64,10.12,34.24
2021-10-22T00:00:00.000Z,1270,6238521,67.09,1397,5734791,61.67,5785,3905704,42,0,0,0,55.7,10.09,34.21
2021-10-23T00:00:00.000Z,557,6239078,67.09,1247,5736038,61.68,2555,3908259,42.03,0,0,0,55.74,10.07,34.2
2021-10-24T00:00:00.000Z,2509,6241587,67.12,2650,5738688,61.71,9825,3918084,42.13,0,0,0,55.84,10.01,34.15
2021-10-25T00:00:00.000Z,2631,6244218,67.15,2707,5741395,61.74,8461,3926545,42.22,0,0,0,55.95,9.94,34.11
2021-10-26T00:00:00.000Z,2370,6246588,67.17,2019,5743414,61.76,8478,3935023,42.32,0,0,0,56.02,9.9,34.08
2021-10-27T00:00:00.000Z,2297,6248885,67.2,2538,5745952,61.79,7886,3942909,42.4,0,0,0,56.09,9.87,34.04
2021-10-28T00:00:00.000Z,2494,6251379,67.22,2734,5748686,61.82,8616,3951525,42.49,1,1,0,56.17,9.83,33.99
2021-10-29T00:00:00.000Z,880,6252259,67.23,1112,5749798,61.83,4083,3955608,42.54,0,1,0,56.19,9.84,33.98
2021-10-30T00:00:00.000Z,351,6252610,67.24,514,5750312,61.84,1693,3957301,42.55,0,1,0,56.16,9.87,33.96
2021-10-31T00:00:00.000Z,2265,6254875,67.26,2475,5752787,61.86,8213,3965514,42.64,0,1,0,56.26,9.81,33.93
2021-11-01T00:00:00.000Z,1734,6256609,67.28,2075,5754862,61.88,6437,3971951,42.71,0,1,0,56.35,9.76,33.89
2021-11-02T00:00:00.000Z,2023,6258632,67.3,2010,5756872,61.91,6229,3978180,42.78,1,2,0,56.4,9.74,33.86
2021-11-03T00:00:00.000Z,1761,6260393,67.32,1865,5758737,61.93,5495,3983675,42.84,0,2,0,56.43,9.74,33.83
2021-11-04T00:00:00.000Z,2108,6262501,67.34,2778,5761515,61.96,7064,3990739,42.91,0,2,0,56.49,9.72,33.79
2021-11-05T00:00:00.000Z,767,6263268,67.35,878,5762393,61.97,3419,3994158,42.95,0,2,0,56.48,9.73,33.78
2021-11-06T00:00:00.000Z,338,6263606,67.36,377,5762770,61.97,1354,3995512,42.97,0,2,0,56.45,9.77,33.77
2021-11-07T00:00:00.000Z,1591,6265197,67.37,1763,5764533,61.99,6097,4001609,43.03,0,2,0,56.53,9.73,33.74
2021-11-08T00:00:00.000Z,1512,6266709,67.39,1570,5766103,62.01,5357,4006966,43.09,0,2,0,56.6,9.68,33.72
2021-11-09T00:00:00.000Z,1431,6268140,67.4,1578,5767681,62.02,5275,4012241,43.15,0,2,0,56.63,9.67,33.7
2021-11-10T00:00:00.000Z,1431,6269571,67.42,1629,5769310,62.04,4705,4016946,43.2,0,2,0,56.66,9.67,33.68
2021-11-11T00:00:00.000Z,1629,6271200,67.44,1925,5771235,62.06,5685,4022631,43.26,3,5,0,56.71,9.64,33.65
2021-11-12T00:00:00.000Z,617,6271817,67.44,800,5772035,62.07,2860,4025491,43.29,1,6,0,56.72,9.64,33.64
2021-11-13T00:00:00.000Z,247,6272064,67.45,277,5772312,62.07,1093,4026584,43.3,0,6,0,56.71,9.66,33.63
2021-11-14T00:00:00.000Z,1545,6273609,67.46,1613,5773925,62.09,5082,4031666,43.35,1,7,0,56.77,9.62,33.61
2021-11-15T00:00:00.000Z,1260,6274869,67.48,1599,5775524,62.11,4730,4036396,43.41,0,7,0,56.83,9.58,33.59
2021-11-16T00:00:00.000Z,1275,6276144,67.49,1386,5776910,62.12,4281,4040677,43.45,0,7,0,56.86,9.57,33.57
2021-11-17T00:00:00.000Z,1209,6277353,67.5,1533,5778443,62.14,3817,4044494,43.49,0,7,0,56.89,9.57,33.55
2021-11-18T00:00:00.000Z,1357,6278710,67.52,1658,5780101,62.16,4946,4049440,43.55,0,7,0,56.93,9.54,33.53
2021-11-19T00:00:00.000Z,580,6279290,67.52,732,5780833,62.16,2393,4051833,43.57,0,7,0,56.94,9.54,33.52
2021-11-20T00:00:00.000Z,228,6279518,67.53,231,5781064,62.17,895,4052728,43.58,1,8,0,56.93,9.56,33.51
2021-11-21T00:00:00.000Z,1430,6280948,67.54,1514,5782578,62.18,4835,4057563,43.63,0,8,0,56.98,9.52,33.5
2021-11-22T00:00:00.000Z,1675,6282623,67.56,1500,5784078,62.2,4167,4061730,43.68,1,9,0,57.04,9.48,33.47
2021-11-23T00:00:00.000Z,8613,6291236,67.65,1662,5785740,62.22,3931,4065661,43.72,0,9,0,57.14,9.46,33.4
2021-11-24T00:00:00.000Z,9354,6300590,67.75,1294,5787034,62.23,3843,4069504,43.76,0,9,0,57.23,9.44,33.33
2021-11-25T00:00:00.000Z,9822,6310412,67.86,1575,5788609,62.25,4771,4074275,43.81,0,9,0,57.31,9.44,33.25
2021-11-26T00:00:00.000Z,5606,6316018,67.92,718,5789327,62.26,2722,4076997,43.84,0,9,0,57.34,9.46,33.21
2021-11-27T00:00:00.000Z,4776,6320794,67.97,310,5789637,62.26,1123,4078120,43.85,0,9,0,57.35,9.48,33.17
2021-11-28T00:00:00.000Z,10155,6330949,68.08,1467,5791104,62.27,4848,4082968,43.91,0,9,0,57.46,9.45,33.09
2021-11-29T00:00:00.000Z,9029,6339978,68.18,1116,5792220,62.29,4294,4087262,43.95,0,9,0,57.57,9.42,33.01
2021-11-30T00:00:00.000Z,10043,6350021,68.28,999,5793219,62.3,4008,4091270,44,0,9,0,57.65,9.42,32.93
2021-12-01T00:00:00.000Z,8621,6358642,68.38,1069,5794288,62.31,4355,4095625,44.04,1,10,0,57.73,9.42,32.86
2021-12-02T00:00:00.000Z,9168,6367810,68.48,1412,5795700,62.32,5018,4100643,44.1,3,13,0,57.82,9.4,32.78
2021-12-03T00:00:00.000Z,6347,6374157,68.54,637,5796337,62.33,2777,4103420,44.13,1,14,0,57.87,9.4,32.73
2021-12-04T00:00:00.000Z,2500,6376657,68.57,228,5796565,62.33,874,4104294,44.14,1,15,0,57.88,9.41,32.71
2021-12-05T00:00:00.000Z,8335,6384992,68.66,1243,5797808,62.35,4648,4108942,44.19,0,15,0,57.98,9.39,32.63
2021-12-06T00:00:00.000Z,6726,6391718,68.73,1177,5798985,62.36,4274,4113216,44.23,1,16,0,58.07,9.36,32.57
2021-12-07T00:00:00.000Z,5550,6397268,68.79,1481,5800466,62.38,3894,4117110,44.27,1,17,0,58.13,9.35,32.52
2021-12-08T00:00:00.000Z,4929,6402197,68.85,1179,5801645,62.39,3775,4120885,44.31,2,19,0,58.19,9.33,32.48
2021-12-09T00:00:00.000Z,6241,6408438,68.91,1215,5802860,62.4,4430,4125315,44.36,1,20,0,58.27,9.31,32.42
2021-12-10T00:00:00.000Z,3001,6411439,68.95,663,5803523,62.41,2600,4127915,44.39,1,21,0,58.31,9.3,32.39
2021-12-11T00:00:00.000Z,1491,6412930,68.96,246,5803769,62.41,965,4128880,44.4,0,21,0,58.32,9.3,32.38
2021-12-12T00:00:00.000Z,7283,6420213,69.04,1427,5805196,62.43,5199,4134079,44.46,0,21,0,58.42,9.27,32.32
2021-12-13T00:00:00.000Z,6171,6426384,69.11,1352,5806548,62.44,4282,4138361,44.5,0,21,0,58.5,9.24,32.26
2021-12-14T00:00:00.000Z,7325,6433709,69.18,6086,5812634,62.51,4855,4143216,44.55,2,23,0,58.59,9.21,32.2
2021-12-15T00:00:00.000Z,7202,6440911,69.26,7384,5820018,62.59,5368,4148584,44.61,0,23,0,58.68,9.18,32.14
2021-12-16T00:00:00.000Z,8077,6448988,69.35,8597,5828615,62.68,6463,4155047,44.68,4,27,0,58.78,9.15,32.07
2021-12-17T00:00:00.000Z,4376,6453364,69.4,5114,5833729,62.73,3840,4158887,44.72,2,29,0,58.83,9.14,32.04
2021-12-18T00:00:00.000Z,3930,6457294,69.44,2897,5836626,62.76,1296,4160183,44.74,0,29,0,58.86,9.14,32.01
2021-12-19T00:00:00.000Z,6983,6464277,69.51,9324,5845950,62.86,6220,4166403,44.8,1,30,0,58.96,9.1,31.94
2021-12-20T00:00:00.000Z,7981,6472258,69.6,7499,5853449,62.95,5320,4171723,44.86,2,32,0,59.05,9.08,31.87
2021-12-21T00:00:00.000Z,9555,6481813,69.7,8630,5862079,63.04,6378,4178101,44.93,1,33,0,59.18,9.05,31.77
2021-12-22T00:00:00.000Z,9667,6491480,69.81,8125,5870204,63.13,6152,4184253,45,5,38,0,59.31,9.03,31.66
2021-12-23T00:00:00.000Z,11551,6503031,69.93,10251,5880455,63.24,8043,4192296,45.08,5,43,0,59.46,9,31.54
2021-12-24T00:00:00.000Z,5892,6508923,69.99,6231,5886686,63.3,5196,4197492,45.14,2,45,0,59.55,8.98,31.47
2021-12-25T00:00:00.000Z,3337,6512260,70.03,2564,5889250,63.33,2009,4199501,45.16,3,48,0,59.59,8.98,31.44
2021-12-26T00:00:00.000Z,10660,6522920,70.14,8905,5898155,63.43,8170,4207671,45.25,3,51,0,59.75,8.93,31.32
2021-12-27T00:00:00.000Z,10372,6533292,70.26,7131,5905286,63.5,8113,4215784,45.33,75,126,0,59.9,8.89,31.21
2021-12-28T00:00:00.000Z,11380,6544672,70.38,7432,5912718,63.58,9550,4225334,45.44,85,211,0,60.05,8.86,31.09
2021-12-29T00:00:00.000Z,9959,6554631,70.49,5950,5918668,63.65,8252,4233586,45.53,4,215,0,60.19,8.83,30.98
2021-12-30T00:00:00.000Z,11025,6565656,70.6,7725,5926393,63.73,12166,4245752,45.66,4,219,0,60.36,8.79,30.86
2021-12-31T00:00:00.000Z,4840,6570496,70.66,3664,5930057,63.77,7240,4252992,45.73,41,260,0,60.44,8.77,30.8
2022-01-01T00:00:00.000Z,1991,6572487,70.68,1587,5931644,63.79,2733,4255725,45.76,3,263,0,60.46,8.76,30.77
2022-01-02T00:00:00.000Z,10222,6582709,70.79,6485,5938129,63.86,12962,4268687,45.9,155,418,0,60.63,8.71,30.66
2022-01-03T00:00:00.000Z,9387,6592096,70.89,5234,5943363,63.91,11265,4279952,46.02,4463,4881,0.05,60.78,8.66,30.56
2022-01-04T00:00:00.000Z,8974,6601070,70.98,5933,5949296,63.98,10432,4290384,46.14,50317,55198,0.59,60.91,8.64,30.46
2022-01-05T00:00:00.000Z,8561,6609631,71.08,5711,5955007,64.04,10399,4300783,46.25,59539,114737,1.23,61.03,8.61,30.37
2022-01-06T00:00:00.000Z,10357,6619988,71.19,7948,5962955,64.12,13445,4314228,46.39,63952,178689,1.92,61.18,8.56,30.26
2022-01-07T00:00:00.000Z,4753,6624741,71.24,4534,5967489,64.17,8081,4322309,46.48,31127,209816,2.26,61.25,8.54,30.21
2022-01-08T00:00:00.000Z,2748,6627489,71.27,2438,5969927,64.2,5453,4327762,46.54,27620,237436,2.55,61.28,8.53,30.19
2022-01-09T00:00:00.000Z,9314,6636803,71.37,7730,5977657,64.28,11829,4339591,46.67,66798,304234,3.27,61.43,8.48,30.09
2022-01-10T00:00:00.000Z,8359,6645162,71.46,7627,5985284,64.36,11793,4351384,46.79,64825,369059,3.97,61.57,8.43,30
2022-01-11T00:00:00.000Z,8106,6653268,71.55,8594,5993878,64.46,11904,4363288,46.92,56667,425726,4.58,61.69,8.4,29.91
2022-01-12T00:00:00.000Z,7240,6660508,71.62,8291,6002169,64.54,11033,4374321,47.04,44592,470318,5.06,61.81,8.35,29.83
2022-01-13T00:00:00.000Z,7516,6668024,71.7,9600,6011769,64.65,11468,4385789,47.16,34746,505064,5.43,62,8.27,29.73
2022-01-14T00:00:00.000Z,2549,6670573,71.73,4919,6016688,64.7,6053,4391842,47.23,11153,516217,5.55,62.08,8.23,29.69
2022-01-15T00:00:00.000Z,1460,6672033,71.75,3154,6019842,64.73,3836,4395678,47.27,5712,521929,5.61,62.12,8.21,29.66
2022-01-16T00:00:00.000Z,3825,6675858,71.79,8512,6028354,64.83,7634,4403312,47.35,19991,541920,5.83,62.26,8.14,29.6
2022-01-17T00:00:00.000Z,2808,6678666,71.82,7037,6035391,64.9,6105,4409417,47.42,17816,559736,6.02,62.4,8.06,29.54
2022-01-18T00:00:00.000Z,2476,6681142,71.85,7359,6042750,64.98,5449,4414866,47.48,14833,574569,6.18,62.53,8,29.47
2022-01-19T00:00:00.000Z,1891,6683033,71.87,6342,6049092,65.05,4457,4419323,47.52,8438,583007,6.27,62.7,7.89,29.41
2022-01-20T00:00:00.000Z,1778,6684811,71.89,6941,6056033,65.12,4730,4424053,47.57,8024,591031,6.36,62.8,7.85,29.35
2022-01-21T00:00:00.000Z,911,6685722,71.89,3705,6059738,65.16,2573,4426626,47.6,3348,594379,6.39,62.92,7.77,29.32
2022-01-22T00:00:00.000Z,329,6686051,71.9,1455,6061193,65.18,1031,4427657,47.61,1110,595489,6.4,63,7.71,29.29
2022-01-23T00:00:00.000Z,1064,6687115,71.91,5614,6066807,65.24,2848,4430505,47.64,6076,601565,6.47,63.13,7.63,29.24
2022-01-24T00:00:00.000Z,750,6687865,71.92,4474,6071281,65.29,2210,4432715,47.67,5051,606616,6.52,63.22,7.58,29.2
2022-01-25T00:00:00.000Z,740,6688605,71.93,4391,6075672,65.33,2142,4434857,47.69,7080,613696,6.6,63.28,7.56,29.17
2022-01-26T00:00:00.000Z,615,6689220,71.93,3272,6078944,65.37,1568,4436425,47.71,4251,617947,6.65,63.37,7.5,29.13
2022-01-27T00:00:00.000Z,794,6690014,71.94,4393,6083337,65.42,1943,4438368,47.73,5426,623373,6.7,63.45,7.46,29.09
2022-01-28T00:00:00.000Z,394,6690408,71.95,2364,6085701,65.44,1116,4439484,47.74,3426,626799,6.74,63.49,7.44,29.06
2022-01-29T00:00:00.000Z,124,6690532,71.95,1035,6086736,65.45,395,4439879,47.74,1158,627957,6.75,63.57,7.39,29.05
2022-01-30T00:00:00.000Z,772,6691304,71.95,4699,6091435,65.5,1989,4441868,47.77,8089,636046,6.84,63.67,7.32,29.01
2022-01-31T00:00:00.000Z,527,6691831,71.96,3169,6094604,65.54,1569,4443437,47.78,6442,642488,6.91,63.76,7.25,28.99
2022-02-01T00:00:00.000Z,471,6692302,71.97,2764,6097368,65.57,1468,4444905,47.8,5680,648168,6.97,63.79,7.24,28.97
2022-02-02T00:00:00.000Z,376,6692678,71.97,2373,6099741,65.59,1309,4446214,47.81,5035,653203,7.02,63.8,7.25,28.95
2022-02-03T00:00:00.000Z,441,6693119,71.97,2768,6102509,65.62,1400,4447614,47.83,5581,658784,7.08,63.83,7.24,28.93
2022-02-04T00:00:00.000Z,173,6693292,71.98,974,6103483,65.63,703,4448317,47.84,2434,661218,7.11,63.86,7.23,28.91
2022-02-05T00:00:00.000Z,61,6693353,71.98,331,6103814,65.64,198,4448515,47.84,416,661634,7.11,63.83,7.26,28.9
2022-02-06T00:00:00.000Z,442,6693795,71.98,2279,6106093,65.66,1317,4449832,47.85,5662,667296,7.18,63.9,7.22,28.88
2022-02-07T00:00:00.000Z,284,6694079,71.98,1292,6107385,65.68,927,4450759,47.86,5924,673220,7.24,63.96,7.18,28.86
2022-02-08T00:00:00.000Z,317,6694396,71.99,1484,6108869,65.69,1011,4451770,47.87,6106,679326,7.31,64.01,7.15,28.85
2022-02-09T00:00:00.000Z,244,6694640,71.99,1079,6109948,65.7,898,4452668,47.88,4521,683847,7.35,64.04,7.12,28.83
2022-02-10T00:00:00.000Z,270,6694910,71.99,1277,6111225,65.72,887,4453555,47.89,4741,688588,7.4,64.08,7.1,28.82
2022-02-11T00:00:00.000Z,44,6694954,71.99,85,6111310,65.72,78,4453633,47.89,228,688816,7.41,64.1,7.09,28.81
