Day_Date,vaccinated,vaccinated_cum,vaccinated_population_perc,vaccinated_seconde_dose,vaccinated_seconde_dose_cum,vaccinated_seconde_dose_population_perc,vaccinated_third_dose,vaccinated_third_dose_cum,vaccinated_third_dose_population_perc,vaccinated_fourth_dose,vaccinated_fourth_dose_cum,vaccinated_fourth_dose_population_perc,vaccinated_validity_perc,vaccinated_expired_perc,not_vaccinated_perc
2020-12-19T00:00:00.000Z,46,68,0,0,4,0,0,0,0,0,0,0,0,0,100
2020-12-20T00:00:00.000Z,7391,7459,0.08,0,4,0,0,0,0,0,0,0,0,0,100
2020-12-21T00:00:00.000Z,24919,32378,0.35,0,4,0,0,0,0,0,0,0,0,0,100
2020-12-22T00:00:00.000Z,44656,77034,0.83,0,4,0,0,0,0,0,0,0,0,0,100
2020-12-23T00:00:00.000Z,62904,139938,1.5,0,4,0,0,0,0,0,0,0,0,0,100
2020-12-24T00:00:00.000Z,73420,213358,2.29,0,4,0,0,0,0,0,0,0,0,0,100
2020-12-25T00:00:00.000Z,38505,251863,2.71,0,4,0,0,0,0,0,0,0,0,0,100
2020-12-26T00:00:00.000Z,32612,284475,3.06,0,4,0,0,0,0,0,0,0,0,0,100
2020-12-27T00:00:00.000Z,104552,389027,4.18,0,4,0,0,0,0,0,0,0,0,0,100
2020-12-28T00:00:00.000Z,135002,524029,5.64,0,4,0,0,0,0,0,0,0,0,0,100
2020-12-29T00:00:00.000Z,156275,680304,7.32,2,6,0,0,0,0,0,0,0,0,0,100
2020-12-30T00:00:00.000Z,153134,833438,8.96,0,6,0,0,0,0,0,0,0,0,0,100
2020-12-31T00:00:00.000Z,158533,991971,10.67,0,6,0,0,0,0,0,0,0,0,0,100
2021-01-01T00:00:00.000Z,71408,1063379,11.44,0,6,0,0,0,0,0,0,0,0,0,100
2021-01-02T00:00:00.000Z,71719,1135098,12.21,0,6,0,0,0,0,0,0,0,0,0,100
2021-01-03T00:00:00.000Z,149716,1284814,13.82,0,6,0,0,0,0,0,0,0,0,0,100
2021-01-04T00:00:00.000Z,152160,1436974,15.45,1,7,0,0,0,0,0,0,0,0,0,100
2021-01-05T00:00:00.000Z,125162,1562136,16.8,3,10,0,0,0,0,0,0,0,0,0,100
2021-01-06T00:00:00.000Z,103318,1665454,17.91,2,12,0,0,0,0,0,0,0,0,0,100
2021-01-07T00:00:00.000Z,116011,1781465,19.16,9,21,0,0,0,0,0,0,0,0,0,100
2021-01-08T00:00:00.000Z,66433,1847898,19.87,4,25,0,0,0,0,0,0,0,0,0,100
2021-01-09T00:00:00.000Z,44528,1892426,20.35,24,49,0,0,0,0,0,0,0,0,0,100
2021-01-10T00:00:00.000Z,37628,1930054,20.75,5999,6048,0.07,0,0,0,0,0,0,0,0,100
2021-01-11T00:00:00.000Z,21155,1951209,20.98,19261,25309,0.27,0,0,0,0,0,0,0,0,100
2021-01-12T00:00:00.000Z,24056,1975265,21.24,35666,60975,0.66,0,0,0,0,0,0,0,0,100
2021-01-13T00:00:00.000Z,52048,2027313,21.8,56866,117841,1.27,0,0,0,0,0,0,0,0,100
2021-01-14T00:00:00.000Z,56446,2083759,22.41,68830,186671,2.01,0,0,0,0,0,0,0,0,100
2021-01-15T00:00:00.000Z,30754,2114513,22.74,35930,222601,2.39,0,0,0,0,0,0,0,0,100
2021-01-16T00:00:00.000Z,29465,2143978,23.06,26004,248605,2.67,0,0,0,0,0,0,0,0,100
2021-01-17T00:00:00.000Z,68417,2212395,23.79,84586,333191,3.58,0,0,0,0,0,0,0.31,0,99.69
2021-01-18T00:00:00.000Z,69784,2282179,24.54,120410,453601,4.88,0,0,0,0,0,0,0.58,0,99.42
2021-01-19T00:00:00.000Z,72867,2355046,25.32,137811,591412,6.36,0,0,0,0,0,0,1.09,0,98.91
2021-01-20T00:00:00.000Z,76878,2431924,26.15,143736,735148,7.91,0,0,0,0,0,0,1.9,0,98.1
2021-01-21T00:00:00.000Z,69968,2501892,26.9,164415,899563,9.67,0,0,0,0,0,0,2.88,0,97.12
2021-01-22T00:00:00.000Z,37908,2539800,27.31,71114,970677,10.44,0,0,0,0,0,0,3.39,0,96.61
2021-01-23T00:00:00.000Z,39958,2579758,27.74,53571,1024248,11.01,0,0,0,0,0,0,3.77,0,96.23
2021-01-24T00:00:00.000Z,69124,2648882,28.48,140674,1164922,12.53,0,0,0,0,0,0,4.96,0,95.04
2021-01-25T00:00:00.000Z,80927,2729809,29.35,139488,1304410,14.03,0,0,0,0,0,0,6.61,0,93.39
2021-01-26T00:00:00.000Z,78699,2808508,30.2,126396,1430806,15.39,0,0,0,0,0,0,8.45,0,91.55
2021-01-27T00:00:00.000Z,77946,2886454,31.04,125031,1555837,16.73,0,0,0,0,0,0,10.34,0,89.66
2021-01-28T00:00:00.000Z,79546,2966000,31.89,130591,1686428,18.14,0,0,0,0,0,0,12.43,0,87.57
2021-01-29T00:00:00.000Z,36681,3002681,32.29,64773,1751201,18.83,0,0,0,0,0,0,13.34,0,86.66
2021-01-30T00:00:00.000Z,34388,3037069,32.66,42753,1793954,19.29,0,0,0,0,0,0,14.02,0,85.98
2021-01-31T00:00:00.000Z,73314,3110383,33.45,59485,1853439,19.93,0,0,0,0,0,0,15.76,0,84.24
2021-02-01T00:00:00.000Z,82476,3192859,34.33,35338,1888777,20.31,0,0,0,0,0,0,17.48,0,82.52
2021-02-02T00:00:00.000Z,70073,3262932,35.09,31056,1919833,20.64,0,0,0,0,0,0,19.01,0,80.99
2021-02-03T00:00:00.000Z,60280,3323212,35.74,51423,1971256,21.2,0,0,0,0,0,0,20.47,0,79.53
2021-02-04T00:00:00.000Z,72601,3395813,36.52,58075,2029331,21.82,0,0,0,0,0,0,22,0,78
2021-02-05T00:00:00.000Z,33924,3429737,36.88,28790,2058121,22.13,0,0,0,0,0,0,22.75,0,77.25
2021-02-06T00:00:00.000Z,21610,3451347,37.11,22227,2080348,22.37,0,0,0,0,0,0,23.23,0,76.77
2021-02-07T00:00:00.000Z,54068,3505415,37.7,68720,2149068,23.11,0,0,0,0,0,0,23.99,0,76.01
2021-02-08T00:00:00.000Z,58621,3564036,38.33,65447,2214515,23.81,0,0,0,0,0,0,24.52,0,75.48
2021-02-09T00:00:00.000Z,66323,3630359,39.04,67555,2282070,24.54,0,0,0,0,0,0,25.04,0,74.96
2021-02-10T00:00:00.000Z,70544,3700903,39.8,72289,2354359,25.32,0,0,0,0,0,0,25.77,0,74.23
2021-02-11T00:00:00.000Z,81144,3782047,40.67,72084,2426443,26.09,0,0,0,0,0,0,26.61,0,73.39
2021-02-12T00:00:00.000Z,39087,3821134,41.09,37573,2464016,26.5,0,0,0,0,0,0,27.02,0,72.98
2021-02-13T00:00:00.000Z,27456,3848590,41.39,30432,2494448,26.82,0,0,0,0,0,0,27.33,0,72.67
2021-02-14T00:00:00.000Z,74903,3923493,42.19,69068,2563516,27.57,0,0,0,0,0,0,28.25,0,71.75
2021-02-15T00:00:00.000Z,81528,4005021,43.07,75689,2639205,28.38,0,0,0,0,0,0,29.17,0,70.83
2021-02-16T00:00:00.000Z,83406,4088427,43.96,78272,2717477,29.22,0,0,0,0,0,0,30.11,0,69.89
2021-02-17T00:00:00.000Z,61961,4150388,44.63,75614,2793091,30.04,0,0,0,0,0,0,31.01,0,68.99
2021-02-18T00:00:00.000Z,69140,4219528,45.37,79715,2872806,30.89,0,0,0,0,0,0,31.94,0,68.06
2021-02-19T00:00:00.000Z,39656,4259184,45.8,38140,2910946,31.3,0,0,0,0,0,0,32.45,0,67.55
2021-02-20T00:00:00.000Z,31644,4290828,46.14,28720,2939666,31.61,0,0,0,0,0,0,32.85,0,67.15
2021-02-21T00:00:00.000Z,79415,4370243,47,78427,3018093,32.46,0,0,0,0,0,0,33.8,0,66.2
2021-02-22T00:00:00.000Z,85044,4455287,47.91,80578,3098671,33.32,0,0,0,0,0,0,34.83,0,65.17
2021-02-23T00:00:00.000Z,77317,4532604,48.74,70462,3169133,34.08,0,0,0,0,0,0,35.84,0,64.16
2021-02-24T00:00:00.000Z,61052,4593656,49.4,63117,3232250,34.76,0,0,0,0,0,0,36.76,0,63.24
2021-02-25T00:00:00.000Z,51713,4645369,49.95,64784,3297034,35.45,0,0,0,0,0,0,37.66,0,62.34
2021-02-26T00:00:00.000Z,25899,4671268,50.23,32024,3329058,35.8,0,0,0,0,0,0,38.1,0,61.9
2021-02-27T00:00:00.000Z,18342,4689610,50.43,21192,3350250,36.03,0,0,0,0,0,0,38.42,0,61.58
2021-02-28T00:00:00.000Z,40346,4729956,50.86,55862,3406112,36.63,0,0,0,0,0,0,39.24,0,60.76
2021-03-01T00:00:00.000Z,45720,4775676,51.36,61426,3467538,37.29,0,0,0,0,0,0,40.1,0,59.9
2021-03-02T00:00:00.000Z,41179,4816855,51.8,64775,3532313,37.98,0,0,0,0,0,0,40.85,0,59.15
2021-03-03T00:00:00.000Z,42014,4858869,52.25,66761,3599074,38.7,0,0,0,0,0,0,41.55,0,58.45
2021-03-04T00:00:00.000Z,39691,4898560,52.68,79102,3678176,39.55,0,0,0,0,0,0,42.24,0,57.76
2021-03-05T00:00:00.000Z,17344,4915904,52.86,40452,3718628,39.99,0,0,0,0,0,0,42.57,0,57.43
2021-03-06T00:00:00.000Z,10709,4926613,52.98,25341,3743969,40.26,0,0,0,0,0,0,42.78,0,57.22
2021-03-07T00:00:00.000Z,31139,4957752,53.31,72835,3816804,41.04,0,0,0,0,0,0,43.36,0,56.64
2021-03-08T00:00:00.000Z,27370,4985122,53.61,73277,3890081,41.83,0,0,0,0,0,0,43.97,0,56.03
2021-03-09T00:00:00.000Z,26734,5011856,53.9,76586,3966667,42.66,0,0,0,0,0,0,44.62,0,55.38
2021-03-10T00:00:00.000Z,23344,5035200,54.15,58671,4025338,43.29,0,0,0,0,0,0,45.27,0,54.73
2021-03-11T00:00:00.000Z,23292,5058492,54.4,69077,4094415,44.03,0,0,0,0,0,0,45.99,0,54.01
2021-03-12T00:00:00.000Z,11271,5069763,54.52,41401,4135816,44.47,0,0,0,0,0,0,46.34,0,53.66
2021-03-13T00:00:00.000Z,7936,5077699,54.6,25235,4161051,44.75,0,0,0,0,0,0,46.57,0,53.43
2021-03-14T00:00:00.000Z,20973,5098672,54.83,73925,4234976,45.54,0,0,0,0,0,0,47.2,0,52.8
2021-03-15T00:00:00.000Z,20130,5118802,55.05,78264,4313240,46.38,0,0,0,0,0,0,47.81,0,52.19
2021-03-16T00:00:00.000Z,18736,5137538,55.25,71468,4384708,47.15,0,0,0,0,0,0,48.43,0,51.57
2021-03-17T00:00:00.000Z,17686,5155224,55.44,58993,4443701,47.79,0,0,0,0,0,0,48.92,0,51.08
2021-03-18T00:00:00.000Z,16032,5171256,55.61,58118,4501819,48.41,0,0,0,0,0,0,49.45,0,50.55
2021-03-19T00:00:00.000Z,6937,5178193,55.68,27969,4529788,48.71,0,0,0,0,0,0,49.75,0,50.25
2021-03-20T00:00:00.000Z,5214,5183407,55.74,15290,4545078,48.88,0,0,0,0,0,0,49.93,0,50.07
2021-03-21T00:00:00.000Z,13155,5196562,55.88,40493,4585571,49.31,0,0,0,0,0,0,50.46,0,49.54
2021-03-22T00:00:00.000Z,13562,5210124,56.03,40525,4626096,49.75,0,0,0,0,0,0,51,0,49
2021-03-23T00:00:00.000Z,2822,5212946,56.06,7286,4633382,49.83,0,0,0,0,0,0,51.43,0,48.57
2021-03-24T00:00:00.000Z,10986,5223932,56.18,46542,4679924,50.33,0,0,0,0,0,0,51.84,0,48.16
2021-03-25T00:00:00.000Z,10235,5234167,56.29,35415,4715339,50.71,0,0,0,0,0,0,52.22,0,47.78
2021-03-26T00:00:00.000Z,4172,5238339,56.33,13324,4728663,50.85,0,0,0,0,0,0,52.4,0,47.6
2021-03-27T00:00:00.000Z,1777,5240116,56.35,4263,4732926,50.9,0,0,0,0,0,0,52.5,0,47.5
2021-03-28T00:00:00.000Z,2099,5242215,56.37,4601,4737527,50.94,0,0,0,0,0,0,52.74,0,47.26
2021-03-29T00:00:00.000Z,6894,5249109,56.45,30002,4767529,51.27,0,0,0,0,0,0,53,0,47
2021-03-30T00:00:00.000Z,7871,5256980,56.53,22435,4789964,51.51,0,0,0,0,0,0,53.08,0,46.92
2021-03-31T00:00:00.000Z,8136,5265116,56.62,19474,4809438,51.72,0,0,0,0,0,0,53.38,0,46.62
2021-04-01T00:00:00.000Z,8185,5273301,56.71,18684,4828122,51.92,0,0,0,0,0,0,53.62,0,46.38
2021-04-02T00:00:00.000Z,2916,5276217,56.74,8120,4836242,52.01,0,0,0,0,0,0,53.71,0,46.29
2021-04-03T00:00:00.000Z,1420,5277637,56.75,2965,4839207,52.04,0,0,0,0,0,0,53.74,0,46.26
2021-04-04T00:00:00.000Z,9611,5287248,56.86,22822,4862029,52.28,0,0,0,0,0,0,53.82,0,46.18
2021-04-05T00:00:00.000Z,10337,5297585,56.97,21262,4883291,52.51,0,0,0,0,0,0,54.04,0,45.96
2021-04-06T00:00:00.000Z,9005,5306590,57.06,16776,4900067,52.69,0,0,0,0,0,0,54.21,0,45.79
2021-04-07T00:00:00.000Z,8902,5315492,57.16,15290,4915357,52.86,0,0,0,0,0,0,54.36,0,45.64
2021-04-08T00:00:00.000Z,9403,5324895,57.26,16991,4932348,53.04,0,0,0,0,0,0,54.52,0,45.48
2021-04-09T00:00:00.000Z,3586,5328481,57.3,6232,4938580,53.11,0,0,0,0,0,0,54.58,0,45.42
2021-04-10T00:00:00.000Z,1626,5330107,57.32,3510,4942090,53.14,0,0,0,0,0,0,54.61,0,45.39
2021-04-11T00:00:00.000Z,9023,5339130,57.41,14238,4956328,53.3,0,0,0,0,0,0,54.78,0,45.22
2021-04-12T00:00:00.000Z,8923,5348053,57.51,13218,4969546,53.44,0,0,0,0,0,0,54.95,0,45.05
2021-04-13T00:00:00.000Z,5825,5353878,57.57,4940,4974486,53.49,0,0,0,0,0,0,55.08,0,44.92
2021-04-14T00:00:00.000Z,3630,5357508,57.61,5292,4979778,53.55,0,0,0,0,0,0,55.18,0,44.82
2021-04-15T00:00:00.000Z,679,5358187,57.62,566,4980344,53.56,0,0,0,0,0,0,55.27,0,44.73
2021-04-16T00:00:00.000Z,3397,5361584,57.66,6631,4986975,53.63,0,0,0,0,0,0,55.33,0,44.67
2021-04-17T00:00:00.000Z,809,5362393,57.66,1967,4988942,53.65,0,0,0,0,0,0,55.35,0,44.65
2021-04-18T00:00:00.000Z,7088,5369481,57.74,7425,4996367,53.73,0,0,0,0,0,0,55.47,0,44.53
2021-04-19T00:00:00.000Z,6388,5375869,57.81,7107,5003474,53.8,0,0,0,0,0,0,55.58,0,44.42
2021-04-20T00:00:00.000Z,6266,5382135,57.88,6867,5010341,53.88,0,0,0,0,0,0,55.65,0,44.35
2021-04-21T00:00:00.000Z,6363,5388498,57.95,7086,5017427,53.95,0,0,0,0,0,0,55.71,0,44.29
2021-04-22T00:00:00.000Z,5926,5394424,58.01,7671,5025098,54.04,0,0,0,0,0,0,55.75,0,44.25
2021-04-23T00:00:00.000Z,2747,5397171,58.04,3369,5028467,54.07,0,0,0,0,0,0,55.8,0,44.2
2021-04-24T00:00:00.000Z,760,5397931,58.05,1281,5029748,54.09,0,0,0,0,0,0,55.82,0,44.18
2021-04-25T00:00:00.000Z,4823,5402754,58.1,6910,5036658,54.16,0,0,0,0,0,0,55.89,0,44.11
2021-04-26T00:00:00.000Z,5465,5408219,58.16,7873,5044531,54.25,0,0,0,0,0,0,55.96,0,44.04
2021-04-27T00:00:00.000Z,4494,5412713,58.21,6612,5051143,54.32,0,0,0,0,0,0,56.03,0,43.97
2021-04-28T00:00:00.000Z,4476,5417189,58.25,7298,5058441,54.4,0,0,0,0,0,0,56.09,0,43.91
2021-04-29T00:00:00.000Z,4351,5421540,58.3,7272,5065713,54.47,0,0,0,0,0,0,56.16,0,43.84
2021-04-30T00:00:00.000Z,1909,5423449,58.32,3176,5068889,54.51,0,0,0,0,0,0,56.19,0,43.81
2021-05-01T00:00:00.000Z,451,5423900,58.33,889,5069778,54.52,0,0,0,0,0,0,56.2,0,43.8
2021-05-02T00:00:00.000Z,3216,5427116,58.36,6077,5075855,54.58,0,0,0,0,0,0,56.26,0,43.74
2021-05-03T00:00:00.000Z,3535,5430651,58.4,5810,5081665,54.65,0,0,0,0,0,0,56.32,0,43.68
2021-05-04T00:00:00.000Z,3572,5434223,58.44,4712,5086377,54.7,0,0,0,0,0,0,56.38,0,43.62
2021-05-05T00:00:00.000Z,3275,5437498,58.47,4072,5090449,54.74,0,0,0,0,0,0,56.44,0,43.56
2021-05-06T00:00:00.000Z,3628,5441126,58.51,3131,5093580,54.77,0,0,0,0,0,0,56.5,0,43.5
2021-05-07T00:00:00.000Z,1815,5442941,58.53,2489,5096069,54.8,0,0,0,0,0,0,56.52,0,43.48
2021-05-08T00:00:00.000Z,231,5443172,58.53,497,5096566,54.81,0,0,0,0,0,0,56.53,0,43.47
2021-05-09T00:00:00.000Z,2840,5446012,58.56,4744,5101310,54.86,0,0,0,0,0,0,56.58,0,43.42
2021-05-10T00:00:00.000Z,2887,5448899,58.59,4690,5106000,54.91,0,0,0,0,0,0,56.63,0,43.37
2021-05-11T00:00:00.000Z,2610,5451509,58.62,3864,5109864,54.95,0,0,0,0,0,0,56.67,0,43.33
2021-05-12T00:00:00.000Z,2010,5453519,58.64,3324,5113188,54.98,0,0,0,0,0,0,56.7,0,43.3
2021-05-13T00:00:00.000Z,2030,5455549,58.67,3664,5116852,55.02,0,0,0,0,0,0,56.73,0,43.27
2021-05-14T00:00:00.000Z,961,5456510,58.68,1478,5118330,55.04,0,0,0,0,0,0,56.75,0,43.25
2021-05-15T00:00:00.000Z,242,5456752,58.68,249,5118579,55.04,0,0,0,0,0,0,56.75,0,43.25
2021-05-16T00:00:00.000Z,524,5457276,58.68,1199,5119778,55.06,0,0,0,0,0,0,56.78,0,43.22
2021-05-17T00:00:00.000Z,288,5457564,58.69,832,5120610,55.06,0,0,0,0,0,0,56.81,0,43.19
2021-05-18T00:00:00.000Z,1949,5459513,58.71,4923,5125533,55.12,0,0,0,0,0,0,56.84,0,43.16
2021-05-19T00:00:00.000Z,2211,5461724,58.73,5029,5130562,55.17,0,0,0,0,0,0,56.87,0,43.13
2021-05-20T00:00:00.000Z,2301,5464025,58.76,3864,5134426,55.21,0,0,0,0,0,0,56.9,0,43.1
2021-05-21T00:00:00.000Z,1175,5465200,58.77,1390,5135816,55.23,0,0,0,0,0,0,56.92,0,43.08
2021-05-22T00:00:00.000Z,204,5465404,58.77,386,5136202,55.23,0,0,0,0,0,0,56.92,0,43.08
2021-05-23T00:00:00.000Z,2267,5467671,58.8,3212,5139414,55.27,0,0,0,0,0,0,56.94,0,43.06
2021-05-24T00:00:00.000Z,2113,5469784,58.82,3588,5143002,55.31,0,0,0,0,0,0,56.96,0,43.04
2021-05-25T00:00:00.000Z,1809,5471593,58.84,2573,5145575,55.33,0,0,0,0,0,0,56.99,0,43.01
2021-05-26T00:00:00.000Z,1394,5472987,58.85,2489,5148064,55.36,0,0,0,0,0,0,57.03,0,42.97
2021-05-27T00:00:00.000Z,1830,5474817,58.87,3171,5151235,55.39,0,0,0,0,0,0,57.06,0,42.94
2021-05-28T00:00:00.000Z,764,5475581,58.88,1394,5152629,55.41,0,0,0,0,0,0,57.07,0,42.93
2021-05-29T00:00:00.000Z,177,5475758,58.88,220,5152849,55.41,0,0,0,0,0,0,57.07,0,42.93
2021-05-30T00:00:00.000Z,1630,5477388,58.9,1925,5154774,55.43,0,0,0,0,0,0,57.1,0,42.9
2021-05-31T00:00:00.000Z,1717,5479105,58.92,2084,5156858,55.45,0,0,0,0,0,0,57.13,0,42.87
2021-06-01T00:00:00.000Z,1360,5480465,58.93,1812,5158670,55.47,0,0,0,0,0,0,57.47,0,42.53
2021-06-02T00:00:00.000Z,1490,5481955,58.95,1597,5160267,55.49,0,0,0,0,0,0,57.25,0,42.75
2021-06-03T00:00:00.000Z,1666,5483621,58.97,1479,5161746,55.51,0,0,0,0,0,0,57.27,0,42.73
2021-06-04T00:00:00.000Z,1074,5484695,58.98,767,5162513,55.52,0,0,0,0,0,0,57.28,0,42.72
2021-06-05T00:00:00.000Z,177,5484872,58.98,151,5162664,55.52,0,0,0,0,0,0,57.29,0,42.71
2021-06-06T00:00:00.000Z,4275,5489147,59.03,995,5163659,55.53,0,0,0,0,0,0,57.31,0,42.69
2021-06-07T00:00:00.000Z,4415,5493562,59.08,802,5164461,55.54,0,0,0,0,0,0,57.34,0,42.66
2021-06-08T00:00:00.000Z,3725,5497287,59.12,1157,5165618,55.55,0,0,0,0,0,0,57.36,0,42.64
2021-06-09T00:00:00.000Z,3595,5500882,59.15,1305,5166923,55.56,0,0,0,0,0,0,57.4,0,42.6
2021-06-10T00:00:00.000Z,3341,5504223,59.19,1285,5168208,55.58,0,0,0,0,0,0,57.42,0,42.58
2021-06-11T00:00:00.000Z,1377,5505600,59.2,571,5168779,55.58,0,0,0,0,0,0,57.43,0,42.57
2021-06-12T00:00:00.000Z,209,5505809,59.21,165,5168944,55.58,0,0,0,0,0,0,57.43,0,42.57
2021-06-13T00:00:00.000Z,3093,5508902,59.24,1251,5170195,55.6,0,0,0,0,0,0,57.45,0,42.55
2021-06-14T00:00:00.000Z,3041,5511943,59.27,1519,5171714,55.61,0,0,0,0,0,0,57.46,0,42.54
2021-06-15T00:00:00.000Z,3125,5515068,59.31,1359,5173073,55.63,0,0,0,0,0,0,57.48,0,42.52
2021-06-16T00:00:00.000Z,2709,5517777,59.34,985,5174058,55.64,0,0,0,0,0,0,57.49,0,42.51
2021-06-17T00:00:00.000Z,2714,5520491,59.36,1185,5175243,55.65,0,0,0,0,0,0,57.51,0,42.49
2021-06-18T00:00:00.000Z,1247,5521738,59.38,486,5175729,55.66,0,0,0,0,0,0,57.52,0,42.48
2021-06-19T00:00:00.000Z,223,5521961,59.38,135,5175864,55.66,0,0,0,0,0,0,57.52,0,42.48
2021-06-20T00:00:00.000Z,3308,5525269,59.42,1322,5177186,55.67,0,0,0,0,0,0,57.54,0,42.46
2021-06-21T00:00:00.000Z,5231,5530500,59.47,1199,5178385,55.69,0,0,0,0,0,0,57.56,0,42.44
2021-06-22T00:00:00.000Z,6909,5537409,59.55,1089,5179474,55.7,0,0,0,0,0,0,57.58,0,42.42
2021-06-23T00:00:00.000Z,10722,5548131,59.66,1280,5180754,55.71,0,0,0,0,0,0,57.6,0,42.4
2021-06-24T00:00:00.000Z,12019,5560150,59.79,1449,5182203,55.73,0,0,0,0,0,0,57.62,0,42.38
2021-06-25T00:00:00.000Z,7085,5567235,59.87,922,5183125,55.74,0,0,0,0,0,0,57.62,0,42.38
2021-06-26T00:00:00.000Z,2260,5569495,59.89,190,5183315,55.74,0,0,0,0,0,0,57.63,0,42.37
2021-06-27T00:00:00.000Z,13617,5583112,60.04,3430,5186745,55.78,0,0,0,0,0,0,57.65,0,42.35
2021-06-28T00:00:00.000Z,14502,5597614,60.19,3663,5190408,55.82,0,0,0,0,0,0,57.68,0,42.32
2021-06-29T00:00:00.000Z,16693,5614307,60.37,3722,5194130,55.86,0,0,0,0,0,0,57.69,0,42.31
2021-06-30T00:00:00.000Z,16462,5630769,60.55,3381,5197511,55.89,0,0,0,0,0,0,57.72,0,42.28
2021-07-01T00:00:00.000Z,16796,5647565,60.73,3359,5200870,55.93,91,91,0,0,0,0,57.78,0,42.22
2021-07-02T00:00:00.000Z,9818,5657383,60.84,1583,5202453,55.94,5,96,0,0,0,0,57.79,0,42.21
2021-07-03T00:00:00.000Z,2660,5660043,60.87,293,5202746,55.95,1,97,0,0,0,0,57.79,0,42.21
2021-07-04T00:00:00.000Z,17720,5677763,61.06,3152,5205898,55.98,1,98,0,0,0,0,57.85,0,42.15
2021-07-05T00:00:00.000Z,17838,5695601,61.25,3030,5208928,56.01,6,104,0,0,0,0,57.91,0,42.09
2021-07-06T00:00:00.000Z,17826,5713427,61.44,3394,5212322,56.05,10,114,0,0,0,0,57.99,0,42.01
2021-07-07T00:00:00.000Z,15505,5728932,61.61,2681,5215003,56.08,12,126,0,0,0,0,58.05,0,41.95
2021-07-08T00:00:00.000Z,16569,5745501,61.78,2855,5217858,56.11,17,143,0,0,0,0,58.12,0,41.88
2021-07-09T00:00:00.000Z,11113,5756614,61.9,1514,5219372,56.13,3,146,0,0,0,0,58.15,0,41.85
2021-07-10T00:00:00.000Z,4973,5761587,61.96,375,5219747,56.13,5,151,0,0,0,0,58.15,0,41.85
2021-07-11T00:00:00.000Z,1452,5763039,61.97,2842,5222589,56.16,6,157,0,0,0,0,58.22,0,41.78
2021-07-12T00:00:00.000Z,2409,5765448,62,3667,5226256,56.2,52,209,0,0,0,0,58.29,0,41.71
2021-07-13T00:00:00.000Z,2945,5768393,62.03,5440,5231696,56.26,124,333,0,0,0,0,58.36,0,41.64
2021-07-14T00:00:00.000Z,2725,5771118,62.06,7501,5239197,56.34,441,774,0.01,0,0,0,58.42,0,41.58
2021-07-15T00:00:00.000Z,2975,5774093,62.09,9270,5248467,56.44,374,1148,0.01,0,0,0,58.5,0,41.5
2021-07-16T00:00:00.000Z,1268,5775361,62.11,5869,5254336,56.5,65,1213,0.01,0,0,0,58.54,0,41.46
2021-07-17T00:00:00.000Z,355,5775716,62.11,1381,5255717,56.52,7,1220,0.01,0,0,0,58.55,0,41.44
2021-07-18T00:00:00.000Z,2054,5777770,62.13,9763,5265480,56.62,235,1455,0.02,0,0,0,58.6,0,41.4
2021-07-19T00:00:00.000Z,3191,5780961,62.17,11330,5276810,56.74,459,1914,0.02,0,0,0,58.65,0,41.35
2021-07-20T00:00:00.000Z,2661,5783622,62.19,11892,5288702,56.87,371,2285,0.02,0,0,0,58.72,0,41.28
2021-07-21T00:00:00.000Z,2376,5785998,62.22,11857,5300559,57,323,2608,0.03,0,0,0,58.81,0,41.19
2021-07-22T00:00:00.000Z,2857,5788855,62.25,13242,5313801,57.14,390,2998,0.03,0,0,0,58.93,0,41.07
2021-07-23T00:00:00.000Z,2015,5790870,62.27,8214,5322015,57.23,105,3103,0.03,0,0,0,58.99,0,41.01
2021-07-24T00:00:00.000Z,625,5791495,62.28,1470,5323485,57.25,6,3109,0.03,0,0,0,58.99,0,41
2021-07-25T00:00:00.000Z,4408,5795903,62.33,15480,5338965,57.41,223,3332,0.04,0,0,0,59.1,0,40.89
2021-07-26T00:00:00.000Z,5152,5801055,62.38,13509,5352474,57.56,322,3654,0.04,0,0,0,59.24,0,40.75
2021-07-27T00:00:00.000Z,5471,5806526,62.44,13546,5366020,57.7,413,4067,0.04,0,0,0,59.37,0.01,40.62
2021-07-28T00:00:00.000Z,3975,5810501,62.48,12318,5378338,57.84,470,4537,0.05,0,0,0,59.5,0.01,40.49
2021-07-29T00:00:00.000Z,4643,5815144,62.53,14161,5392499,57.99,529,5066,0.05,0,0,0,59.65,0.01,40.33
2021-07-30T00:00:00.000Z,2638,5817782,62.56,10835,5403334,58.1,4117,9183,0.1,0,0,0,59.74,0.02,40.25
2021-07-31T00:00:00.000Z,1395,5819177,62.58,3540,5406874,58.14,6156,15339,0.16,0,0,0,59.75,0.02,40.23
2021-08-01T00:00:00.000Z,3067,5822244,62.61,3351,5410225,58.18,31042,46381,0.5,0,0,0,59.91,0.02,40.06
2021-08-02T00:00:00.000Z,3114,5825358,62.64,3157,5413382,58.21,58503,104884,1.13,0,0,0,60.06,0.03,39.91
2021-08-03T00:00:00.000Z,3372,5828730,62.68,3302,5416684,58.25,78949,183833,1.98,0,0,0,60.21,0.03,39.76
2021-08-04T00:00:00.000Z,3513,5832243,62.72,3233,5419917,58.28,80757,264590,2.85,0,0,0,60.34,0.03,39.63
2021-08-05T00:00:00.000Z,4494,5836737,62.77,3552,5423469,58.32,88436,353026,3.8,0,0,0,60.49,0.04,39.47
2021-08-06T00:00:00.000Z,2409,5839146,62.79,1835,5425304,58.34,44738,397764,4.28,0,0,0,60.6,0.04,39.36
2021-08-07T00:00:00.000Z,1018,5840164,62.8,670,5425974,58.35,27348,425112,4.57,0,0,0,60.63,0.04,39.32
2021-08-08T00:00:00.000Z,4992,5845156,62.86,3061,5429035,58.38,80080,505192,5.43,0,0,0,60.68,0.04,39.28
2021-08-09T00:00:00.000Z,5329,5850485,62.91,3036,5432071,58.41,76480,581672,6.25,0,0,0,60.72,0.04,39.24
2021-08-10T00:00:00.000Z,5539,5856024,62.97,3179,5435250,58.45,75418,657090,7.07,0,0,0,60.75,0.04,39.2
2021-08-11T00:00:00.000Z,5676,5861700,63.03,2930,5438180,58.48,62628,719718,7.74,0,0,0,60.79,0.04,39.17
2021-08-12T00:00:00.000Z,7015,5868715,63.11,3273,5441453,58.51,59456,779174,8.38,0,0,0,60.83,0.04,39.12
2021-08-13T00:00:00.000Z,3798,5872513,63.15,2051,5443504,58.54,43860,823034,8.85,0,0,0,60.84,0.05,39.11
2021-08-14T00:00:00.000Z,2246,5874759,63.17,843,5444347,58.55,44478,867512,9.33,0,0,0,60.85,0.05,39.1
2021-08-15T00:00:00.000Z,7152,5881911,63.25,4520,5448867,58.59,97955,965467,10.38,0,0,0,60.89,0.05,39.06
2021-08-16T00:00:00.000Z,6972,5888883,63.33,4729,5453596,58.65,89505,1054972,11.34,0,0,0,60.92,0.04,39.03
2021-08-17T00:00:00.000Z,7572,5896455,63.41,5119,5458715,58.7,83297,1138269,12.24,0,0,0,60.96,0.04,39
2021-08-18T00:00:00.000Z,8631,5905086,63.5,4597,5463312,58.75,69245,1207514,12.98,0,0,0,60.99,0.04,38.96
2021-08-19T00:00:00.000Z,10067,5915153,63.61,5199,5468511,58.81,65961,1273475,13.69,0,0,0,61.03,0.04,38.92
2021-08-20T00:00:00.000Z,4750,5919903,63.66,2799,5471310,58.84,60435,1333910,14.34,0,0,0,61.05,0.05,38.9
2021-08-21T00:00:00.000Z,3493,5923396,63.7,1564,5472874,58.85,50710,1384620,14.89,0,0,0,61.06,0.05,38.89
2021-08-22T00:00:00.000Z,9832,5933228,63.8,4787,5477661,58.9,105077,1489697,16.02,0,0,0,61.12,0.04,38.84
2021-08-23T00:00:00.000Z,10928,5944156,63.92,4429,5482090,58.95,93988,1583685,17.03,0,0,0,61.17,0.04,38.79
2021-08-24T00:00:00.000Z,11723,5955879,64.05,4694,5486784,59,98507,1682192,18.09,0,0,0,61.23,0.04,38.73
2021-08-25T00:00:00.000Z,9615,5965494,64.15,4470,5491254,59.05,99476,1781668,19.16,0,0,0,61.29,0.04,38.67
2021-08-26T00:00:00.000Z,10106,5975600,64.26,5038,5496292,59.1,101168,1882836,20.25,0,0,0,61.36,0.03,38.61
2021-08-27T00:00:00.000Z,4320,5979920,64.31,2766,5499058,59.13,56667,1939503,20.86,0,0,0,61.35,0.04,38.61
2021-08-28T00:00:00.000Z,3694,5983614,64.34,1484,5500542,59.15,33521,1973024,21.22,0,0,0,61.4,0.04,38.57
2021-08-29T00:00:00.000Z,10340,5993954,64.46,5932,5506474,59.21,79484,2052508,22.07,0,0,0,61.46,0.03,38.5
2021-08-30T00:00:00.000Z,12338,6006292,64.59,7005,5513479,59.29,115962,2168470,23.32,0,0,0,61.53,0.03,38.44
2021-08-31T00:00:00.000Z,12083,6018375,64.72,6507,5519986,59.36,114821,2283291,24.55,0,0,0,61.6,0.03,38.37
2021-09-01T00:00:00.000Z,9045,6027420,64.82,6007,5525993,59.42,112444,2395735,25.76,0,0,0,61.43,0.03,38.54
2021-09-02T00:00:00.000Z,8791,6036211,64.91,7159,5533152,59.5,111489,2507224,26.96,0,0,0,61.49,0.03,38.48
2021-09-03T00:00:00.000Z,3745,6039956,64.95,4095,5537247,59.54,58867,2566091,27.59,0,0,0,61.56,0.03,38.42
2021-09-04T00:00:00.000Z,2692,6042648,64.98,2011,5539258,59.57,29934,2596025,27.92,0,0,0,61.59,0.03,38.38
2021-09-05T00:00:00.000Z,7002,6049650,65.05,6449,5545707,59.64,73296,2669321,28.7,0,0,0,61.68,0.03,38.29
2021-09-06T00:00:00.000Z,2822,6052472,65.09,2690,5548397,59.66,22785,2692106,28.95,0,0,0,61.77,0.03,38.2
2021-09-07T00:00:00.000Z,1189,6053661,65.1,865,5549262,59.67,5388,2697494,29.01,0,0,0,61.85,0.03,38.12
2021-09-08T00:00:00.000Z,1375,6055036,65.11,1175,5550437,59.69,6611,2704105,29.08,0,0,0,61.93,0.03,38.05
2021-09-09T00:00:00.000Z,7096,6062132,65.19,12552,5562989,59.82,73815,2777920,29.87,0,0,0,62.02,0.03,37.95
2021-09-10T00:00:00.000Z,3248,6065380,65.22,4990,5567979,59.88,37920,2815840,30.28,0,0,0,62.06,0.03,37.91
2021-09-11T00:00:00.000Z,2104,6067484,65.25,2495,5570474,59.9,14806,2830646,30.44,0,0,0,62.08,0.03,37.89
2021-09-12T00:00:00.000Z,6114,6073598,65.31,8583,5579057,59.99,54103,2884749,31.02,0,0,0,62.16,0.03,37.81
2021-09-13T00:00:00.000Z,5609,6079207,65.37,8245,5587302,60.08,47953,2932702,31.54,0,0,0,62.15,0.03,37.82
2021-09-14T00:00:00.000Z,4956,6084163,65.43,7407,5594709,60.16,48829,2981531,32.06,0,0,0,62.2,0.03,37.77
2021-09-15T00:00:00.000Z,1741,6085904,65.44,2701,5597410,60.19,16676,2998207,32.24,0,0,0,62.25,0.03,37.72
2021-09-16T00:00:00.000Z,337,6086241,65.45,538,5597948,60.2,1741,2999948,32.26,0,0,0,62.37,0.03,37.6
2021-09-17T00:00:00.000Z,3676,6089917,65.49,7006,5604954,60.27,42878,3042826,32.72,0,0,0,62.42,0.03,37.54
2021-09-18T00:00:00.000Z,2250,6092167,65.51,2935,5607889,60.3,12779,3055605,32.86,0,0,0,62.45,0.03,37.52
2021-09-19T00:00:00.000Z,5947,6098114,65.58,10701,5618590,60.42,44312,3099917,33.34,0,0,0,62.55,0.03,37.42
2021-09-20T00:00:00.000Z,3236,6101350,65.61,4629,5623219,60.47,16690,3116607,33.51,0,0,0,62.63,0.03,37.34
2021-09-21T00:00:00.000Z,1330,6102680,65.63,2043,5625262,60.49,3471,3120078,33.55,0,0,0,62.69,0.03,37.28
2021-09-22T00:00:00.000Z,4255,6106935,65.67,7234,5632496,60.57,25054,3145132,33.82,0,0,0,62.72,0.03,37.25
2021-09-23T00:00:00.000Z,4383,6111318,65.72,5896,5638392,60.63,27818,3172950,34.12,0,0,0,62.75,0.03,37.22
2021-09-24T00:00:00.000Z,3197,6114515,65.75,4177,5642569,60.68,27707,3200657,34.42,0,0,0,62.82,0.03,37.15
2021-09-25T00:00:00.000Z,2074,6116589,65.77,2248,5644817,60.7,10433,3211090,34.53,0,0,0,62.85,0.03,37.12
2021-09-26T00:00:00.000Z,5613,6122202,65.84,5963,5650780,60.77,36249,3247339,34.92,0,0,0,62.96,0.03,37
2021-09-27T00:00:00.000Z,4695,6126897,65.89,4453,5655233,60.81,30433,3277772,35.25,0,0,0,63.02,0.03,36.94
2021-09-28T00:00:00.000Z,1463,6128360,65.9,1172,5656405,60.83,6242,3284014,35.31,0,0,0,63.06,0.04,36.91
2021-09-29T00:00:00.000Z,9622,6137982,66,8335,5664740,60.92,60300,3344314,35.96,0,0,0,63.13,0.03,36.84
2021-09-30T00:00:00.000Z,10961,6148943,66.12,8559,5673299,61.01,79682,3423996,36.82,0,0,0,63.18,0.03,36.79
2021-10-01T00:00:00.000Z,5113,6154056,66.18,3858,5677157,61.05,46513,3470509,37.32,0,0,0,63.23,0.03,36.73
2021-10-02T00:00:00.000Z,2861,6156917,66.21,2119,5679276,61.07,22417,3492926,37.56,0,0,0,63.26,0.03,36.71
2021-10-03T00:00:00.000Z,11666,6168583,66.33,7260,5686536,61.15,70712,3563638,38.32,0,0,0,63.35,0.03,36.62
2021-10-04T00:00:00.000Z,10317,6178900,66.44,6741,5693277,61.22,51879,3615517,38.88,0,0,0,63.4,0.03,36.57
2021-10-05T00:00:00.000Z,8446,6187346,66.54,5297,5698574,61.28,40461,3655978,39.31,0,0,0,63.41,0.03,36.55
2021-10-06T00:00:00.000Z,7540,6194886,66.62,4166,5702740,61.32,34113,3690091,39.68,0,0,0,63.52,0.03,36.45
2021-10-07T00:00:00.000Z,6886,6201772,66.69,3993,5706733,61.37,34033,3724124,40.05,0,0,0,63.63,0.03,36.34
2021-10-08T00:00:00.000Z,3086,6204858,66.72,2626,5709359,61.4,19225,3743349,40.25,0,0,0,63.68,0.03,36.29
2021-10-09T00:00:00.000Z,1335,6206193,66.74,1431,5710790,61.41,7429,3750778,40.33,0,0,0,63.71,0.03,36.26
2021-10-10T00:00:00.000Z,4674,6210867,66.79,3738,5714528,61.45,21502,3772280,40.57,0,0,0,63.82,0.04,36.14
2021-10-11T00:00:00.000Z,4292,6215159,66.83,2930,5717458,61.48,17252,3789532,40.75,0,0,0,63.91,0.04,36.05
2021-10-12T00:00:00.000Z,3968,6219127,66.88,2990,5720448,61.51,15343,3804875,40.92,0,0,0,63.99,0.05,35.96
2021-10-13T00:00:00.000Z,3484,6222611,66.91,2440,5722888,61.54,13561,3818436,41.06,0,0,0,64.09,0.05,35.86
2021-10-14T00:00:00.000Z,3867,6226478,66.96,2673,5725561,61.57,16543,3834979,41.24,0,0,0,64.19,0.06,35.75
2021-10-15T00:00:00.000Z,1692,6228170,66.97,1672,5727233,61.59,8991,3843970,41.34,0,0,0,64.23,0.07,35.7
2021-10-16T00:00:00.000Z,727,6228897,66.98,940,5728173,61.6,4027,3847997,41.38,0,0,0,64.25,0.08,35.67
2021-10-17T00:00:00.000Z,3090,6231987,67.02,2517,5730690,61.63,12780,3860777,41.52,0,0,0,64.36,0.09,35.56
2021-10-18T00:00:00.000Z,2453,6234440,67.04,1668,5732358,61.64,10053,3870830,41.63,0,0,0,64.43,0.1,35.47
2021-10-19T00:00:00.000Z,2385,6236825,67.07,1273,5733631,61.66,9279,3880109,41.72,0,0,0,64.49,0.1,35.4
2021-10-20T00:00:00.000Z,2428,6239253,67.09,2283,5735914,61.68,10076,3890185,41.83,0,0,0,64.14,0.52,35.34
2021-10-21T00:00:00.000Z,3022,6242275,67.13,3080,5738994,61.71,12139,3902324,41.96,0,0,0,54.23,10.41,35.36
2021-10-22T00:00:00.000Z,1272,6243547,67.14,1419,5740413,61.73,5809,3908133,42.03,0,0,0,54.36,10.26,35.38
2021-10-23T00:00:00.000Z,562,6244109,67.15,1255,5741668,61.74,2558,3910691,42.05,0,0,0,54.42,10.19,35.39
2021-10-24T00:00:00.000Z,2512,6246621,67.17,2650,5744318,61.77,9842,3920533,42.16,0,0,0,54.22,10.43,35.35
2021-10-25T00:00:00.000Z,2627,6249248,67.2,2732,5747050,61.8,8491,3929024,42.25,0,0,0,54.59,10.22,35.19
2021-10-26T00:00:00.000Z,2369,6251617,67.23,2038,5749088,61.82,8505,3937529,42.34,0,0,0,54.64,10.26,35.1
2021-10-27T00:00:00.000Z,2288,6253905,67.25,2549,5751637,61.85,7936,3945465,42.43,0,0,0,54.58,10.37,35.06
2021-10-28T00:00:00.000Z,2491,6256396,67.28,2758,5754395,61.88,8646,3954111,42.52,0,0,0,54.69,10.76,34.55
2021-10-29T00:00:00.000Z,886,6257282,67.29,1132,5755527,61.89,4113,3958224,42.56,0,0,0,54.73,10.75,34.52
2021-10-30T00:00:00.000Z,355,6257637,67.29,524,5756051,61.9,1702,3959926,42.58,0,0,0,54.68,10.81,34.52
2021-10-31T00:00:00.000Z,2259,6259896,67.32,2487,5758538,61.92,8237,3968163,42.67,0,0,0,54.83,10.7,34.47
2021-11-01T00:00:00.000Z,1733,6261629,67.33,2083,5760621,61.95,6452,3974615,42.74,0,0,0,54.95,10.63,34.42
2021-11-02T00:00:00.000Z,2017,6263646,67.36,2027,5762648,61.97,6266,3980881,42.81,0,0,0,54.89,10.69,34.42
2021-11-03T00:00:00.000Z,1753,6265399,67.38,1878,5764526,61.99,5538,3986419,42.87,0,0,0,54.86,10.75,34.39
2021-11-04T00:00:00.000Z,2102,6267501,67.4,2787,5767313,62.02,7105,3993524,42.94,0,0,0,54.85,10.81,34.33
2021-11-05T00:00:00.000Z,774,6268275,67.41,890,5768203,62.03,3449,3996973,42.98,0,0,0,54.85,10.83,34.32
2021-11-06T00:00:00.000Z,341,6268616,67.41,379,5768582,62.03,1367,3998340,43,0,0,0,54.82,10.86,34.32
2021-11-07T00:00:00.000Z,1582,6270198,67.43,1766,5770348,62.05,6119,4004459,43.06,0,0,0,54.92,10.8,34.28
2021-11-08T00:00:00.000Z,1513,6271711,67.44,1591,5771939,62.07,5388,4009847,43.12,0,0,0,55.01,10.75,34.24
2021-11-09T00:00:00.000Z,1420,6273131,67.46,1591,5773530,62.09,5313,4015160,43.18,0,0,0,55.05,10.74,34.21
2021-11-10T00:00:00.000Z,1419,6274550,67.47,1642,5775172,62.1,4761,4019921,43.23,0,0,0,55.08,10.73,34.19
2021-11-11T00:00:00.000Z,1629,6276179,67.49,1927,5777099,62.12,5681,4025602,43.29,0,0,0,55.15,10.69,34.15
2021-11-12T00:00:00.000Z,623,6276802,67.5,812,5777911,62.13,2894,4028496,43.32,0,0,0,55.17,10.69,34.14
2021-11-13T00:00:00.000Z,252,6277054,67.5,282,5778193,62.14,1115,4029611,43.33,0,0,0,55.14,10.72,34.14
2021-11-14T00:00:00.000Z,1537,6278591,67.52,1626,5779819,62.15,5102,4034713,43.39,0,0,0,55.21,10.68,34.11
2021-11-15T00:00:00.000Z,1265,6279856,67.53,1607,5781426,62.17,4755,4039468,43.44,0,0,0,55.28,10.63,34.09
2021-11-16T00:00:00.000Z,1268,6281124,67.54,1396,5782822,62.19,4326,4043794,43.48,0,0,0,55.32,10.62,34.07
2021-11-17T00:00:00.000Z,1193,6282317,67.56,1550,5784372,62.2,3885,4047679,43.53,0,0,0,55.35,10.6,34.05
2021-11-18T00:00:00.000Z,1355,6283672,67.57,1677,5786049,62.22,4988,4052667,43.58,0,0,0,55.41,10.58,34.02
2021-11-19T00:00:00.000Z,585,6284257,67.58,745,5786794,62.23,2431,4055098,43.61,0,0,0,55.42,10.57,34.01
2021-11-20T00:00:00.000Z,234,6284491,67.58,242,5787036,62.23,916,4056014,43.62,0,0,0,55.41,10.58,34
2021-11-21T00:00:00.000Z,1411,6285902,67.6,1526,5788562,62.25,4862,4060876,43.67,0,0,0,55.47,10.54,33.98
2021-11-22T00:00:00.000Z,1675,6287577,67.61,1509,5790071,62.26,4208,4065084,43.71,0,0,0,55.54,10.5,33.96
2021-11-23T00:00:00.000Z,8616,6296193,67.71,1666,5791737,62.28,3977,4069061,43.76,0,0,0,55.57,10.48,33.95
2021-11-24T00:00:00.000Z,9345,6305538,67.81,1305,5793042,62.3,3900,4072961,43.8,0,0,0,55.6,10.44,33.95
2021-11-25T00:00:00.000Z,9809,6315347,67.91,1586,5794628,62.31,4817,4077778,43.85,0,0,0,55.64,10.43,33.93
2021-11-26T00:00:00.000Z,5607,6320954,67.97,735,5795363,62.32,2757,4080535,43.88,0,0,0,55.63,10.45,33.92
2021-11-27T00:00:00.000Z,4777,6325731,68.02,316,5795679,62.32,1146,4081681,43.89,0,0,0,55.62,10.46,33.92
2021-11-28T00:00:00.000Z,10145,6335876,68.13,1476,5797155,62.34,4885,4086566,43.94,0,0,0,55.67,10.43,33.9
2021-11-29T00:00:00.000Z,9037,6344913,68.23,1125,5798280,62.35,4343,4090909,43.99,0,0,0,55.73,10.39,33.88
2021-11-30T00:00:00.000Z,10043,6354956,68.34,1016,5799296,62.36,4053,4094962,44.04,0,0,0,55.77,10.37,33.86
2021-12-01T00:00:00.000Z,8622,6363578,68.43,1086,5800382,62.37,4411,4099373,44.08,2,2,0,55.79,10.36,33.84
2021-12-02T00:00:00.000Z,9169,6372747,68.53,1434,5801816,62.39,5087,4104460,44.14,6,8,0,55.84,10.34,33.82
2021-12-03T00:00:00.000Z,6333,6379080,68.6,658,5802474,62.4,2840,4107300,44.17,1,9,0,55.86,10.33,33.81
2021-12-04T00:00:00.000Z,2506,6381586,68.62,231,5802705,62.4,904,4108204,44.18,2,11,0,55.85,10.34,33.81
2021-12-05T00:00:00.000Z,8335,6389921,68.71,1251,5803956,62.41,4665,4112869,44.23,0,11,0,55.9,10.31,33.79
2021-12-06T00:00:00.000Z,6722,6396643,68.79,1185,5805141,62.43,4319,4117188,44.27,3,14,0,55.95,10.27,33.78
2021-12-07T00:00:00.000Z,5548,6402191,68.85,1488,5806629,62.44,3943,4121131,44.32,5,19,0,55.99,10.25,33.76
2021-12-08T00:00:00.000Z,4931,6407122,68.9,1188,5807817,62.45,3845,4124976,44.36,8,27,0,56.03,10.22,33.75
2021-12-09T00:00:00.000Z,6238,6413360,68.97,1223,5809040,62.47,4482,4129458,44.41,7,34,0,56.08,10.19,33.73
2021-12-10T00:00:00.000Z,3005,6416365,69,679,5809719,62.47,2651,4132109,44.43,3,37,0,56.1,10.18,33.72
2021-12-11T00:00:00.000Z,1491,6417856,69.01,250,5809969,62.48,999,4133108,44.45,0,37,0,56.1,10.18,33.71
2021-12-12T00:00:00.000Z,7272,6425128,69.09,1436,5811405,62.49,5231,4138339,44.5,2,39,0,56.16,10.15,33.69
2021-12-13T00:00:00.000Z,6176,6431304,69.16,1363,5812768,62.51,4324,4142663,44.55,3,42,0,56.21,10.11,33.67
2021-12-14T00:00:00.000Z,7319,6438623,69.24,6094,5818862,62.57,4910,4147573,44.6,10,52,0,56.27,10.09,33.65
2021-12-15T00:00:00.000Z,7201,6445824,69.32,7397,5826259,62.65,5415,4152988,44.66,2,54,0,56.34,10.06,33.6
2021-12-16T00:00:00.000Z,8080,6453904,69.4,8603,5834862,62.75,6522,4159510,44.73,5,59,0,56.53,10.05,33.42
2021-12-17T00:00:00.000Z,4398,6458302,69.45,5123,5839985,62.8,3908,4163418,44.77,3,62,0,56.64,10.05,33.3
2021-12-18T00:00:00.000Z,3938,6462240,69.49,2907,5842892,62.83,1340,4164758,44.79,2,64,0,56.73,10.07,33.2
2021-12-19T00:00:00.000Z,6983,6469223,69.57,9328,5852220,62.93,6250,4171008,44.85,3,67,0,56.92,10.04,33.04
2021-12-20T00:00:00.000Z,7972,6477195,69.65,7508,5859728,63.01,5398,4176406,44.91,7,74,0,57.07,10.02,32.91
2021-12-21T00:00:00.000Z,9547,6486742,69.76,8642,5868370,63.11,6438,4182844,44.98,5,79,0,57.27,10.01,32.71
2021-12-22T00:00:00.000Z,9665,6496407,69.86,8137,5876507,63.19,6212,4189056,45.05,10,89,0,57.49,10,32.52
2021-12-23T00:00:00.000Z,11543,6507950,69.98,10258,5886765,63.3,8104,4197160,45.13,13,102,0,57.7,9.97,32.33
2021-12-24T00:00:00.000Z,5878,6513828,70.05,6237,5893002,63.37,5239,4202399,45.19,6,108,0,57.83,9.96,32.21
2021-12-25T00:00:00.000Z,3338,6517166,70.08,2565,5895567,63.4,2016,4204415,45.21,5,113,0,57.9,9.96,32.15
2021-12-26T00:00:00.000Z,10654,6527820,70.2,8912,5904479,63.49,8181,4212596,45.3,8,121,0,58.1,9.92,31.98
2021-12-27T00:00:00.000Z,10368,6538188,70.31,7137,5911616,63.57,8159,4220755,45.39,18,139,0,58.27,9.9,31.83
2021-12-28T00:00:00.000Z,11373,6549561,70.43,7440,5919056,63.65,9609,4230364,45.49,15,154,0,58.46,9.88,31.66
2021-12-29T00:00:00.000Z,9942,6559503,70.54,5958,5925014,63.71,8336,4238700,45.58,11,165,0,58.64,9.85,31.51
2021-12-30T00:00:00.000Z,11016,6570519,70.66,7726,5932740,63.8,12213,4250913,45.71,7,172,0,58.84,9.82,31.34
2021-12-31T00:00:00.000Z,4833,6575352,70.71,3669,5936409,63.84,7280,4258193,45.79,128,300,0,58.9,9.79,31.3
2022-01-01T00:00:00.000Z,1991,6577343,70.73,1590,5937999,63.85,2738,4260931,45.82,60,360,0,58.93,9.79,31.28
2022-01-02T00:00:00.000Z,10217,6587560,70.84,6484,5944483,63.92,12993,4273924,45.96,588,948,0.01,59.14,9.76,31.1
2022-01-03T00:00:00.000Z,9386,6596946,70.94,5251,5949734,63.98,11305,4285229,46.08,25052,26000,0.28,59.29,9.71,31
2022-01-04T00:00:00.000Z,8969,6605915,71.04,5941,5955675,64.04,10492,4295721,46.19,50636,76636,0.82,59.46,9.68,30.86
2022-01-05T00:00:00.000Z,8552,6614467,71.13,5733,5961408,64.11,10455,4306176,46.31,59560,136196,1.46,59.56,9.65,30.79
2022-01-06T00:00:00.000Z,10343,6624810,71.24,7958,5969366,64.19,13507,4319683,46.45,63966,200162,2.15,59.81,9.63,30.56
2022-01-07T00:00:00.000Z,4753,6629563,71.29,4549,5973915,64.24,8123,4327806,46.54,31124,231286,2.49,59.89,9.61,30.49
2022-01-08T00:00:00.000Z,2749,6632312,71.32,2451,5976366,64.27,5481,4333287,46.6,27622,258908,2.78,59.9,9.64,30.46
2022-01-09T00:00:00.000Z,9313,6641625,71.42,7725,5984091,64.35,11851,4345138,46.73,66741,325649,3.5,60.06,9.59,30.35
2022-01-10T00:00:00.000Z,8364,6649989,71.51,7650,5991741,64.43,11842,4356980,46.85,64738,390387,4.2,60.21,9.54,30.25
2022-01-11T00:00:00.000Z,8106,6658095,71.6,8619,6000360,64.52,11944,4368924,46.98,56631,447018,4.81,60.38,9.49,30.13
2022-01-12T00:00:00.000Z,7278,6665373,71.68,8314,6008674,64.61,11083,4380007,47.1,44592,491610,5.29,60.51,9.45,30.04
2022-01-13T00:00:00.000Z,7514,6672887,71.76,9618,6018292,64.72,11512,4391519,47.22,34734,526344,5.66,60.7,9.35,29.94
2022-01-14T00:00:00.000Z,2556,6675443,71.78,4930,6023222,64.77,6123,4397642,47.29,11135,537479,5.78,60.79,9.31,29.9
2022-01-15T00:00:00.000Z,1462,6676905,71.8,3163,6026385,64.8,3860,4401502,47.33,5713,543192,5.84,60.83,9.29,29.87
2022-01-16T00:00:00.000Z,3820,6680725,71.84,8520,6034905,64.9,7665,4409167,47.41,19981,563173,6.06,60.97,9.2,29.82
2022-01-17T00:00:00.000Z,2809,6683534,71.87,7042,6041947,64.97,6149,4415316,47.48,17832,581005,6.25,61.09,9.13,29.78
2022-01-18T00:00:00.000Z,2474,6686008,71.9,7374,6049321,65.05,5498,4420814,47.54,14807,595812,6.41,61.23,9.07,29.7
2022-01-19T00:00:00.000Z,1915,6687923,71.92,6360,6055681,65.12,4497,4425311,47.59,8450,604262,6.5,61.37,8.98,29.65
2022-01-20T00:00:00.000Z,1779,6689702,71.94,6961,6062642,65.19,4770,4430081,47.64,8033,612295,6.58,61.44,8.85,29.71
2022-01-21T00:00:00.000Z,899,6690601,71.95,3726,6066368,65.23,2618,4432699,47.67,3353,615648,6.62,61.51,8.81,29.68
2022-01-22T00:00:00.000Z,329,6690930,71.95,1457,6067825,65.25,1047,4433746,47.68,1110,616758,6.63,61.51,8.75,29.74
2022-01-23T00:00:00.000Z,1068,6691998,71.96,5624,6073449,65.31,2864,4436610,47.71,6077,622835,6.7,61.61,8.7,29.69
2022-01-24T00:00:00.000Z,756,6692754,71.97,4480,6077929,65.36,2244,4438854,47.73,5050,627885,6.75,61.73,8.62,29.65
2022-01-25T00:00:00.000Z,741,6693495,71.98,4397,6082326,65.41,2163,4441017,47.76,7097,634982,6.83,61.9,8.51,29.59
2022-01-26T00:00:00.000Z,613,6694108,71.99,3283,6085609,65.44,1591,4442608,47.77,4258,639240,6.87,62.02,8.42,29.57
2022-01-27T00:00:00.000Z,792,6694900,71.99,4401,6090010,65.49,1980,4444588,47.79,5435,644675,6.93,62.12,8.35,29.52
2022-01-28T00:00:00.000Z,394,6695294,72,2374,6092384,65.51,1153,4445741,47.81,3444,648119,6.97,62.16,8.33,29.5
2022-01-29T00:00:00.000Z,124,6695418,72,1042,6093426,65.53,413,4446154,47.81,1158,649277,6.98,62.23,8.29,29.48
2022-01-30T00:00:00.000Z,767,6696185,72.01,4716,6098142,65.58,2008,4448162,47.83,8098,657375,7.07,62.3,8.24,29.46
2022-01-31T00:00:00.000Z,528,6696713,72.01,3181,6101323,65.61,1595,4449757,47.85,6465,663840,7.14,62.39,8.17,29.43
2022-02-01T00:00:00.000Z,478,6697191,72.02,2796,6104119,65.64,1498,4451255,47.87,5714,669554,7.2,62.45,8.15,29.4
2022-02-02T00:00:00.000Z,374,6697565,72.02,2382,6106501,65.67,1365,4452620,47.88,5067,674621,7.25,62.28,8.13,29.59
2022-02-03T00:00:00.000Z,445,6698010,72.03,2774,6109275,65.7,1443,4454063,47.9,5601,680222,7.31,62.34,8.08,29.57
2022-02-04T00:00:00.000Z,174,6698184,72.03,985,6110260,65.71,741,4454804,47.9,2449,682671,7.34,62.37,8.06,29.57
2022-02-05T00:00:00.000Z,59,6698243,72.03,339,6110599,65.71,207,4455011,47.91,418,683089,7.35,62.34,8.09,29.56
2022-02-06T00:00:00.000Z,407,6698650,72.03,2317,6112916,65.74,1335,4456346,47.92,5676,688765,7.41,62.41,8.05,29.55
2022-02-07T00:00:00.000Z,281,6698931,72.04,1307,6114223,65.75,967,4457313,47.93,5955,694720,7.47,62.47,8.01,29.52
2022-02-08T00:00:00.000Z,313,6699244,72.04,1494,6115717,65.77,1051,4458364,47.94,6131,700851,7.54,62.54,7.97,29.49
2022-02-09T00:00:00.000Z,252,6699496,72.04,1100,6116817,65.78,927,4459291,47.95,4568,705419,7.59,62.6,7.95,29.45
2022-02-10T00:00:00.000Z,269,6699765,72.05,1291,6118108,65.79,921,4460212,47.96,4812,710231,7.64,62.63,7.93,29.44
2022-02-11T00:00:00.000Z,195,6699960,72.05,542,6118650,65.8,505,4460717,47.97,2529,712760,7.66,62.67,7.91,29.42
2022-02-12T00:00:00.000Z,27,6699987,72.05,90,6118740,65.8,115,4460832,47.97,262,713022,7.67,62.67,7.91,29.41
2022-02-13T00:00:00.000Z,286,6700273,72.05,945,6119685,65.81,962,4461794,47.98,4993,718015,7.72,62.73,7.87,29.39
2022-02-14T00:00:00.000Z,179,6700452,72.05,624,6120309,65.81,741,4462535,47.99,3134,721149,7.75,62.89,7.74,29.36
2022-02-15T00:00:00.000Z,266,6700718,72.06,763,6121072,65.82,918,4463453,48,3813,724962,7.8,62.92,7.73,29.35
2022-02-16T00:00:00.000Z,179,6700897,72.06,575,6121647,65.83,796,4464249,48.01,2482,727444,7.82,62.95,7.72,29.34
2022-02-17T00:00:00.000Z,248,6701145,72.06,737,6122384,65.84,765,4465014,48.01,3050,730494,7.86,62.96,7.7,29.34
2022-02-18T00:00:00.000Z,127,6701272,72.06,326,6122710,65.84,426,4465440,48.02,1112,731606,7.87,62.98,7.69,29.33
2022-02-19T00:00:00.000Z,33,6701305,72.06,82,6122792,65.84,73,4465513,48.02,76,731682,7.87,62.99,7.69,29.32
2022-02-20T00:00:00.000Z,203,6701508,72.06,604,6123396,65.85,714,4466227,48.03,2563,734245,7.9,63.01,7.67,29.32
2022-02-21T00:00:00.000Z,173,6701681,72.07,411,6123807,65.85,477,4466704,48.03,1539,735784,7.91,63.04,7.65,29.31
2022-02-22T00:00:00.000Z,155,6701836,72.07,451,6124258,65.86,556,4467260,48.04,1864,737648,7.93,63.05,7.65,29.3
2022-02-23T00:00:00.000Z,109,6701945,72.07,351,6124609,65.86,450,4467710,48.04,1152,738800,7.94,63.06,7.65,29.29
2022-02-24T00:00:00.000Z,137,6702082,72.07,454,6125063,65.87,559,4468269,48.05,1488,740288,7.96,63.05,7.66,29.29
2022-02-25T00:00:00.000Z,58,6702140,72.07,137,6125200,65.87,186,4468455,48.05,454,740742,7.97,63.06,7.66,29.28
2022-02-26T00:00:00.000Z,15,6702155,72.07,26,6125226,65.87,149,4468604,48.05,34,740776,7.97,63.05,7.67,29.28
2022-02-27T00:00:00.000Z,112,6702267,72.07,339,6125565,65.87,447,4469051,48.06,1118,741894,7.98,63.05,7.67,29.28
2022-02-28T00:00:00.000Z,108,6702375,72.07,264,6125829,65.87,410,4469461,48.06,903,742797,7.99,63.07,7.65,29.28
2022-03-01T00:00:00.000Z,97,6702472,72.08,278,6126107,65.88,362,4469823,48.07,792,743589,8,63.1,7.63,29.27
2022-03-02T00:00:00.000Z,74,6702546,72.08,200,6126307,65.88,318,4470141,48.07,691,744280,8,63.11,7.62,29.27
2022-03-03T00:00:00.000Z,148,6702694,72.08,368,6126675,65.88,493,4470634,48.08,983,745263,8.01,63.05,7.67,29.27
2022-03-04T00:00:00.000Z,52,6702746,72.08,159,6126834,65.89,163,4470797,48.08,226,745489,8.02,63.05,7.68,29.27
2022-03-05T00:00:00.000Z,1,6702747,72.08,24,6126858,65.89,43,4470840,48.08,30,745519,8.02,63.04,7.69,29.27
2022-03-06T00:00:00.000Z,97,6702844,72.08,258,6127116,65.89,411,4471251,48.08,759,746278,8.03,63.04,7.69,29.27
2022-03-07T00:00:00.000Z,88,6702932,72.08,255,6127371,65.89,345,4471596,48.09,603,746881,8.03,63.05,7.69,29.26
2022-03-08T00:00:00.000Z,98,6703030,72.08,263,6127634,65.89,330,4471926,48.09,546,747427,8.04,63.04,7.7,29.26
2022-03-09T00:00:00.000Z,88,6703118,72.08,212,6127846,65.9,332,4472258,48.09,490,747917,8.04,63.02,7.72,29.25
2022-03-10T00:00:00.000Z,113,6703231,72.08,372,6128218,65.9,419,4472677,48.1,614,748531,8.05,63.01,7.74,29.25
2022-03-11T00:00:00.000Z,24,6703255,72.08,85,6128303,65.9,116,4472793,48.1,141,748672,8.05,63,7.75,29.25
2022-03-12T00:00:00.000Z,7,6703262,72.08,9,6128312,65.9,27,4472820,48.1,27,748699,8.05,62.98,7.77,29.24
2022-03-13T00:00:00.000Z,94,6703356,72.08,270,6128582,65.9,357,4473177,48.1,594,749293,8.06,62.98,7.78,29.24
2022-03-14T00:00:00.000Z,64,6703420,72.09,250,6128832,65.91,316,4473493,48.11,558,749851,8.06,62.98,7.78,29.24
2022-03-15T00:00:00.000Z,77,6703497,72.09,182,6129014,65.91,286,4473779,48.11,581,750432,8.07,62.95,7.81,29.24
2022-03-16T00:00:00.000Z,74,6703571,72.09,205,6129219,65.91,301,4474080,48.11,668,751100,8.08,62.94,7.82,29.24
2022-03-17T00:00:00.000Z,65,6703636,72.09,120,6129339,65.91,283,4474363,48.12,607,751707,8.08,62.94,7.82,29.24
2022-03-18T00:00:00.000Z,18,6703654,72.09,53,6129392,65.91,98,4474461,48.12,229,751936,8.09,62.94,7.82,29.24
2022-03-19T00:00:00.000Z,5,6703659,72.09,10,6129402,65.91,26,4474487,48.12,37,751973,8.09,62.89,7.88,29.23
2022-03-20T00:00:00.000Z,118,6703777,72.09,258,6129660,65.92,480,4474967,48.12,1425,753398,8.1,62.87,7.89,29.23
2022-03-21T00:00:00.000Z,97,6703874,72.09,243,6129903,65.92,373,4475340,48.13,1127,754525,8.11,62.87,7.9,29.23
2022-03-22T00:00:00.000Z,140,6704014,72.09,339,6130242,65.92,502,4475842,48.13,1767,756292,8.13,62.84,7.94,29.23
2022-03-23T00:00:00.000Z,108,6704122,72.09,210,6130452,65.92,457,4476299,48.14,1672,757964,8.15,62.81,7.97,29.22
2022-03-24T00:00:00.000Z,175,6704297,72.09,343,6130795,65.93,762,4477061,48.14,2358,760322,8.18,62.78,8,29.22
2022-03-25T00:00:00.000Z,35,6704332,72.1,78,6130873,65.93,153,4477214,48.15,624,760946,8.18,62.78,8,29.23
2022-03-26T00:00:00.000Z,11,6704343,72.1,11,6130884,65.93,32,4477246,48.15,89,761035,8.18,62.77,8,29.22
2022-03-27T00:00:00.000Z,159,6704502,72.1,343,6131227,65.93,756,4478002,48.15,3186,764221,8.22,62.75,8.02,29.22
2022-03-28T00:00:00.000Z,112,6704614,72.1,268,6131495,65.94,616,4478618,48.16,2399,766620,8.24,62.75,8.03,29.22
2022-03-29T00:00:00.000Z,125,6704739,72.1,259,6131754,65.94,634,4479252,48.17,2764,769384,8.27,62.7,8.07,29.22
2022-03-30T00:00:00.000Z,135,6704874,72.1,209,6131963,65.94,535,4479787,48.17,2361,771745,8.3,62.81,8.11,29.07
2022-03-31T00:00:00.000Z,166,6705040,72.1,292,6132255,65.94,728,4480515,48.18,2835,774580,8.33,62.79,8.11,29.1
2022-04-01T00:00:00.000Z,117,6705157,72.1,159,6132414,65.94,272,4480787,48.18,582,775162,8.34,62.72,8.13,29.15
2022-04-02T00:00:00.000Z,6,6705163,72.1,4,6132418,65.94,34,4480821,48.18,49,775211,8.34,62.69,8.15,29.16
2022-04-03T00:00:00.000Z,156,6705319,72.11,263,6132681,65.95,567,4481388,48.19,2469,777680,8.36,62.65,8.16,29.19
2022-04-04T00:00:00.000Z,104,6705423,72.11,204,6132885,65.95,479,4481867,48.2,2211,779891,8.39,62.62,8.16,29.22
2022-04-05T00:00:00.000Z,122,6705545,72.11,218,6133103,65.95,512,4482379,48.2,2233,782124,8.41,62.57,8.19,29.25
2022-04-06T00:00:00.000Z,91,6705636,72.11,153,6133256,65.95,378,4482757,48.21,2011,784135,8.43,62.55,8.2,29.25
2022-04-07T00:00:00.000Z,178,6705814,72.11,208,6133464,65.96,633,4483390,48.21,2549,786684,8.46,62.56,8.2,29.24
2022-04-08T00:00:00.000Z,28,6705842,72.11,55,6133519,65.96,149,4483539,48.21,466,787150,8.46,62.54,8.22,29.23
2022-04-09T00:00:00.000Z,6,6705848,72.11,15,6133534,65.96,24,4483563,48.21,41,787191,8.47,62.52,8.25,29.23
2022-04-10T00:00:00.000Z,103,6705951,72.11,257,6133791,65.96,423,4483986,48.22,1837,789028,8.48,62.51,8.26,29.23
2022-04-11T00:00:00.000Z,78,6706029,72.11,200,6133991,65.96,369,4484355,48.22,1415,790443,8.5,62.54,8.26,29.2
2022-04-12T00:00:00.000Z,202,6706231,72.12,163,6134154,65.96,368,4484723,48.23,1347,791790,8.51,62.58,8.29,29.12
2022-04-13T00:00:00.000Z,116,6706347,72.12,148,6134302,65.97,297,4485020,48.23,1213,793003,8.53,62.58,8.31,29.1
2022-04-14T00:00:00.000Z,81,6706428,72.12,221,6134523,65.97,318,4485338,48.23,1060,794063,8.54,62.57,8.33,29.1
2022-04-15T00:00:00.000Z,9,6706437,72.12,51,6134574,65.97,47,4485385,48.23,77,794140,8.54,62.55,8.35,29.1
2022-04-16T00:00:00.000Z,3,6706440,72.12,8,6134582,65.97,19,4485404,48.23,26,794166,8.54,62.53,8.37,29.1
2022-04-17T00:00:00.000Z,61,6706501,72.12,130,6134712,65.97,228,4485632,48.24,807,794973,8.55,62.52,8.38,29.1
2022-04-18T00:00:00.000Z,68,6706569,72.12,108,6134820,65.97,248,4485880,48.24,745,795718,8.56,62.51,8.38,29.1
2022-04-19T00:00:00.000Z,61,6706630,72.12,129,6134949,65.97,268,4486148,48.24,827,796545,8.57,62.5,8.4,29.1
2022-04-20T00:00:00.000Z,64,6706694,72.12,117,6135066,65.97,230,4486378,48.24,640,797185,8.57,62.48,8.42,29.1
2022-04-21T00:00:00.000Z,53,6706747,72.12,104,6135170,65.97,189,4486567,48.25,474,797659,8.58,62.47,8.43,29.1
2022-04-22T00:00:00.000Z,0,6706747,72.12,15,6135185,65.97,14,4486581,48.25,13,797672,8.58,62.45,8.44,29.11
2022-04-23T00:00:00.000Z,4,6706751,72.12,7,6135192,65.97,12,4486593,48.25,13,797685,8.58,62.43,8.46,29.11
2022-04-24T00:00:00.000Z,92,6706843,72.12,241,6135433,65.98,327,4486920,48.25,861,798546,8.59,62.43,8.47,29.1
2022-04-25T00:00:00.000Z,105,6706948,72.12,191,6135624,65.98,307,4487227,48.25,730,799276,8.6,62.43,8.47,29.1
2022-04-26T00:00:00.000Z,74,6707022,72.12,173,6135797,65.98,295,4487522,48.26,778,800054,8.6,62.42,8.48,29.1
2022-04-27T00:00:00.000Z,55,6707077,72.12,159,6135956,65.98,218,4487740,48.26,634,800688,8.61,62.41,8.49,29.1
2022-04-28T00:00:00.000Z,94,6707171,72.13,219,6136175,65.99,326,4488066,48.26,856,801544,8.62,62.41,8.5,29.1
2022-04-29T00:00:00.000Z,107,6707278,72.13,138,6136313,65.99,181,4488247,48.26,208,801752,8.62,62.39,8.51,29.1
2022-04-30T00:00:00.000Z,1,6707279,72.13,1,6136314,65.99,23,4488270,48.26,18,801770,8.62,62.38,8.52,29.1
2022-05-01T00:00:00.000Z,119,6707398,72.13,174,6136488,65.99,312,4488582,48.27,626,802396,8.63,62.38,8.53,29.09
2022-05-02T00:00:00.000Z,61,6707459,72.13,151,6136639,65.99,234,4488816,48.27,480,802876,8.63,62.37,8.54,29.09
2022-05-03T00:00:00.000Z,73,6707532,72.13,150,6136789,65.99,283,4489099,48.27,495,803371,8.64,62.36,8.55,29.09
2022-05-04T00:00:00.000Z,24,6707556,72.13,53,6136842,65.99,57,4489156,48.27,121,803492,8.64,62.35,8.57,29.08
2022-05-05T00:00:00.000Z,0,6707556,72.13,0,6136842,65.99,1,4489157,48.27,1,803493,8.64,62.34,8.58,29.08
2022-05-06T00:00:00.000Z,18,6707574,72.13,58,6136900,65.99,63,4489220,48.27,139,803632,8.64,62.33,8.59,29.08
2022-05-07T00:00:00.000Z,0,6707574,72.13,3,6136903,65.99,22,4489242,48.28,20,803652,8.64,62.32,8.6,29.08
2022-05-08T00:00:00.000Z,95,6707669,72.13,197,6137100,66,268,4489510,48.28,453,804105,8.65,62.31,8.61,29.08
2022-05-09T00:00:00.000Z,60,6707729,72.13,148,6137248,66,233,4489743,48.28,487,804592,8.65,62.31,8.61,29.08
2022-05-10T00:00:00.000Z,36,6707765,72.13,72,6137320,66,115,4489858,48.28,211,804803,8.65,62.3,8.62,29.08
