Day_Date,vaccinated,vaccinated_cum,vaccinated_population_perc,vaccinated_seconde_dose,vaccinated_seconde_dose_cum,vaccinated_seconde_dose_population_perc,vaccinated_third_dose,vaccinated_third_dose_cum,vaccinated_third_dose_population_perc,vaccinated_fourth_dose,vaccinated_fourth_dose_cum,vaccinated_fourth_dose_population_perc,vaccinated_validity_perc,vaccinated_expired_perc,not_vaccinated_perc
2020-12-19T00:00:00.000Z,46,68,0,0,4,0,0,0,0,0,0,0,0,0,100
2020-12-20T00:00:00.000Z,7391,7459,0.08,0,4,0,0,0,0,0,0,0,0,0,100
2020-12-21T00:00:00.000Z,24919,32378,0.35,0,4,0,0,0,0,0,0,0,0,0,100
2020-12-22T00:00:00.000Z,44656,77034,0.83,0,4,0,0,0,0,0,0,0,0,0,100
2020-12-23T00:00:00.000Z,62904,139938,1.5,0,4,0,0,0,0,0,0,0,0,0,100
2020-12-24T00:00:00.000Z,73420,213358,2.29,0,4,0,0,0,0,0,0,0,0,0,100
2020-12-25T00:00:00.000Z,38505,251863,2.71,0,4,0,0,0,0,0,0,0,0,0,100
2020-12-26T00:00:00.000Z,32612,284475,3.06,0,4,0,0,0,0,0,0,0,0,0,100
2020-12-27T00:00:00.000Z,104552,389027,4.18,0,4,0,0,0,0,0,0,0,0,0,100
2020-12-28T00:00:00.000Z,135002,524029,5.64,0,4,0,0,0,0,0,0,0,0,0,100
2020-12-29T00:00:00.000Z,156276,680305,7.32,2,6,0,0,0,0,0,0,0,0,0,100
2020-12-30T00:00:00.000Z,153134,833439,8.96,0,6,0,0,0,0,0,0,0,0,0,100
2020-12-31T00:00:00.000Z,158534,991973,10.67,0,6,0,0,0,0,0,0,0,0,0,100
2021-01-01T00:00:00.000Z,71408,1063381,11.44,0,6,0,0,0,0,0,0,0,0,0,100
2021-01-02T00:00:00.000Z,71719,1135100,12.21,0,6,0,0,0,0,0,0,0,0,0,100
2021-01-03T00:00:00.000Z,149717,1284817,13.82,0,6,0,0,0,0,0,0,0,0,0,100
2021-01-04T00:00:00.000Z,152161,1436978,15.45,1,7,0,0,0,0,0,0,0,0,0,100
2021-01-05T00:00:00.000Z,125162,1562140,16.8,3,10,0,0,0,0,0,0,0,0,0,100
2021-01-06T00:00:00.000Z,103318,1665458,17.91,2,12,0,0,0,0,0,0,0,0,0,100
2021-01-07T00:00:00.000Z,116011,1781469,19.16,9,21,0,0,0,0,0,0,0,0,0,100
2021-01-08T00:00:00.000Z,66433,1847902,19.87,4,25,0,0,0,0,0,0,0,0,0,100
2021-01-09T00:00:00.000Z,44528,1892430,20.35,24,49,0,0,0,0,0,0,0,0,0,100
2021-01-10T00:00:00.000Z,37628,1930058,20.75,5999,6048,0.07,0,0,0,0,0,0,0,0,100
2021-01-11T00:00:00.000Z,21155,1951213,20.98,19261,25309,0.27,0,0,0,0,0,0,0,0,100
2021-01-12T00:00:00.000Z,24056,1975269,21.24,35666,60975,0.66,0,0,0,0,0,0,0,0,100
2021-01-13T00:00:00.000Z,52048,2027317,21.8,56866,117841,1.27,0,0,0,0,0,0,0,0,100
2021-01-14T00:00:00.000Z,56446,2083763,22.41,68830,186671,2.01,0,0,0,0,0,0,0,0,100
2021-01-15T00:00:00.000Z,30755,2114518,22.74,35930,222601,2.39,0,0,0,0,0,0,0,0,100
2021-01-16T00:00:00.000Z,29465,2143983,23.06,26004,248605,2.67,0,0,0,0,0,0,0,0,100
2021-01-17T00:00:00.000Z,68417,2212400,23.79,84586,333191,3.58,0,0,0,0,0,0,0.31,0,99.69
2021-01-18T00:00:00.000Z,69784,2282184,24.54,120410,453601,4.88,0,0,0,0,0,0,0.58,0,99.42
2021-01-19T00:00:00.000Z,72867,2355051,25.33,137811,591412,6.36,0,0,0,0,0,0,1.09,0,98.91
2021-01-20T00:00:00.000Z,76878,2431929,26.15,143736,735148,7.91,0,0,0,0,0,0,1.9,0,98.1
2021-01-21T00:00:00.000Z,69968,2501897,26.9,164416,899564,9.67,0,0,0,0,0,0,2.88,0,97.12
2021-01-22T00:00:00.000Z,37908,2539805,27.31,71114,970678,10.44,0,0,0,0,0,0,3.39,0,96.61
2021-01-23T00:00:00.000Z,39959,2579764,27.74,53571,1024249,11.01,0,0,0,0,0,0,3.77,0,96.23
2021-01-24T00:00:00.000Z,69124,2648888,28.48,140675,1164924,12.53,0,0,0,0,0,0,4.96,0,95.04
2021-01-25T00:00:00.000Z,80927,2729815,29.36,139489,1304413,14.03,0,0,0,0,0,0,6.61,0,93.39
2021-01-26T00:00:00.000Z,78699,2808514,30.2,126396,1430809,15.39,0,0,0,0,0,0,8.45,0,91.55
2021-01-27T00:00:00.000Z,77946,2886460,31.04,125031,1555840,16.73,0,0,0,0,0,0,10.34,0,89.66
2021-01-28T00:00:00.000Z,79546,2966006,31.89,130591,1686431,18.14,0,0,0,0,0,0,12.43,0,87.57
2021-01-29T00:00:00.000Z,36681,3002687,32.29,64773,1751204,18.83,0,0,0,0,0,0,13.34,0,86.66
2021-01-30T00:00:00.000Z,34388,3037075,32.66,42753,1793957,19.29,0,0,0,0,0,0,14.02,0,85.98
2021-01-31T00:00:00.000Z,73314,3110389,33.45,59485,1853442,19.93,0,0,0,0,0,0,15.76,0,84.24
2021-02-01T00:00:00.000Z,82477,3192866,34.33,35338,1888780,20.31,0,0,0,0,0,0,17.48,0,82.52
2021-02-02T00:00:00.000Z,70073,3262939,35.09,31056,1919836,20.64,0,0,0,0,0,0,19.01,0,80.99
2021-02-03T00:00:00.000Z,60280,3323219,35.74,51423,1971259,21.2,0,0,0,0,0,0,20.47,0,79.53
2021-02-04T00:00:00.000Z,72601,3395820,36.52,58075,2029334,21.82,0,0,0,0,0,0,22,0,78
2021-02-05T00:00:00.000Z,33924,3429744,36.88,28790,2058124,22.13,0,0,0,0,0,0,22.75,0,77.25
2021-02-06T00:00:00.000Z,21610,3451354,37.11,22227,2080351,22.37,0,0,0,0,0,0,23.23,0,76.77
2021-02-07T00:00:00.000Z,54068,3505422,37.7,68720,2149071,23.11,0,0,0,0,0,0,23.99,0,76.01
2021-02-08T00:00:00.000Z,58621,3564043,38.33,65447,2214518,23.81,0,0,0,0,0,0,24.52,0,75.48
2021-02-09T00:00:00.000Z,66323,3630366,39.04,67555,2282073,24.54,0,0,0,0,0,0,25.04,0,74.96
2021-02-10T00:00:00.000Z,70545,3700911,39.8,72289,2354362,25.32,0,0,0,0,0,0,25.77,0,74.23
2021-02-11T00:00:00.000Z,81144,3782055,40.67,72084,2426446,26.09,0,0,0,0,0,0,26.61,0,73.39
2021-02-12T00:00:00.000Z,39087,3821142,41.09,37574,2464020,26.5,0,0,0,0,0,0,27.02,0,72.98
2021-02-13T00:00:00.000Z,27457,3848599,41.39,30432,2494452,26.82,0,0,0,0,0,0,27.33,0,72.67
2021-02-14T00:00:00.000Z,74903,3923502,42.19,69068,2563520,27.57,0,0,0,0,0,0,28.25,0,71.75
2021-02-15T00:00:00.000Z,81528,4005030,43.07,75689,2639209,28.38,0,0,0,0,0,0,29.17,0,70.83
2021-02-16T00:00:00.000Z,83406,4088436,43.96,78272,2717481,29.22,0,0,0,0,0,0,30.11,0,69.89
2021-02-17T00:00:00.000Z,61961,4150397,44.63,75614,2793095,30.04,0,0,0,0,0,0,31.01,0,68.99
2021-02-18T00:00:00.000Z,69140,4219537,45.37,79715,2872810,30.89,0,0,0,0,0,0,31.94,0,68.06
2021-02-19T00:00:00.000Z,39656,4259193,45.8,38140,2910950,31.3,0,0,0,0,0,0,32.45,0,67.55
2021-02-20T00:00:00.000Z,31644,4290837,46.14,28720,2939670,31.61,0,0,0,0,0,0,32.85,0,67.15
2021-02-21T00:00:00.000Z,79415,4370252,47,78427,3018097,32.46,0,0,0,0,0,0,33.8,0,66.2
2021-02-22T00:00:00.000Z,85044,4455296,47.91,80578,3098675,33.32,0,0,0,0,0,0,34.83,0,65.17
2021-02-23T00:00:00.000Z,77317,4532613,48.74,70463,3169138,34.08,0,0,0,0,0,0,35.84,0,64.16
2021-02-24T00:00:00.000Z,61052,4593665,49.4,63117,3232255,34.76,0,0,0,0,0,0,36.76,0,63.24
2021-02-25T00:00:00.000Z,51713,4645378,49.95,64785,3297040,35.45,0,0,0,0,0,0,37.66,0,62.34
2021-02-26T00:00:00.000Z,25899,4671277,50.23,32024,3329064,35.8,0,0,0,0,0,0,38.1,0,61.9
2021-02-27T00:00:00.000Z,18342,4689619,50.43,21192,3350256,36.03,0,0,0,0,0,0,38.42,0,61.58
2021-02-28T00:00:00.000Z,40346,4729965,50.86,55862,3406118,36.63,0,0,0,0,0,0,39.24,0,60.76
2021-03-01T00:00:00.000Z,45720,4775685,51.36,61426,3467544,37.29,0,0,0,0,0,0,40.1,0,59.9
2021-03-02T00:00:00.000Z,41179,4816864,51.8,64775,3532319,37.98,0,0,0,0,0,0,40.85,0,59.15
2021-03-03T00:00:00.000Z,42014,4858878,52.25,66762,3599081,38.7,0,0,0,0,0,0,41.55,0,58.45
2021-03-04T00:00:00.000Z,39691,4898569,52.68,79102,3678183,39.55,0,0,0,0,0,0,42.24,0,57.76
2021-03-05T00:00:00.000Z,17345,4915914,52.86,40452,3718635,39.99,0,0,0,0,0,0,42.57,0,57.43
2021-03-06T00:00:00.000Z,10709,4926623,52.98,25342,3743977,40.26,0,0,0,0,0,0,42.78,0,57.22
2021-03-07T00:00:00.000Z,31139,4957762,53.31,72835,3816812,41.04,0,0,0,0,0,0,43.36,0,56.64
2021-03-08T00:00:00.000Z,27370,4985132,53.61,73277,3890089,41.83,0,0,0,0,0,0,43.97,0,56.03
2021-03-09T00:00:00.000Z,26734,5011866,53.9,76586,3966675,42.66,0,0,0,0,0,0,44.62,0,55.38
2021-03-10T00:00:00.000Z,23344,5035210,54.15,58671,4025346,43.29,0,0,0,0,0,0,45.27,0,54.73
2021-03-11T00:00:00.000Z,23292,5058502,54.4,69077,4094423,44.03,0,0,0,0,0,0,45.99,0,54.01
2021-03-12T00:00:00.000Z,11271,5069773,54.52,41401,4135824,44.47,0,0,0,0,0,0,46.34,0,53.66
2021-03-13T00:00:00.000Z,7936,5077709,54.6,25235,4161059,44.75,0,0,0,0,0,0,46.57,0,53.43
2021-03-14T00:00:00.000Z,20973,5098682,54.83,73925,4234984,45.54,0,0,0,0,0,0,47.2,0,52.8
2021-03-15T00:00:00.000Z,20130,5118812,55.05,78264,4313248,46.38,0,0,0,0,0,0,47.81,0,52.19
2021-03-16T00:00:00.000Z,18737,5137549,55.25,71468,4384716,47.15,0,0,0,0,0,0,48.43,0,51.57
2021-03-17T00:00:00.000Z,17686,5155235,55.44,58993,4443709,47.79,0,0,0,0,0,0,48.92,0,51.08
2021-03-18T00:00:00.000Z,16032,5171267,55.61,58118,4501827,48.41,0,0,0,0,0,0,49.45,0,50.55
2021-03-19T00:00:00.000Z,6937,5178204,55.68,27969,4529796,48.71,0,0,0,0,0,0,49.75,0,50.25
2021-03-20T00:00:00.000Z,5215,5183419,55.74,15290,4545086,48.88,0,0,0,0,0,0,49.93,0,50.07
2021-03-21T00:00:00.000Z,13155,5196574,55.88,40493,4585579,49.31,0,0,0,0,0,0,50.46,0,49.54
2021-03-22T00:00:00.000Z,13562,5210136,56.03,40525,4626104,49.75,0,0,0,0,0,0,51,0,49
2021-03-23T00:00:00.000Z,2822,5212958,56.06,7286,4633390,49.83,0,0,0,0,0,0,51.43,0,48.57
2021-03-24T00:00:00.000Z,10986,5223944,56.18,46542,4679932,50.33,0,0,0,0,0,0,51.84,0,48.16
2021-03-25T00:00:00.000Z,10235,5234179,56.29,35415,4715347,50.71,0,0,0,0,0,0,52.22,0,47.78
2021-03-26T00:00:00.000Z,4172,5238351,56.33,13324,4728671,50.85,0,0,0,0,0,0,52.4,0,47.6
2021-03-27T00:00:00.000Z,1777,5240128,56.35,4263,4732934,50.9,0,0,0,0,0,0,52.5,0,47.5
2021-03-28T00:00:00.000Z,2099,5242227,56.37,4601,4737535,50.95,0,0,0,0,0,0,52.74,0,47.26
2021-03-29T00:00:00.000Z,6894,5249121,56.45,30002,4767537,51.27,0,0,0,0,0,0,53,0,47
2021-03-30T00:00:00.000Z,7871,5256992,56.53,22435,4789972,51.51,0,0,0,0,0,0,53.08,0,46.92
2021-03-31T00:00:00.000Z,8136,5265128,56.62,19474,4809446,51.72,0,0,0,0,0,0,53.38,0,46.62
2021-04-01T00:00:00.000Z,8185,5273313,56.71,18684,4828130,51.92,0,0,0,0,0,0,53.62,0,46.38
2021-04-02T00:00:00.000Z,2916,5276229,56.74,8121,4836251,52.01,0,0,0,0,0,0,53.71,0,46.29
2021-04-03T00:00:00.000Z,1421,5277650,56.75,2965,4839216,52.04,0,0,0,0,0,0,53.74,0,46.26
2021-04-04T00:00:00.000Z,9611,5287261,56.86,22822,4862038,52.28,0,0,0,0,0,0,53.82,0,46.18
2021-04-05T00:00:00.000Z,10337,5297598,56.97,21262,4883300,52.51,0,0,0,0,0,0,54.04,0,45.96
2021-04-06T00:00:00.000Z,9005,5306603,57.06,16776,4900076,52.69,0,0,0,0,0,0,54.21,0,45.79
2021-04-07T00:00:00.000Z,8902,5315505,57.16,15290,4915366,52.86,0,0,0,0,0,0,54.36,0,45.64
2021-04-08T00:00:00.000Z,9403,5324908,57.26,16991,4932357,53.04,0,0,0,0,0,0,54.52,0,45.48
2021-04-09T00:00:00.000Z,3586,5328494,57.3,6232,4938589,53.11,0,0,0,0,0,0,54.58,0,45.42
2021-04-10T00:00:00.000Z,1626,5330120,57.32,3511,4942100,53.14,0,0,0,0,0,0,54.61,0,45.39
2021-04-11T00:00:00.000Z,9023,5339143,57.41,14238,4956338,53.3,0,0,0,0,0,0,54.78,0,45.22
2021-04-12T00:00:00.000Z,8923,5348066,57.51,13218,4969556,53.44,0,0,0,0,0,0,54.95,0,45.05
2021-04-13T00:00:00.000Z,5825,5353891,57.57,4940,4974496,53.49,0,0,0,0,0,0,55.08,0,44.92
2021-04-14T00:00:00.000Z,3630,5357521,57.61,5292,4979788,53.55,0,0,0,0,0,0,55.18,0,44.82
2021-04-15T00:00:00.000Z,680,5358201,57.62,566,4980354,53.56,0,0,0,0,0,0,55.27,0,44.73
2021-04-16T00:00:00.000Z,3398,5361599,57.66,6631,4986985,53.63,0,0,0,0,0,0,55.33,0,44.67
2021-04-17T00:00:00.000Z,809,5362408,57.66,1967,4988952,53.65,0,0,0,0,0,0,55.35,0,44.65
2021-04-18T00:00:00.000Z,7088,5369496,57.74,7425,4996377,53.73,0,0,0,0,0,0,55.47,0,44.53
2021-04-19T00:00:00.000Z,6388,5375884,57.81,7107,5003484,53.8,0,0,0,0,0,0,55.58,0,44.42
2021-04-20T00:00:00.000Z,6267,5382151,57.88,6867,5010351,53.88,0,0,0,0,0,0,55.65,0,44.35
2021-04-21T00:00:00.000Z,6363,5388514,57.95,7086,5017437,53.95,0,0,0,0,0,0,55.71,0,44.29
2021-04-22T00:00:00.000Z,5926,5394440,58.01,7671,5025108,54.04,0,0,0,0,0,0,55.75,0,44.25
2021-04-23T00:00:00.000Z,2747,5397187,58.04,3369,5028477,54.07,0,0,0,0,0,0,55.8,0,44.2
2021-04-24T00:00:00.000Z,760,5397947,58.05,1281,5029758,54.09,0,0,0,0,0,0,55.82,0,44.18
2021-04-25T00:00:00.000Z,4823,5402770,58.1,6910,5036668,54.16,0,0,0,0,0,0,55.89,0,44.11
2021-04-26T00:00:00.000Z,5465,5408235,58.16,7873,5044541,54.25,0,0,0,0,0,0,55.96,0,44.04
2021-04-27T00:00:00.000Z,4494,5412729,58.21,6612,5051153,54.32,0,0,0,0,0,0,56.03,0,43.97
2021-04-28T00:00:00.000Z,4476,5417205,58.25,7298,5058451,54.4,0,0,0,0,0,0,56.09,0,43.91
2021-04-29T00:00:00.000Z,4353,5421558,58.3,7272,5065723,54.47,0,0,0,0,0,0,56.16,0,43.84
2021-04-30T00:00:00.000Z,1910,5423468,58.32,3176,5068899,54.51,0,0,0,0,0,0,56.19,0,43.81
2021-05-01T00:00:00.000Z,451,5423919,58.33,890,5069789,54.52,0,0,0,0,0,0,56.2,0,43.8
2021-05-02T00:00:00.000Z,3217,5427136,58.36,6077,5075866,54.58,0,0,0,0,0,0,56.26,0,43.74
2021-05-03T00:00:00.000Z,3535,5430671,58.4,5810,5081676,54.65,0,0,0,0,0,0,56.32,0,43.68
2021-05-04T00:00:00.000Z,3572,5434243,58.44,4712,5086388,54.7,0,0,0,0,0,0,56.38,0,43.62
2021-05-05T00:00:00.000Z,3275,5437518,58.47,4072,5090460,54.74,0,0,0,0,0,0,56.44,0,43.56
2021-05-06T00:00:00.000Z,3629,5441147,58.51,3132,5093592,54.77,0,0,0,0,0,0,56.5,0,43.5
2021-05-07T00:00:00.000Z,1815,5442962,58.53,2490,5096082,54.8,0,0,0,0,0,0,56.52,0,43.48
2021-05-08T00:00:00.000Z,231,5443193,58.53,497,5096579,54.81,0,0,0,0,0,0,56.53,0,43.47
2021-05-09T00:00:00.000Z,2840,5446033,58.56,4744,5101323,54.86,0,0,0,0,0,0,56.58,0,43.42
2021-05-10T00:00:00.000Z,2887,5448920,58.59,4691,5106014,54.91,0,0,0,0,0,0,56.63,0,43.37
2021-05-11T00:00:00.000Z,2610,5451530,58.62,3864,5109878,54.95,0,0,0,0,0,0,56.67,0,43.33
2021-05-12T00:00:00.000Z,2010,5453540,58.64,3324,5113202,54.98,0,0,0,0,0,0,56.7,0,43.3
2021-05-13T00:00:00.000Z,2030,5455570,58.67,3664,5116866,55.02,0,0,0,0,0,0,56.73,0,43.27
2021-05-14T00:00:00.000Z,961,5456531,58.68,1478,5118344,55.04,0,0,0,0,0,0,56.75,0,43.25
2021-05-15T00:00:00.000Z,242,5456773,58.68,249,5118593,55.04,0,0,0,0,0,0,56.75,0,43.25
2021-05-16T00:00:00.000Z,525,5457298,58.69,1199,5119792,55.06,0,0,0,0,0,0,56.78,0,43.22
2021-05-17T00:00:00.000Z,288,5457586,58.69,832,5120624,55.06,0,0,0,0,0,0,56.81,0,43.19
2021-05-18T00:00:00.000Z,1949,5459535,58.71,4923,5125547,55.12,0,0,0,0,0,0,56.84,0,43.16
2021-05-19T00:00:00.000Z,2211,5461746,58.73,5029,5130576,55.17,0,0,0,0,0,0,56.87,0,43.13
2021-05-20T00:00:00.000Z,2301,5464047,58.76,3864,5134440,55.21,0,0,0,0,0,0,56.9,0,43.1
2021-05-21T00:00:00.000Z,1175,5465222,58.77,1391,5135831,55.23,0,0,0,0,0,0,56.92,0,43.08
2021-05-22T00:00:00.000Z,204,5465426,58.77,386,5136217,55.23,0,0,0,0,0,0,56.92,0,43.08
2021-05-23T00:00:00.000Z,2267,5467693,58.8,3212,5139429,55.27,0,0,0,0,0,0,56.94,0,43.06
2021-05-24T00:00:00.000Z,2113,5469806,58.82,3588,5143017,55.31,0,0,0,0,0,0,56.96,0,43.04
2021-05-25T00:00:00.000Z,1810,5471616,58.84,2574,5145591,55.33,0,0,0,0,0,0,56.99,0,43.01
2021-05-26T00:00:00.000Z,1395,5473011,58.85,2489,5148080,55.36,0,0,0,0,0,0,57.03,0,42.97
2021-05-27T00:00:00.000Z,1831,5474842,58.87,3171,5151251,55.39,0,0,0,0,0,0,57.06,0,42.94
2021-05-28T00:00:00.000Z,764,5475606,58.88,1394,5152645,55.41,0,0,0,0,0,0,57.07,0,42.93
2021-05-29T00:00:00.000Z,177,5475783,58.88,220,5152865,55.41,0,0,0,0,0,0,57.07,0,42.93
2021-05-30T00:00:00.000Z,1630,5477413,58.9,1925,5154790,55.43,0,0,0,0,0,0,57.1,0,42.9
2021-05-31T00:00:00.000Z,1717,5479130,58.92,2084,5156874,55.45,0,0,0,0,0,0,57.13,0,42.87
2021-06-01T00:00:00.000Z,1360,5480490,58.93,1812,5158686,55.47,0,0,0,0,0,0,57.47,0,42.53
2021-06-02T00:00:00.000Z,1490,5481980,58.95,1597,5160283,55.49,0,0,0,0,0,0,57.25,0,42.75
2021-06-03T00:00:00.000Z,1666,5483646,58.97,1479,5161762,55.51,0,0,0,0,0,0,57.27,0,42.73
2021-06-04T00:00:00.000Z,1075,5484721,58.98,767,5162529,55.52,0,0,0,0,0,0,57.28,0,42.72
2021-06-05T00:00:00.000Z,177,5484898,58.98,151,5162680,55.52,0,0,0,0,0,0,57.29,0,42.71
2021-06-06T00:00:00.000Z,4276,5489174,59.03,996,5163676,55.53,0,0,0,0,0,0,57.31,0,42.69
2021-06-07T00:00:00.000Z,4416,5493590,59.08,802,5164478,55.54,0,0,0,0,0,0,57.34,0,42.66
2021-06-08T00:00:00.000Z,3725,5497315,59.12,1158,5165636,55.55,0,0,0,0,0,0,57.36,0,42.64
2021-06-09T00:00:00.000Z,3595,5500910,59.15,1305,5166941,55.56,0,0,0,0,0,0,57.4,0,42.6
2021-06-10T00:00:00.000Z,3341,5504251,59.19,1285,5168226,55.58,0,0,0,0,0,0,57.42,0,42.58
2021-06-11T00:00:00.000Z,1377,5505628,59.2,571,5168797,55.58,0,0,0,0,0,0,57.43,0,42.57
2021-06-12T00:00:00.000Z,209,5505837,59.21,165,5168962,55.58,0,0,0,0,0,0,57.43,0,42.57
2021-06-13T00:00:00.000Z,3093,5508930,59.24,1251,5170213,55.6,0,0,0,0,0,0,57.45,0,42.55
2021-06-14T00:00:00.000Z,3041,5511971,59.27,1519,5171732,55.61,0,0,0,0,0,0,57.46,0,42.54
2021-06-15T00:00:00.000Z,3125,5515096,59.31,1359,5173091,55.63,0,0,0,0,0,0,57.48,0,42.52
2021-06-16T00:00:00.000Z,2709,5517805,59.34,985,5174076,55.64,0,0,0,0,0,0,57.49,0,42.51
2021-06-17T00:00:00.000Z,2714,5520519,59.36,1186,5175262,55.65,0,0,0,0,0,0,57.51,0,42.49
2021-06-18T00:00:00.000Z,1249,5521768,59.38,486,5175748,55.66,0,0,0,0,0,0,57.52,0,42.48
2021-06-19T00:00:00.000Z,223,5521991,59.38,135,5175883,55.66,0,0,0,0,0,0,57.52,0,42.48
2021-06-20T00:00:00.000Z,3308,5525299,59.42,1323,5177206,55.67,0,0,0,0,0,0,57.54,0,42.46
2021-06-21T00:00:00.000Z,5231,5530530,59.47,1199,5178405,55.69,0,0,0,0,0,0,57.56,0,42.44
2021-06-22T00:00:00.000Z,6909,5537439,59.55,1089,5179494,55.7,0,0,0,0,0,0,57.58,0,42.42
2021-06-23T00:00:00.000Z,10722,5548161,59.66,1280,5180774,55.71,0,0,0,0,0,0,57.6,0,42.4
2021-06-24T00:00:00.000Z,12019,5560180,59.79,1449,5182223,55.73,0,0,0,0,0,0,57.62,0,42.38
2021-06-25T00:00:00.000Z,7085,5567265,59.87,922,5183145,55.74,0,0,0,0,0,0,57.62,0,42.38
2021-06-26T00:00:00.000Z,2260,5569525,59.89,190,5183335,55.74,0,0,0,0,0,0,57.63,0,42.37
2021-06-27T00:00:00.000Z,13617,5583142,60.04,3430,5186765,55.78,0,0,0,0,0,0,57.65,0,42.35
2021-06-28T00:00:00.000Z,14502,5597644,60.19,3664,5190429,55.82,0,0,0,0,0,0,57.68,0,42.32
2021-06-29T00:00:00.000Z,16693,5614337,60.37,3722,5194151,55.86,0,0,0,0,0,0,57.69,0,42.31
2021-06-30T00:00:00.000Z,16464,5630801,60.55,3381,5197532,55.89,0,0,0,0,0,0,57.72,0,42.28
2021-07-01T00:00:00.000Z,16798,5647599,60.73,3359,5200891,55.93,91,91,0,0,0,0,57.78,0,42.22
2021-07-02T00:00:00.000Z,9818,5657417,60.84,1584,5202475,55.94,5,96,0,0,0,0,57.79,0,42.21
2021-07-03T00:00:00.000Z,2660,5660077,60.87,293,5202768,55.95,1,97,0,0,0,0,57.79,0,42.21
2021-07-04T00:00:00.000Z,17720,5677797,61.06,3152,5205920,55.98,1,98,0,0,0,0,57.85,0,42.15
2021-07-05T00:00:00.000Z,17838,5695635,61.25,3030,5208950,56.01,6,104,0,0,0,0,57.91,0,42.09
2021-07-06T00:00:00.000Z,17826,5713461,61.44,3394,5212344,56.05,10,114,0,0,0,0,57.99,0,42.01
2021-07-07T00:00:00.000Z,15506,5728967,61.61,2681,5215025,56.08,12,126,0,0,0,0,58.05,0,41.95
2021-07-08T00:00:00.000Z,16569,5745536,61.78,2855,5217880,56.11,17,143,0,0,0,0,58.12,0,41.88
2021-07-09T00:00:00.000Z,11113,5756649,61.9,1516,5219396,56.13,3,146,0,0,0,0,58.15,0,41.85
2021-07-10T00:00:00.000Z,4973,5761622,61.96,375,5219771,56.13,5,151,0,0,0,0,58.15,0,41.85
2021-07-11T00:00:00.000Z,1452,5763074,61.97,2842,5222613,56.16,6,157,0,0,0,0,58.22,0,41.78
2021-07-12T00:00:00.000Z,2409,5765483,62,3667,5226280,56.2,52,209,0,0,0,0,58.29,0,41.71
2021-07-13T00:00:00.000Z,2945,5768428,62.03,5440,5231720,56.26,124,333,0,0,0,0,58.36,0,41.64
2021-07-14T00:00:00.000Z,2725,5771153,62.06,7501,5239221,56.34,441,774,0.01,0,0,0,58.42,0,41.58
2021-07-15T00:00:00.000Z,2975,5774128,62.09,9270,5248491,56.44,374,1148,0.01,0,0,0,58.5,0,41.5
2021-07-16T00:00:00.000Z,1268,5775396,62.11,5869,5254360,56.5,65,1213,0.01,0,0,0,58.54,0,41.46
2021-07-17T00:00:00.000Z,355,5775751,62.11,1381,5255741,56.52,7,1220,0.01,0,0,0,58.55,0,41.44
2021-07-18T00:00:00.000Z,2055,5777806,62.13,9763,5265504,56.62,235,1455,0.02,0,0,0,58.6,0,41.4
2021-07-19T00:00:00.000Z,3191,5780997,62.17,11330,5276834,56.74,459,1914,0.02,0,0,0,58.65,0,41.35
2021-07-20T00:00:00.000Z,2662,5783659,62.19,11892,5288726,56.87,371,2285,0.02,0,0,0,58.72,0,41.28
2021-07-21T00:00:00.000Z,2376,5786035,62.22,11857,5300583,57,323,2608,0.03,0,0,0,58.81,0,41.19
2021-07-22T00:00:00.000Z,2857,5788892,62.25,13242,5313825,57.14,390,2998,0.03,0,0,0,58.93,0,41.07
2021-07-23T00:00:00.000Z,2015,5790907,62.27,8216,5322041,57.23,105,3103,0.03,0,0,0,58.99,0,41.01
2021-07-24T00:00:00.000Z,625,5791532,62.28,1470,5323511,57.25,6,3109,0.03,0,0,0,58.99,0,41
2021-07-25T00:00:00.000Z,4409,5795941,62.33,15480,5338991,57.41,223,3332,0.04,0,0,0,59.1,0,40.89
2021-07-26T00:00:00.000Z,5152,5801093,62.38,13509,5352500,57.56,322,3654,0.04,0,0,0,59.24,0,40.75
2021-07-27T00:00:00.000Z,5474,5806567,62.44,13546,5366046,57.7,413,4067,0.04,0,0,0,59.37,0.01,40.62
2021-07-28T00:00:00.000Z,3975,5810542,62.48,12318,5378364,57.84,470,4537,0.05,0,0,0,59.5,0.01,40.49
2021-07-29T00:00:00.000Z,4645,5815187,62.53,14161,5392525,57.99,529,5066,0.05,0,0,0,59.65,0.01,40.33
2021-07-30T00:00:00.000Z,2638,5817825,62.56,10836,5403361,58.11,4117,9183,0.1,0,0,0,59.74,0.02,40.25
2021-07-31T00:00:00.000Z,1395,5819220,62.58,3540,5406901,58.14,6156,15339,0.16,0,0,0,59.75,0.02,40.23
2021-08-01T00:00:00.000Z,3067,5822287,62.61,3351,5410252,58.18,31042,46381,0.5,0,0,0,59.91,0.02,40.06
2021-08-02T00:00:00.000Z,3114,5825401,62.64,3157,5413409,58.21,58503,104884,1.13,0,0,0,60.06,0.03,39.91
2021-08-03T00:00:00.000Z,3374,5828775,62.68,3302,5416711,58.25,78949,183833,1.98,0,0,0,60.21,0.03,39.76
2021-08-04T00:00:00.000Z,3513,5832288,62.72,3234,5419945,58.28,80757,264590,2.85,0,0,0,60.34,0.03,39.63
2021-08-05T00:00:00.000Z,4494,5836782,62.77,3552,5423497,58.32,88436,353026,3.8,0,0,0,60.49,0.04,39.47
2021-08-06T00:00:00.000Z,2409,5839191,62.79,1835,5425332,58.34,44738,397764,4.28,0,0,0,60.6,0.04,39.36
2021-08-07T00:00:00.000Z,1018,5840209,62.8,670,5426002,58.35,27348,425112,4.57,0,0,0,60.63,0.04,39.32
2021-08-08T00:00:00.000Z,4992,5845201,62.86,3061,5429063,58.38,80080,505192,5.43,0,0,0,60.68,0.04,39.28
2021-08-09T00:00:00.000Z,5329,5850530,62.91,3036,5432099,58.41,76481,581673,6.25,0,0,0,60.72,0.04,39.24
2021-08-10T00:00:00.000Z,5539,5856069,62.97,3180,5435279,58.45,75418,657091,7.07,0,0,0,60.75,0.04,39.2
2021-08-11T00:00:00.000Z,5678,5861747,63.03,2930,5438209,58.48,62628,719719,7.74,0,0,0,60.79,0.04,39.17
2021-08-12T00:00:00.000Z,7015,5868762,63.11,3273,5441482,58.51,59456,779175,8.38,0,0,0,60.83,0.04,39.12
2021-08-13T00:00:00.000Z,3798,5872560,63.15,2051,5443533,58.54,43860,823035,8.85,0,0,0,60.84,0.05,39.11
2021-08-14T00:00:00.000Z,2246,5874806,63.17,843,5444376,58.55,44478,867513,9.33,0,0,0,60.85,0.05,39.1
2021-08-15T00:00:00.000Z,7152,5881958,63.25,4520,5448896,58.59,97955,965468,10.38,0,0,0,60.89,0.05,39.06
2021-08-16T00:00:00.000Z,6973,5888931,63.33,4729,5453625,58.65,89505,1054973,11.34,0,0,0,60.92,0.04,39.03
2021-08-17T00:00:00.000Z,7572,5896503,63.41,5119,5458744,58.7,83297,1138270,12.24,0,0,0,60.96,0.04,39
2021-08-18T00:00:00.000Z,8631,5905134,63.5,4598,5463342,58.75,69247,1207517,12.98,0,0,0,60.99,0.04,38.96
2021-08-19T00:00:00.000Z,10067,5915201,63.61,5199,5468541,58.81,65961,1273478,13.69,0,0,0,61.03,0.04,38.92
2021-08-20T00:00:00.000Z,4750,5919951,63.66,2799,5471340,58.84,60435,1333913,14.34,0,0,0,61.05,0.05,38.9
2021-08-21T00:00:00.000Z,3493,5923444,63.7,1564,5472904,58.85,50710,1384623,14.89,0,0,0,61.06,0.05,38.89
2021-08-22T00:00:00.000Z,9832,5933276,63.8,4787,5477691,58.9,105077,1489700,16.02,0,0,0,61.12,0.04,38.84
2021-08-23T00:00:00.000Z,10928,5944204,63.92,4429,5482120,58.95,93989,1583689,17.03,0,0,0,61.17,0.04,38.79
2021-08-24T00:00:00.000Z,11723,5955927,64.05,4694,5486814,59,98507,1682196,18.09,0,0,0,61.23,0.04,38.73
2021-08-25T00:00:00.000Z,9615,5965542,64.15,4471,5491285,59.05,99476,1781672,19.16,0,0,0,61.29,0.04,38.67
2021-08-26T00:00:00.000Z,10107,5975649,64.26,5038,5496323,59.1,101168,1882840,20.25,0,0,0,61.36,0.03,38.61
2021-08-27T00:00:00.000Z,4320,5979969,64.31,2770,5499093,59.13,56668,1939508,20.86,0,0,0,61.35,0.04,38.61
2021-08-28T00:00:00.000Z,3694,5983663,64.35,1485,5500578,59.15,33521,1973029,21.22,0,0,0,61.4,0.04,38.57
2021-08-29T00:00:00.000Z,10340,5994003,64.46,5932,5506510,59.21,79484,2052513,22.07,0,0,0,61.46,0.03,38.5
2021-08-30T00:00:00.000Z,12338,6006341,64.59,7005,5513515,59.29,115963,2168476,23.32,0,0,0,61.53,0.03,38.44
2021-08-31T00:00:00.000Z,12082,6018423,64.72,6507,5520022,59.36,114822,2283298,24.55,0,0,0,61.6,0.03,38.37
2021-09-01T00:00:00.000Z,9045,6027468,64.82,6009,5526031,59.42,112444,2395742,25.76,0,0,0,61.43,0.03,38.54
2021-09-02T00:00:00.000Z,8791,6036259,64.91,7159,5533190,59.5,111489,2507231,26.96,0,0,0,61.49,0.03,38.48
2021-09-03T00:00:00.000Z,3745,6040004,64.95,4095,5537285,59.55,58867,2566098,27.59,0,0,0,61.56,0.03,38.42
2021-09-04T00:00:00.000Z,2692,6042696,64.98,2011,5539296,59.57,29934,2596032,27.92,0,0,0,61.59,0.03,38.38
2021-09-05T00:00:00.000Z,7002,6049698,65.06,6449,5545745,59.64,73296,2669328,28.7,0,0,0,61.68,0.03,38.29
2021-09-06T00:00:00.000Z,2822,6052520,65.09,2692,5548437,59.67,22785,2692113,28.95,0,0,0,61.77,0.03,38.2
2021-09-07T00:00:00.000Z,1189,6053709,65.1,865,5549302,59.67,5388,2697501,29.01,0,0,0,61.85,0.03,38.12
2021-09-08T00:00:00.000Z,1375,6055084,65.11,1176,5550478,59.69,6611,2704112,29.08,0,0,0,61.93,0.03,38.05
2021-09-09T00:00:00.000Z,7096,6062180,65.19,12552,5563030,59.82,73815,2777927,29.87,0,0,0,62.02,0.03,37.95
2021-09-10T00:00:00.000Z,3248,6065428,65.22,4990,5568020,59.88,37920,2815847,30.28,0,0,0,62.06,0.03,37.91
2021-09-11T00:00:00.000Z,2104,6067532,65.25,2495,5570515,59.9,14806,2830653,30.44,0,0,0,62.08,0.03,37.89
2021-09-12T00:00:00.000Z,6114,6073646,65.31,8583,5579098,59.99,54103,2884756,31.02,0,0,0,62.16,0.03,37.81
2021-09-13T00:00:00.000Z,5609,6079255,65.37,8245,5587343,60.08,47953,2932709,31.54,0,0,0,62.15,0.03,37.82
2021-09-14T00:00:00.000Z,4956,6084211,65.43,7407,5594750,60.16,48829,2981538,32.06,0,0,0,62.2,0.03,37.77
2021-09-15T00:00:00.000Z,1741,6085952,65.45,2701,5597451,60.19,16676,2998214,32.24,0,0,0,62.25,0.03,37.72
2021-09-16T00:00:00.000Z,337,6086289,65.45,538,5597989,60.2,1741,2999955,32.26,0,0,0,62.37,0.03,37.6
2021-09-17T00:00:00.000Z,3676,6089965,65.49,7006,5604995,60.27,42879,3042834,32.72,0,0,0,62.42,0.03,37.54
2021-09-18T00:00:00.000Z,2250,6092215,65.51,2935,5607930,60.3,12779,3055613,32.86,0,0,0,62.45,0.03,37.52
2021-09-19T00:00:00.000Z,5947,6098162,65.58,10701,5618631,60.42,44312,3099925,33.34,0,0,0,62.55,0.03,37.42
2021-09-20T00:00:00.000Z,3236,6101398,65.61,4630,5623261,60.47,16690,3116615,33.51,0,0,0,62.63,0.03,37.34
2021-09-21T00:00:00.000Z,1330,6102728,65.63,2043,5625304,60.49,3471,3120086,33.55,0,0,0,62.69,0.03,37.28
2021-09-22T00:00:00.000Z,4255,6106983,65.67,7234,5632538,60.57,25054,3145140,33.82,0,0,0,62.72,0.03,37.25
2021-09-23T00:00:00.000Z,4382,6111365,65.72,5896,5638434,60.63,27819,3172959,34.12,0,0,0,62.75,0.03,37.22
2021-09-24T00:00:00.000Z,3197,6114562,65.75,4177,5642611,60.68,27707,3200666,34.42,0,0,0,62.82,0.03,37.15
2021-09-25T00:00:00.000Z,2074,6116636,65.78,2248,5644859,60.7,10433,3211099,34.53,0,0,0,62.85,0.03,37.12
2021-09-26T00:00:00.000Z,5613,6122249,65.84,5963,5650822,60.77,36249,3247348,34.92,0,0,0,62.96,0.03,37
2021-09-27T00:00:00.000Z,4695,6126944,65.89,4453,5655275,60.81,30433,3277781,35.25,0,0,0,63.02,0.03,36.94
2021-09-28T00:00:00.000Z,1463,6128407,65.9,1172,5656447,60.83,6243,3284024,35.31,0,0,0,63.06,0.04,36.91
2021-09-29T00:00:00.000Z,9623,6138030,66.01,8335,5664782,60.92,60300,3344324,35.96,0,0,0,63.13,0.03,36.84
2021-09-30T00:00:00.000Z,10961,6148991,66.12,8560,5673342,61.01,79682,3424006,36.82,0,0,0,63.18,0.03,36.79
2021-10-01T00:00:00.000Z,5113,6154104,66.18,3858,5677200,61.05,46513,3470519,37.32,0,0,0,63.23,0.03,36.73
2021-10-02T00:00:00.000Z,2861,6156965,66.21,2119,5679319,61.07,22417,3492936,37.56,0,0,0,63.26,0.03,36.71
2021-10-03T00:00:00.000Z,11666,6168631,66.33,7260,5686579,61.15,70712,3563648,38.32,0,0,0,63.35,0.03,36.62
2021-10-04T00:00:00.000Z,10317,6178948,66.45,6742,5693321,61.22,51879,3615527,38.88,0,0,0,63.4,0.03,36.57
2021-10-05T00:00:00.000Z,8446,6187394,66.54,5298,5698619,61.28,40462,3655989,39.31,0,0,0,63.41,0.03,36.55
2021-10-06T00:00:00.000Z,7540,6194934,66.62,4166,5702785,61.32,34113,3690102,39.68,0,0,0,63.52,0.03,36.45
2021-10-07T00:00:00.000Z,6885,6201819,66.69,3993,5706778,61.37,34034,3724136,40.05,0,0,0,63.63,0.03,36.34
2021-10-08T00:00:00.000Z,3086,6204905,66.72,2626,5709404,61.4,19225,3743361,40.25,0,0,0,63.68,0.03,36.29
2021-10-09T00:00:00.000Z,1335,6206240,66.74,1431,5710835,61.41,7429,3750790,40.33,0,0,0,63.71,0.03,36.26
2021-10-10T00:00:00.000Z,4674,6210914,66.79,3738,5714573,61.45,21502,3772292,40.57,0,0,0,63.82,0.04,36.14
2021-10-11T00:00:00.000Z,4291,6215205,66.84,2930,5717503,61.48,17253,3789545,40.75,0,0,0,63.91,0.04,36.05
2021-10-12T00:00:00.000Z,3969,6219174,66.88,2990,5720493,61.52,15343,3804888,40.92,0,0,0,63.99,0.05,35.96
2021-10-13T00:00:00.000Z,3484,6222658,66.92,2440,5722933,61.54,13561,3818449,41.06,0,0,0,64.09,0.05,35.86
2021-10-14T00:00:00.000Z,3867,6226525,66.96,2673,5725606,61.57,16543,3834992,41.24,0,0,0,64.19,0.06,35.75
2021-10-15T00:00:00.000Z,1692,6228217,66.98,1672,5727278,61.59,8991,3843983,41.34,0,0,0,64.23,0.07,35.7
2021-10-16T00:00:00.000Z,727,6228944,66.98,940,5728218,61.6,4027,3848010,41.38,0,0,0,64.25,0.08,35.67
2021-10-17T00:00:00.000Z,3090,6232034,67.02,2517,5730735,61.63,12780,3860790,41.52,0,0,0,64.36,0.09,35.56
2021-10-18T00:00:00.000Z,2453,6234487,67.04,1668,5732403,61.64,10053,3870843,41.63,0,0,0,64.43,0.1,35.47
2021-10-19T00:00:00.000Z,2386,6236873,67.07,1273,5733676,61.66,9279,3880122,41.72,0,0,0,64.49,0.1,35.4
2021-10-20T00:00:00.000Z,2428,6239301,67.09,2283,5735959,61.68,10076,3890198,41.83,0,0,0,64.14,0.52,35.34
2021-10-21T00:00:00.000Z,3022,6242323,67.13,3079,5739038,61.71,12141,3902339,41.96,0,0,0,54.23,10.41,35.36
2021-10-22T00:00:00.000Z,1272,6243595,67.14,1419,5740457,61.73,5809,3908148,42.03,0,0,0,54.36,10.26,35.38
2021-10-23T00:00:00.000Z,562,6244157,67.15,1256,5741713,61.74,2558,3910706,42.05,0,0,0,54.42,10.19,35.39
2021-10-24T00:00:00.000Z,2512,6246669,67.17,2650,5744363,61.77,9842,3920548,42.16,0,0,0,54.22,10.43,35.35
2021-10-25T00:00:00.000Z,2627,6249296,67.2,2732,5747095,61.8,8491,3929039,42.25,0,0,0,54.59,10.22,35.19
2021-10-26T00:00:00.000Z,2369,6251665,67.23,2038,5749133,61.82,8505,3937544,42.34,0,0,0,54.64,10.26,35.1
2021-10-27T00:00:00.000Z,2288,6253953,67.25,2549,5751682,61.85,7936,3945480,42.43,0,0,0,54.58,10.37,35.06
2021-10-28T00:00:00.000Z,2491,6256444,67.28,2758,5754440,61.88,8647,3954127,42.52,0,0,0,54.69,10.76,34.55
2021-10-29T00:00:00.000Z,886,6257330,67.29,1133,5755573,61.89,4113,3958240,42.56,0,0,0,54.73,10.75,34.52
2021-10-30T00:00:00.000Z,355,6257685,67.29,524,5756097,61.9,1702,3959942,42.58,0,0,0,54.68,10.81,34.52
2021-10-31T00:00:00.000Z,2259,6259944,67.32,2487,5758584,61.92,8237,3968179,42.67,0,0,0,54.83,10.7,34.47
2021-11-01T00:00:00.000Z,1733,6261677,67.33,2083,5760667,61.95,6452,3974631,42.74,0,0,0,54.95,10.63,34.42
2021-11-02T00:00:00.000Z,2017,6263694,67.36,2028,5762695,61.97,6266,3980897,42.81,0,0,0,54.89,10.69,34.42
2021-11-03T00:00:00.000Z,1753,6265447,67.38,1878,5764573,61.99,5538,3986435,42.87,0,0,0,54.86,10.75,34.39
2021-11-04T00:00:00.000Z,2102,6267549,67.4,2787,5767360,62.02,7105,3993540,42.94,0,0,0,54.85,10.81,34.33
2021-11-05T00:00:00.000Z,774,6268323,67.41,890,5768250,62.03,3450,3996990,42.98,0,0,0,54.85,10.83,34.32
2021-11-06T00:00:00.000Z,341,6268664,67.41,379,5768629,62.03,1368,3998358,43,0,0,0,54.82,10.86,34.32
2021-11-07T00:00:00.000Z,1582,6270246,67.43,1766,5770395,62.05,6119,4004477,43.06,0,0,0,54.92,10.8,34.28
2021-11-08T00:00:00.000Z,1512,6271758,67.44,1592,5771987,62.07,5388,4009865,43.12,0,0,0,55.01,10.75,34.24
2021-11-09T00:00:00.000Z,1420,6273178,67.46,1591,5773578,62.09,5314,4015179,43.18,0,0,0,55.05,10.74,34.21
2021-11-10T00:00:00.000Z,1419,6274597,67.47,1642,5775220,62.1,4761,4019940,43.23,0,0,0,55.08,10.73,34.19
2021-11-11T00:00:00.000Z,1629,6276226,67.49,1927,5777147,62.12,5681,4025621,43.29,0,0,0,55.15,10.69,34.15
2021-11-12T00:00:00.000Z,623,6276849,67.5,812,5777959,62.13,2894,4028515,43.32,0,0,0,55.17,10.69,34.14
2021-11-13T00:00:00.000Z,252,6277101,67.5,282,5778241,62.14,1115,4029630,43.33,0,0,0,55.14,10.72,34.14
2021-11-14T00:00:00.000Z,1537,6278638,67.52,1626,5779867,62.15,5104,4034734,43.39,0,0,0,55.21,10.68,34.11
2021-11-15T00:00:00.000Z,1265,6279903,67.53,1607,5781474,62.17,4755,4039489,43.44,0,0,0,55.28,10.63,34.09
2021-11-16T00:00:00.000Z,1268,6281171,67.54,1396,5782870,62.19,4326,4043815,43.49,0,0,0,55.32,10.62,34.07
2021-11-17T00:00:00.000Z,1194,6282365,67.56,1550,5784420,62.2,3885,4047700,43.53,0,0,0,55.35,10.6,34.05
2021-11-18T00:00:00.000Z,1355,6283720,67.57,1677,5786097,62.22,4989,4052689,43.58,0,0,0,55.41,10.58,34.02
2021-11-19T00:00:00.000Z,585,6284305,67.58,745,5786842,62.23,2431,4055120,43.61,0,0,0,55.42,10.57,34.01
2021-11-20T00:00:00.000Z,234,6284539,67.58,242,5787084,62.23,916,4056036,43.62,0,0,0,55.41,10.58,34
2021-11-21T00:00:00.000Z,1411,6285950,67.6,1526,5788610,62.25,4862,4060898,43.67,0,0,0,55.47,10.54,33.98
2021-11-22T00:00:00.000Z,1675,6287625,67.61,1509,5790119,62.26,4208,4065106,43.71,0,0,0,55.54,10.5,33.96
2021-11-23T00:00:00.000Z,8616,6296241,67.71,1666,5791785,62.28,3977,4069083,43.76,0,0,0,55.57,10.48,33.95
2021-11-24T00:00:00.000Z,9345,6305586,67.81,1305,5793090,62.3,3901,4072984,43.8,0,0,0,55.6,10.44,33.95
2021-11-25T00:00:00.000Z,9809,6315395,67.91,1586,5794676,62.31,4817,4077801,43.85,0,0,0,55.64,10.43,33.93
2021-11-26T00:00:00.000Z,5607,6321002,67.97,735,5795411,62.32,2757,4080558,43.88,0,0,0,55.63,10.45,33.92
2021-11-27T00:00:00.000Z,4777,6325779,68.02,316,5795727,62.32,1146,4081704,43.89,0,0,0,55.62,10.46,33.92
2021-11-28T00:00:00.000Z,10145,6335924,68.13,1477,5797204,62.34,4885,4086589,43.95,0,0,0,55.67,10.43,33.9
2021-11-29T00:00:00.000Z,9037,6344961,68.23,1125,5798329,62.35,4345,4090934,43.99,0,0,0,55.73,10.39,33.88
2021-11-30T00:00:00.000Z,10043,6355004,68.34,1017,5799346,62.36,4054,4094988,44.04,0,0,0,55.77,10.37,33.86
2021-12-01T00:00:00.000Z,8622,6363626,68.43,1086,5800432,62.38,4411,4099399,44.08,2,2,0,55.79,10.36,33.84
2021-12-02T00:00:00.000Z,9169,6372795,68.53,1434,5801866,62.39,5087,4104486,44.14,6,8,0,55.84,10.34,33.82
2021-12-03T00:00:00.000Z,6333,6379128,68.6,658,5802524,62.4,2840,4107326,44.17,1,9,0,55.86,10.33,33.81
2021-12-04T00:00:00.000Z,2506,6381634,68.62,231,5802755,62.4,904,4108230,44.18,2,11,0,55.85,10.34,33.81
2021-12-05T00:00:00.000Z,8335,6389969,68.71,1251,5804006,62.41,4665,4112895,44.23,0,11,0,55.9,10.31,33.79
2021-12-06T00:00:00.000Z,6722,6396691,68.79,1185,5805191,62.43,4319,4117214,44.27,3,14,0,55.95,10.27,33.78
2021-12-07T00:00:00.000Z,5548,6402239,68.85,1488,5806679,62.44,3944,4121158,44.32,5,19,0,55.99,10.25,33.76
2021-12-08T00:00:00.000Z,4931,6407170,68.9,1188,5807867,62.45,3845,4125003,44.36,8,27,0,56.03,10.22,33.75
2021-12-09T00:00:00.000Z,6238,6413408,68.97,1223,5809090,62.47,4482,4129485,44.41,7,34,0,56.08,10.19,33.73
2021-12-10T00:00:00.000Z,3006,6416414,69,679,5809769,62.48,2651,4132136,44.44,3,37,0,56.1,10.18,33.72
2021-12-11T00:00:00.000Z,1491,6417905,69.02,250,5810019,62.48,999,4133135,44.45,0,37,0,56.1,10.18,33.71
2021-12-12T00:00:00.000Z,7272,6425177,69.09,1436,5811455,62.49,5231,4138366,44.5,2,39,0,56.16,10.15,33.69
2021-12-13T00:00:00.000Z,6176,6431353,69.16,1363,5812818,62.51,4325,4142691,44.55,3,42,0,56.21,10.11,33.67
2021-12-14T00:00:00.000Z,7319,6438672,69.24,6094,5818912,62.57,4910,4147601,44.6,10,52,0,56.27,10.09,33.65
2021-12-15T00:00:00.000Z,7201,6445873,69.32,7397,5826309,62.65,5415,4153016,44.66,2,54,0,56.34,10.06,33.6
2021-12-16T00:00:00.000Z,8080,6453953,69.4,8603,5834912,62.75,6522,4159538,44.73,5,59,0,56.53,10.05,33.42
2021-12-17T00:00:00.000Z,4398,6458351,69.45,5123,5840035,62.8,3908,4163446,44.77,3,62,0,56.64,10.05,33.3
2021-12-18T00:00:00.000Z,3938,6462289,69.49,2907,5842942,62.83,1340,4164786,44.79,2,64,0,56.73,10.07,33.2
2021-12-19T00:00:00.000Z,6983,6469272,69.57,9328,5852270,62.93,6250,4171036,44.85,3,67,0,56.92,10.04,33.04
2021-12-20T00:00:00.000Z,7972,6477244,69.65,7508,5859778,63.01,5398,4176434,44.91,7,74,0,57.07,10.02,32.91
2021-12-21T00:00:00.000Z,9547,6486791,69.76,8642,5868420,63.11,6438,4182872,44.98,5,79,0,57.27,10.01,32.71
2021-12-22T00:00:00.000Z,9665,6496456,69.86,8138,5876558,63.19,6213,4189085,45.05,10,89,0,57.49,10,32.52
2021-12-23T00:00:00.000Z,11542,6507998,69.98,10258,5886816,63.3,8105,4197190,45.13,13,102,0,57.7,9.97,32.33
2021-12-24T00:00:00.000Z,5878,6513876,70.05,6237,5893053,63.37,5240,4202430,45.19,6,108,0,57.83,9.96,32.21
2021-12-25T00:00:00.000Z,3338,6517214,70.08,2565,5895618,63.4,2016,4204446,45.21,5,113,0,57.9,9.96,32.15
2021-12-26T00:00:00.000Z,10654,6527868,70.2,8912,5904530,63.49,8181,4212627,45.3,8,121,0,58.1,9.92,31.98
2021-12-27T00:00:00.000Z,10368,6538236,70.31,7137,5911667,63.57,8159,4220786,45.39,18,139,0,58.27,9.9,31.83
2021-12-28T00:00:00.000Z,11373,6549609,70.43,7440,5919107,63.65,9610,4230396,45.49,15,154,0,58.46,9.88,31.66
2021-12-29T00:00:00.000Z,9942,6559551,70.54,5958,5925065,63.72,8336,4238732,45.58,12,166,0,58.64,9.85,31.51
2021-12-30T00:00:00.000Z,11016,6570567,70.66,7726,5932791,63.8,12213,4250945,45.71,7,173,0,58.84,9.82,31.34
2021-12-31T00:00:00.000Z,4833,6575400,70.71,3669,5936460,63.84,7280,4258225,45.79,128,301,0,58.9,9.79,31.3
2022-01-01T00:00:00.000Z,1991,6577391,70.73,1590,5938050,63.85,2738,4260963,45.82,60,361,0,58.93,9.79,31.28
2022-01-02T00:00:00.000Z,10217,6587608,70.84,6484,5944534,63.92,12993,4273956,45.96,588,949,0.01,59.14,9.76,31.1
2022-01-03T00:00:00.000Z,9386,6596994,70.94,5252,5949786,63.98,11305,4285261,46.08,25052,26001,0.28,59.29,9.71,31
2022-01-04T00:00:00.000Z,8969,6605963,71.04,5941,5955727,64.05,10492,4295753,46.19,50636,76637,0.82,59.46,9.68,30.86
2022-01-05T00:00:00.000Z,8552,6614515,71.13,5733,5961460,64.11,10455,4306208,46.31,59561,136198,1.46,59.56,9.65,30.79
2022-01-06T00:00:00.000Z,10343,6624858,71.24,7958,5969418,64.19,13507,4319715,46.45,63966,200164,2.15,59.81,9.63,30.56
2022-01-07T00:00:00.000Z,4753,6629611,71.29,4549,5973967,64.24,8122,4327837,46.54,31125,231289,2.49,59.89,9.61,30.49
2022-01-08T00:00:00.000Z,2749,6632360,71.32,2451,5976418,64.27,5481,4333318,46.6,27622,258911,2.78,59.9,9.64,30.46
2022-01-09T00:00:00.000Z,9313,6641673,71.42,7725,5984143,64.35,11851,4345169,46.73,66741,325652,3.5,60.06,9.59,30.35
2022-01-10T00:00:00.000Z,8364,6650037,71.51,7650,5991793,64.43,11842,4357011,46.85,64738,390390,4.2,60.21,9.54,30.25
2022-01-11T00:00:00.000Z,8106,6658143,71.6,8619,6000412,64.53,11944,4368955,46.98,56631,447021,4.81,60.38,9.49,30.13
2022-01-12T00:00:00.000Z,7278,6665421,71.68,8313,6008725,64.61,11083,4380038,47.1,44593,491614,5.29,60.51,9.45,30.04
2022-01-13T00:00:00.000Z,7514,6672935,71.76,9618,6018343,64.72,11512,4391550,47.22,34734,526348,5.66,60.7,9.35,29.94
2022-01-14T00:00:00.000Z,2556,6675491,71.78,4930,6023273,64.77,6123,4397673,47.29,11135,537483,5.78,60.79,9.31,29.9
2022-01-15T00:00:00.000Z,1462,6676953,71.8,3163,6026436,64.81,3860,4401533,47.33,5713,543196,5.84,60.83,9.29,29.87
2022-01-16T00:00:00.000Z,3820,6680773,71.84,8520,6034956,64.9,7665,4409198,47.41,19981,563177,6.06,60.97,9.2,29.82
2022-01-17T00:00:00.000Z,2809,6683582,71.87,7042,6041998,64.97,6149,4415347,47.48,17832,581009,6.25,61.09,9.13,29.78
2022-01-18T00:00:00.000Z,2474,6686056,71.9,7374,6049372,65.05,5498,4420845,47.54,14807,595816,6.41,61.23,9.07,29.7
2022-01-19T00:00:00.000Z,1915,6687971,71.92,6360,6055732,65.12,4497,4425342,47.59,8450,604266,6.5,61.37,8.98,29.65
2022-01-20T00:00:00.000Z,1779,6689750,71.94,6961,6062693,65.2,4770,4430112,47.64,8033,612299,6.58,61.44,8.85,29.71
2022-01-21T00:00:00.000Z,899,6690649,71.95,3726,6066419,65.24,2618,4432730,47.67,3353,615652,6.62,61.51,8.81,29.68
2022-01-22T00:00:00.000Z,329,6690978,71.95,1457,6067876,65.25,1047,4433777,47.68,1110,616762,6.63,61.51,8.75,29.74
2022-01-23T00:00:00.000Z,1068,6692046,71.96,5624,6073500,65.31,2865,4436642,47.71,6077,622839,6.7,61.61,8.7,29.69
2022-01-24T00:00:00.000Z,756,6692802,71.97,4480,6077980,65.36,2244,4438886,47.73,5050,627889,6.75,61.73,8.62,29.65
2022-01-25T00:00:00.000Z,741,6693543,71.98,4397,6082377,65.41,2163,4441049,47.76,7097,634986,6.83,61.9,8.51,29.59
2022-01-26T00:00:00.000Z,613,6694156,71.99,3283,6085660,65.44,1591,4442640,47.77,4258,639244,6.87,62.02,8.42,29.57
2022-01-27T00:00:00.000Z,792,6694948,71.99,4401,6090061,65.49,1980,4444620,47.8,5435,644679,6.93,62.12,8.35,29.52
2022-01-28T00:00:00.000Z,394,6695342,72,2374,6092435,65.52,1153,4445773,47.81,3444,648123,6.97,62.16,8.33,29.5
2022-01-29T00:00:00.000Z,124,6695466,72,1042,6093477,65.53,413,4446186,47.81,1158,649281,6.98,62.23,8.29,29.48
2022-01-30T00:00:00.000Z,767,6696233,72.01,4716,6098193,65.58,2008,4448194,47.83,8098,657379,7.07,62.3,8.24,29.46
2022-01-31T00:00:00.000Z,528,6696761,72.01,3182,6101375,65.61,1595,4449789,47.85,6465,663844,7.14,62.39,8.17,29.43
2022-02-01T00:00:00.000Z,478,6697239,72.02,2796,6104171,65.64,1499,4451288,47.87,5714,669558,7.2,62.45,8.15,29.4
2022-02-02T00:00:00.000Z,374,6697613,72.02,2382,6106553,65.67,1365,4452653,47.88,5067,674625,7.25,62.28,8.13,29.59
2022-02-03T00:00:00.000Z,445,6698058,72.03,2774,6109327,65.7,1443,4454096,47.9,5601,680226,7.31,62.34,8.08,29.57
2022-02-04T00:00:00.000Z,174,6698232,72.03,985,6110312,65.71,741,4454837,47.91,2449,682675,7.34,62.37,8.06,29.57
2022-02-05T00:00:00.000Z,59,6698291,72.03,339,6110651,65.71,207,4455044,47.91,418,683093,7.35,62.34,8.09,29.56
2022-02-06T00:00:00.000Z,407,6698698,72.03,2317,6112968,65.74,1335,4456379,47.92,5676,688769,7.41,62.41,8.05,29.55
2022-02-07T00:00:00.000Z,281,6698979,72.04,1307,6114275,65.75,967,4457346,47.93,5955,694724,7.47,62.47,8.01,29.52
2022-02-08T00:00:00.000Z,313,6699292,72.04,1494,6115769,65.77,1051,4458397,47.94,6131,700855,7.54,62.54,7.97,29.49
2022-02-09T00:00:00.000Z,252,6699544,72.04,1100,6116869,65.78,929,4459326,47.95,4568,705423,7.59,62.6,7.95,29.45
2022-02-10T00:00:00.000Z,270,6699814,72.05,1291,6118160,65.79,921,4460247,47.96,4812,710235,7.64,62.63,7.93,29.44
2022-02-11T00:00:00.000Z,195,6700009,72.05,542,6118702,65.8,505,4460752,47.97,2529,712764,7.66,62.67,7.91,29.42
2022-02-12T00:00:00.000Z,27,6700036,72.05,90,6118792,65.8,115,4460867,47.97,262,713026,7.67,62.67,7.91,29.41
2022-02-13T00:00:00.000Z,286,6700322,72.05,945,6119737,65.81,962,4461829,47.98,4993,718019,7.72,62.73,7.87,29.39
2022-02-14T00:00:00.000Z,179,6700501,72.05,624,6120361,65.82,741,4462570,47.99,3134,721153,7.75,62.89,7.74,29.36
2022-02-15T00:00:00.000Z,266,6700767,72.06,763,6121124,65.82,918,4463488,48,3813,724966,7.8,62.92,7.73,29.35
2022-02-16T00:00:00.000Z,179,6700946,72.06,575,6121699,65.83,796,4464284,48.01,2482,727448,7.82,62.95,7.72,29.34
2022-02-17T00:00:00.000Z,248,6701194,72.06,737,6122436,65.84,765,4465049,48.01,3050,730498,7.86,62.96,7.7,29.34
2022-02-18T00:00:00.000Z,127,6701321,72.06,326,6122762,65.84,426,4465475,48.02,1112,731610,7.87,62.98,7.69,29.33
2022-02-19T00:00:00.000Z,33,6701354,72.06,82,6122844,65.84,73,4465548,48.02,76,731686,7.87,62.99,7.69,29.32
2022-02-20T00:00:00.000Z,203,6701557,72.07,604,6123448,65.85,714,4466262,48.03,2563,734249,7.9,63.01,7.67,29.32
2022-02-21T00:00:00.000Z,173,6701730,72.07,411,6123859,65.85,477,4466739,48.03,1539,735788,7.91,63.04,7.65,29.31
2022-02-22T00:00:00.000Z,155,6701885,72.07,451,6124310,65.86,556,4467295,48.04,1865,737653,7.93,63.05,7.65,29.3
2022-02-23T00:00:00.000Z,109,6701994,72.07,351,6124661,65.86,450,4467745,48.04,1152,738805,7.94,63.06,7.65,29.29
2022-02-24T00:00:00.000Z,137,6702131,72.07,454,6125115,65.87,559,4468304,48.05,1488,740293,7.96,63.05,7.66,29.29
2022-02-25T00:00:00.000Z,58,6702189,72.07,137,6125252,65.87,186,4468490,48.05,454,740747,7.97,63.06,7.66,29.28
2022-02-26T00:00:00.000Z,15,6702204,72.07,26,6125278,65.87,149,4468639,48.05,34,740781,7.97,63.05,7.67,29.28
2022-02-27T00:00:00.000Z,112,6702316,72.07,339,6125617,65.87,447,4469086,48.06,1118,741899,7.98,63.05,7.67,29.28
2022-02-28T00:00:00.000Z,108,6702424,72.07,264,6125881,65.87,410,4469496,48.06,903,742802,7.99,63.07,7.65,29.28
2022-03-01T00:00:00.000Z,97,6702521,72.08,278,6126159,65.88,362,4469858,48.07,792,743594,8,63.1,7.63,29.27
2022-03-02T00:00:00.000Z,74,6702595,72.08,200,6126359,65.88,318,4470176,48.07,691,744285,8,63.11,7.62,29.27
2022-03-03T00:00:00.000Z,148,6702743,72.08,368,6126727,65.88,493,4470669,48.08,983,745268,8.01,63.05,7.67,29.27
2022-03-04T00:00:00.000Z,52,6702795,72.08,159,6126886,65.89,163,4470832,48.08,226,745494,8.02,63.05,7.68,29.27
2022-03-05T00:00:00.000Z,1,6702796,72.08,24,6126910,65.89,43,4470875,48.08,30,745524,8.02,63.04,7.69,29.27
2022-03-06T00:00:00.000Z,97,6702893,72.08,258,6127168,65.89,411,4471286,48.08,759,746283,8.03,63.04,7.69,29.27
2022-03-07T00:00:00.000Z,88,6702981,72.08,255,6127423,65.89,345,4471631,48.09,603,746886,8.03,63.05,7.69,29.26
2022-03-08T00:00:00.000Z,98,6703079,72.08,263,6127686,65.89,330,4471961,48.09,546,747432,8.04,63.04,7.7,29.26
2022-03-09T00:00:00.000Z,88,6703167,72.08,212,6127898,65.9,332,4472293,48.09,490,747922,8.04,63.02,7.72,29.25
2022-03-10T00:00:00.000Z,113,6703280,72.08,372,6128270,65.9,419,4472712,48.1,614,748536,8.05,63.01,7.74,29.25
2022-03-11T00:00:00.000Z,24,6703304,72.08,85,6128355,65.9,116,4472828,48.1,141,748677,8.05,63,7.75,29.25
2022-03-12T00:00:00.000Z,7,6703311,72.08,9,6128364,65.9,27,4472855,48.1,27,748704,8.05,62.98,7.77,29.24
2022-03-13T00:00:00.000Z,94,6703405,72.09,270,6128634,65.9,357,4473212,48.1,594,749298,8.06,62.98,7.78,29.24
2022-03-14T00:00:00.000Z,64,6703469,72.09,250,6128884,65.91,316,4473528,48.11,558,749856,8.06,62.98,7.78,29.24
2022-03-15T00:00:00.000Z,77,6703546,72.09,182,6129066,65.91,286,4473814,48.11,581,750437,8.07,62.95,7.81,29.24
2022-03-16T00:00:00.000Z,74,6703620,72.09,205,6129271,65.91,301,4474115,48.11,668,751105,8.08,62.94,7.82,29.24
2022-03-17T00:00:00.000Z,65,6703685,72.09,120,6129391,65.91,283,4474398,48.12,607,751712,8.08,62.94,7.82,29.24
2022-03-18T00:00:00.000Z,18,6703703,72.09,53,6129444,65.91,98,4474496,48.12,229,751941,8.09,62.94,7.82,29.24
2022-03-19T00:00:00.000Z,5,6703708,72.09,10,6129454,65.91,26,4474522,48.12,37,751978,8.09,62.89,7.88,29.23
2022-03-20T00:00:00.000Z,118,6703826,72.09,258,6129712,65.92,480,4475002,48.12,1425,753403,8.1,62.87,7.89,29.23
2022-03-21T00:00:00.000Z,97,6703923,72.09,243,6129955,65.92,373,4475375,48.13,1127,754530,8.11,62.87,7.9,29.23
2022-03-22T00:00:00.000Z,140,6704063,72.09,339,6130294,65.92,502,4475877,48.13,1767,756297,8.13,62.84,7.94,29.23
2022-03-23T00:00:00.000Z,108,6704171,72.09,210,6130504,65.92,457,4476334,48.14,1672,757969,8.15,62.81,7.97,29.22
2022-03-24T00:00:00.000Z,175,6704346,72.1,343,6130847,65.93,762,4477096,48.14,2358,760327,8.18,62.78,8,29.22
2022-03-25T00:00:00.000Z,35,6704381,72.1,78,6130925,65.93,153,4477249,48.15,624,760951,8.18,62.78,8,29.23
2022-03-26T00:00:00.000Z,11,6704392,72.1,11,6130936,65.93,32,4477281,48.15,89,761040,8.18,62.77,8,29.22
2022-03-27T00:00:00.000Z,159,6704551,72.1,343,6131279,65.93,756,4478037,48.15,3186,764226,8.22,62.75,8.02,29.22
2022-03-28T00:00:00.000Z,112,6704663,72.1,268,6131547,65.94,616,4478653,48.16,2399,766625,8.24,62.75,8.03,29.22
2022-03-29T00:00:00.000Z,125,6704788,72.1,259,6131806,65.94,634,4479287,48.17,2764,769389,8.27,62.7,8.07,29.22
2022-03-30T00:00:00.000Z,135,6704923,72.1,209,6132015,65.94,535,4479822,48.17,2361,771750,8.3,62.81,8.11,29.07
2022-03-31T00:00:00.000Z,166,6705089,72.1,292,6132307,65.94,728,4480550,48.18,2836,774586,8.33,62.79,8.11,29.1
2022-04-01T00:00:00.000Z,117,6705206,72.1,159,6132466,65.95,272,4480822,48.18,582,775168,8.34,62.72,8.13,29.15
2022-04-02T00:00:00.000Z,6,6705212,72.1,4,6132470,65.95,34,4480856,48.18,49,775217,8.34,62.69,8.15,29.16
2022-04-03T00:00:00.000Z,156,6705368,72.11,264,6132734,65.95,567,4481423,48.19,2469,777686,8.36,62.65,8.16,29.19
2022-04-04T00:00:00.000Z,104,6705472,72.11,204,6132938,65.95,479,4481902,48.2,2211,779897,8.39,62.62,8.16,29.22
2022-04-05T00:00:00.000Z,122,6705594,72.11,218,6133156,65.95,512,4482414,48.2,2233,782130,8.41,62.57,8.19,29.25
2022-04-06T00:00:00.000Z,91,6705685,72.11,153,6133309,65.95,378,4482792,48.21,2011,784141,8.43,62.55,8.2,29.25
2022-04-07T00:00:00.000Z,178,6705863,72.11,208,6133517,65.96,633,4483425,48.21,2549,786690,8.46,62.56,8.2,29.24
2022-04-08T00:00:00.000Z,28,6705891,72.11,55,6133572,65.96,149,4483574,48.21,466,787156,8.46,62.54,8.22,29.23
2022-04-09T00:00:00.000Z,6,6705897,72.11,15,6133587,65.96,24,4483598,48.21,41,787197,8.47,62.52,8.25,29.23
2022-04-10T00:00:00.000Z,103,6706000,72.11,257,6133844,65.96,423,4484021,48.22,1837,789034,8.48,62.51,8.26,29.23
2022-04-11T00:00:00.000Z,78,6706078,72.11,200,6134044,65.96,369,4484390,48.22,1415,790449,8.5,62.54,8.26,29.2
2022-04-12T00:00:00.000Z,202,6706280,72.12,163,6134207,65.96,368,4484758,48.23,1349,791798,8.51,62.58,8.29,29.12
2022-04-13T00:00:00.000Z,116,6706396,72.12,148,6134355,65.97,297,4485055,48.23,1213,793011,8.53,62.58,8.31,29.1
2022-04-14T00:00:00.000Z,81,6706477,72.12,221,6134576,65.97,318,4485373,48.23,1060,794071,8.54,62.57,8.33,29.1
2022-04-15T00:00:00.000Z,9,6706486,72.12,51,6134627,65.97,47,4485420,48.23,78,794149,8.54,62.55,8.35,29.1
2022-04-16T00:00:00.000Z,3,6706489,72.12,8,6134635,65.97,20,4485440,48.23,26,794175,8.54,62.53,8.37,29.1
2022-04-17T00:00:00.000Z,61,6706550,72.12,130,6134765,65.97,228,4485668,48.24,807,794982,8.55,62.52,8.38,29.1
2022-04-18T00:00:00.000Z,68,6706618,72.12,108,6134873,65.97,248,4485916,48.24,745,795727,8.56,62.51,8.38,29.1
2022-04-19T00:00:00.000Z,61,6706679,72.12,129,6135002,65.97,268,4486184,48.24,827,796554,8.57,62.5,8.4,29.1
2022-04-20T00:00:00.000Z,64,6706743,72.12,117,6135119,65.97,230,4486414,48.24,640,797194,8.57,62.48,8.42,29.1
2022-04-21T00:00:00.000Z,53,6706796,72.12,104,6135223,65.98,189,4486603,48.25,475,797669,8.58,62.47,8.43,29.1
2022-04-22T00:00:00.000Z,0,6706796,72.12,15,6135238,65.98,14,4486617,48.25,13,797682,8.58,62.45,8.44,29.11
2022-04-23T00:00:00.000Z,4,6706800,72.12,7,6135245,65.98,12,4486629,48.25,13,797695,8.58,62.43,8.46,29.11
2022-04-24T00:00:00.000Z,92,6706892,72.12,241,6135486,65.98,327,4486956,48.25,861,798556,8.59,62.43,8.47,29.1
2022-04-25T00:00:00.000Z,105,6706997,72.12,191,6135677,65.98,307,4487263,48.25,730,799286,8.6,62.43,8.47,29.1
2022-04-26T00:00:00.000Z,74,6707071,72.12,173,6135850,65.98,295,4487558,48.26,778,800064,8.6,62.42,8.48,29.1
2022-04-27T00:00:00.000Z,55,6707126,72.13,159,6136009,65.98,218,4487776,48.26,634,800698,8.61,62.41,8.49,29.1
2022-04-28T00:00:00.000Z,94,6707220,72.13,219,6136228,65.99,326,4488102,48.26,856,801554,8.62,62.41,8.5,29.1
2022-04-29T00:00:00.000Z,107,6707327,72.13,138,6136366,65.99,181,4488283,48.26,208,801762,8.62,62.39,8.51,29.1
2022-04-30T00:00:00.000Z,1,6707328,72.13,2,6136368,65.99,23,4488306,48.27,18,801780,8.62,62.38,8.52,29.1
2022-05-01T00:00:00.000Z,117,6707445,72.13,174,6136542,65.99,312,4488618,48.27,629,802409,8.63,62.38,8.53,29.09
2022-05-02T00:00:00.000Z,61,6707506,72.13,151,6136693,65.99,234,4488852,48.27,480,802889,8.63,62.37,8.54,29.09
2022-05-03T00:00:00.000Z,73,6707579,72.13,150,6136843,65.99,283,4489135,48.27,495,803384,8.64,62.36,8.55,29.09
2022-05-04T00:00:00.000Z,24,6707603,72.13,53,6136896,65.99,57,4489192,48.27,122,803506,8.64,62.35,8.57,29.08
2022-05-05T00:00:00.000Z,0,6707603,72.13,0,6136896,65.99,1,4489193,48.27,1,803507,8.64,62.34,8.58,29.08
2022-05-06T00:00:00.000Z,18,6707621,72.13,58,6136954,65.99,63,4489256,48.28,139,803646,8.64,62.33,8.59,29.08
2022-05-07T00:00:00.000Z,0,6707621,72.13,3,6136957,65.99,22,4489278,48.28,20,803666,8.64,62.32,8.6,29.08
2022-05-08T00:00:00.000Z,96,6707717,72.13,197,6137154,66,268,4489546,48.28,454,804120,8.65,62.31,8.61,29.08
2022-05-09T00:00:00.000Z,59,6707776,72.13,148,6137302,66,234,4489780,48.28,487,804607,8.65,62.31,8.61,29.08
2022-05-10T00:00:00.000Z,126,6707902,72.13,162,6137464,66,250,4490030,48.28,497,805104,8.66,62.3,8.62,29.08
2022-05-11T00:00:00.000Z,0,6707902,72.13,1,6137465,66,0,4490030,48.28,1,805105,8.66,62.29,8.63,29.08
