Day_Date,vaccinated,vaccinated_cum,vaccinated_population_perc,vaccinated_seconde_dose,vaccinated_seconde_dose_cum,vaccinated_seconde_dose_population_perc,vaccinated_third_dose,vaccinated_third_dose_cum,vaccinated_third_dose_population_perc,vaccinated_fourth_dose,vaccinated_fourth_dose_cum,vaccinated_fourth_dose_population_perc,vaccinated_validity_perc,vaccinated_expired_perc,not_vaccinated_perc
2020-12-19T00:00:00.000Z,46,68,0,0,4,0,0,0,0,0,0,0,0,0,100
2020-12-20T00:00:00.000Z,7391,7459,0.08,0,4,0,0,0,0,0,0,0,0,0,100
2020-12-21T00:00:00.000Z,24919,32378,0.35,0,4,0,0,0,0,0,0,0,0,0,100
2020-12-22T00:00:00.000Z,44656,77034,0.83,0,4,0,0,0,0,0,0,0,0,0,100
2020-12-23T00:00:00.000Z,62904,139938,1.5,0,4,0,0,0,0,0,0,0,0,0,100
2020-12-24T00:00:00.000Z,73420,213358,2.29,0,4,0,0,0,0,0,0,0,0,0,100
2020-12-25T00:00:00.000Z,38506,251864,2.71,0,4,0,0,0,0,0,0,0,0,0,100
2020-12-26T00:00:00.000Z,32612,284476,3.06,0,4,0,0,0,0,0,0,0,0,0,100
2020-12-27T00:00:00.000Z,104554,389030,4.18,0,4,0,0,0,0,0,0,0,0,0,100
2020-12-28T00:00:00.000Z,135002,524032,5.64,0,4,0,0,0,0,0,0,0,0,0,100
2020-12-29T00:00:00.000Z,156276,680308,7.32,2,6,0,0,0,0,0,0,0,0,0,100
2020-12-30T00:00:00.000Z,153134,833442,8.96,0,6,0,0,0,0,0,0,0,0,0,100
2020-12-31T00:00:00.000Z,158534,991976,10.67,0,6,0,0,0,0,0,0,0,0,0,100
2021-01-01T00:00:00.000Z,71409,1063385,11.44,0,6,0,0,0,0,0,0,0,0,0,100
2021-01-02T00:00:00.000Z,71719,1135104,12.21,0,6,0,0,0,0,0,0,0,0,0,100
2021-01-03T00:00:00.000Z,149718,1284822,13.82,0,6,0,0,0,0,0,0,0,0,0,100
2021-01-04T00:00:00.000Z,152162,1436984,15.45,1,7,0,0,0,0,0,0,0,0,0,100
2021-01-05T00:00:00.000Z,125162,1562146,16.8,3,10,0,0,0,0,0,0,0,0,0,100
2021-01-06T00:00:00.000Z,103319,1665465,17.91,2,12,0,0,0,0,0,0,0,0,0,100
2021-01-07T00:00:00.000Z,116011,1781476,19.16,9,21,0,0,0,0,0,0,0,0,0,100
2021-01-08T00:00:00.000Z,66433,1847909,19.87,4,25,0,0,0,0,0,0,0,0,0,100
2021-01-09T00:00:00.000Z,44528,1892437,20.35,24,49,0,0,0,0,0,0,0,0,0,100
2021-01-10T00:00:00.000Z,37628,1930065,20.76,5999,6048,0.07,0,0,0,0,0,0,0,0,100
2021-01-11T00:00:00.000Z,21155,1951220,20.98,19261,25309,0.27,0,0,0,0,0,0,0,0,100
2021-01-12T00:00:00.000Z,24056,1975276,21.24,35666,60975,0.66,0,0,0,0,0,0,0,0,100
2021-01-13T00:00:00.000Z,52048,2027324,21.8,56866,117841,1.27,0,0,0,0,0,0,0,0,100
2021-01-14T00:00:00.000Z,56446,2083770,22.41,68830,186671,2.01,0,0,0,0,0,0,0,0,100
2021-01-15T00:00:00.000Z,30755,2114525,22.74,35931,222602,2.39,0,0,0,0,0,0,0,0,100
2021-01-16T00:00:00.000Z,29465,2143990,23.06,26004,248606,2.67,0,0,0,0,0,0,0,0,100
2021-01-17T00:00:00.000Z,68417,2212407,23.79,84587,333193,3.58,0,0,0,0,0,0,0.31,0,99.69
2021-01-18T00:00:00.000Z,69784,2282191,24.54,120410,453603,4.88,0,0,0,0,0,0,0.58,0,99.42
2021-01-19T00:00:00.000Z,72867,2355058,25.33,137811,591414,6.36,0,0,0,0,0,0,1.09,0,98.91
2021-01-20T00:00:00.000Z,76879,2431937,26.15,143736,735150,7.91,0,0,0,0,0,0,1.9,0,98.1
2021-01-21T00:00:00.000Z,69969,2501906,26.9,164416,899566,9.67,0,0,0,0,0,0,2.88,0,97.12
2021-01-22T00:00:00.000Z,37908,2539814,27.31,71115,970681,10.44,0,0,0,0,0,0,3.39,0,96.61
2021-01-23T00:00:00.000Z,39959,2579773,27.74,53571,1024252,11.01,0,0,0,0,0,0,3.77,0,96.23
2021-01-24T00:00:00.000Z,69124,2648897,28.48,140675,1164927,12.53,0,0,0,0,0,0,4.96,0,95.04
2021-01-25T00:00:00.000Z,80927,2729824,29.36,139490,1304417,14.03,0,0,0,0,0,0,6.61,0,93.39
2021-01-26T00:00:00.000Z,78699,2808523,30.2,126396,1430813,15.39,0,0,0,0,0,0,8.45,0,91.55
2021-01-27T00:00:00.000Z,77946,2886469,31.04,125031,1555844,16.73,0,0,0,0,0,0,10.34,0,89.66
2021-01-28T00:00:00.000Z,79547,2966016,31.9,130591,1686435,18.14,0,0,0,0,0,0,12.43,0,87.57
2021-01-29T00:00:00.000Z,36681,3002697,32.29,64773,1751208,18.83,0,0,0,0,0,0,13.34,0,86.66
2021-01-30T00:00:00.000Z,34388,3037085,32.66,42753,1793961,19.29,0,0,0,0,0,0,14.02,0,85.98
2021-01-31T00:00:00.000Z,73314,3110399,33.45,59485,1853446,19.93,0,0,0,0,0,0,15.76,0,84.24
2021-02-01T00:00:00.000Z,82477,3192876,34.33,35338,1888784,20.31,0,0,0,0,0,0,17.48,0,82.52
2021-02-02T00:00:00.000Z,70073,3262949,35.09,31056,1919840,20.64,0,0,0,0,0,0,19.01,0,80.99
2021-02-03T00:00:00.000Z,60281,3323230,35.74,51423,1971263,21.2,0,0,0,0,0,0,20.47,0,79.53
2021-02-04T00:00:00.000Z,72602,3395832,36.52,58076,2029339,21.82,0,0,0,0,0,0,22,0,78
2021-02-05T00:00:00.000Z,33924,3429756,36.88,28790,2058129,22.13,0,0,0,0,0,0,22.75,0,77.25
2021-02-06T00:00:00.000Z,21610,3451366,37.11,22227,2080356,22.37,0,0,0,0,0,0,23.23,0,76.77
2021-02-07T00:00:00.000Z,54069,3505435,37.7,68720,2149076,23.11,0,0,0,0,0,0,23.99,0,76.01
2021-02-08T00:00:00.000Z,58621,3564056,38.33,65447,2214523,23.81,0,0,0,0,0,0,24.52,0,75.48
2021-02-09T00:00:00.000Z,66323,3630379,39.04,67555,2282078,24.54,0,0,0,0,0,0,25.04,0,74.96
2021-02-10T00:00:00.000Z,70545,3700924,39.8,72289,2354367,25.32,0,0,0,0,0,0,25.77,0,74.23
2021-02-11T00:00:00.000Z,81144,3782068,40.67,72085,2426452,26.09,0,0,0,0,0,0,26.61,0,73.39
2021-02-12T00:00:00.000Z,39087,3821155,41.09,37574,2464026,26.5,0,0,0,0,0,0,27.02,0,72.98
2021-02-13T00:00:00.000Z,27457,3848612,41.39,30432,2494458,26.82,0,0,0,0,0,0,27.33,0,72.67
2021-02-14T00:00:00.000Z,74903,3923515,42.19,69068,2563526,27.57,0,0,0,0,0,0,28.25,0,71.75
2021-02-15T00:00:00.000Z,81528,4005043,43.07,75689,2639215,28.38,0,0,0,0,0,0,29.17,0,70.83
2021-02-16T00:00:00.000Z,83406,4088449,43.97,78272,2717487,29.22,0,0,0,0,0,0,30.11,0,69.89
2021-02-17T00:00:00.000Z,61961,4150410,44.63,75615,2793102,30.04,0,0,0,0,0,0,31.01,0,68.99
2021-02-18T00:00:00.000Z,69140,4219550,45.38,79716,2872818,30.89,0,0,0,0,0,0,31.94,0,68.06
2021-02-19T00:00:00.000Z,39656,4259206,45.8,38140,2910958,31.3,0,0,0,0,0,0,32.45,0,67.55
2021-02-20T00:00:00.000Z,31644,4290850,46.14,28720,2939678,31.61,0,0,0,0,0,0,32.85,0,67.15
2021-02-21T00:00:00.000Z,79415,4370265,47,78427,3018105,32.46,0,0,0,0,0,0,33.8,0,66.2
2021-02-22T00:00:00.000Z,85044,4455309,47.91,80578,3098683,33.32,0,0,0,0,0,0,34.83,0,65.17
2021-02-23T00:00:00.000Z,77317,4532626,48.74,70463,3169146,34.08,0,0,0,0,0,0,35.84,0,64.16
2021-02-24T00:00:00.000Z,61054,4593680,49.4,63118,3232264,34.76,0,0,0,0,0,0,36.76,0,63.24
2021-02-25T00:00:00.000Z,51713,4645393,49.95,64785,3297049,35.45,0,0,0,0,0,0,37.66,0,62.34
2021-02-26T00:00:00.000Z,25899,4671292,50.23,32024,3329073,35.8,0,0,0,0,0,0,38.1,0,61.9
2021-02-27T00:00:00.000Z,18342,4689634,50.43,21193,3350266,36.03,0,0,0,0,0,0,38.42,0,61.58
2021-02-28T00:00:00.000Z,40346,4729980,50.86,55862,3406128,36.63,0,0,0,0,0,0,39.24,0,60.76
2021-03-01T00:00:00.000Z,45720,4775700,51.36,61426,3467554,37.29,0,0,0,0,0,0,40.1,0,59.9
2021-03-02T00:00:00.000Z,41179,4816879,51.8,64775,3532329,37.98,0,0,0,0,0,0,40.85,0,59.15
2021-03-03T00:00:00.000Z,42015,4858894,52.25,66762,3599091,38.7,0,0,0,0,0,0,41.55,0,58.45
2021-03-04T00:00:00.000Z,39691,4898585,52.68,79102,3678193,39.55,0,0,0,0,0,0,42.24,0,57.76
2021-03-05T00:00:00.000Z,17345,4915930,52.86,40452,3718645,39.99,0,0,0,0,0,0,42.57,0,57.43
2021-03-06T00:00:00.000Z,10709,4926639,52.98,25342,3743987,40.26,0,0,0,0,0,0,42.78,0,57.22
2021-03-07T00:00:00.000Z,31139,4957778,53.31,72835,3816822,41.04,0,0,0,0,0,0,43.36,0,56.64
2021-03-08T00:00:00.000Z,27370,4985148,53.61,73277,3890099,41.83,0,0,0,0,0,0,43.97,0,56.03
2021-03-09T00:00:00.000Z,26734,5011882,53.9,76586,3966685,42.66,0,0,0,0,0,0,44.62,0,55.38
2021-03-10T00:00:00.000Z,23344,5035226,54.15,58671,4025356,43.29,0,0,0,0,0,0,45.27,0,54.73
2021-03-11T00:00:00.000Z,23292,5058518,54.4,69077,4094433,44.03,0,0,0,0,0,0,45.99,0,54.01
2021-03-12T00:00:00.000Z,11273,5069791,54.52,41401,4135834,44.47,0,0,0,0,0,0,46.34,0,53.66
2021-03-13T00:00:00.000Z,7938,5077729,54.6,25235,4161069,44.75,0,0,0,0,0,0,46.57,0,53.43
2021-03-14T00:00:00.000Z,20973,5098702,54.83,73925,4234994,45.54,0,0,0,0,0,0,47.2,0,52.8
2021-03-15T00:00:00.000Z,20130,5118832,55.05,78264,4313258,46.38,0,0,0,0,0,0,47.81,0,52.19
2021-03-16T00:00:00.000Z,18737,5137569,55.25,71468,4384726,47.15,0,0,0,0,0,0,48.43,0,51.57
2021-03-17T00:00:00.000Z,17687,5155256,55.44,58993,4443719,47.79,0,0,0,0,0,0,48.92,0,51.08
2021-03-18T00:00:00.000Z,16032,5171288,55.61,58118,4501837,48.41,0,0,0,0,0,0,49.45,0,50.55
2021-03-19T00:00:00.000Z,6937,5178225,55.68,27969,4529806,48.71,0,0,0,0,0,0,49.75,0,50.25
2021-03-20T00:00:00.000Z,5215,5183440,55.74,15290,4545096,48.88,0,0,0,0,0,0,49.93,0,50.07
2021-03-21T00:00:00.000Z,13155,5196595,55.88,40494,4585590,49.31,0,0,0,0,0,0,50.46,0,49.54
2021-03-22T00:00:00.000Z,13562,5210157,56.03,40526,4626116,49.75,0,0,0,0,0,0,51,0,49
2021-03-23T00:00:00.000Z,2822,5212979,56.06,7286,4633402,49.83,0,0,0,0,0,0,51.43,0,48.57
2021-03-24T00:00:00.000Z,10986,5223965,56.18,46543,4679945,50.33,0,0,0,0,0,0,51.84,0,48.16
2021-03-25T00:00:00.000Z,10235,5234200,56.29,35415,4715360,50.71,0,0,0,0,0,0,52.22,0,47.78
2021-03-26T00:00:00.000Z,4172,5238372,56.33,13324,4728684,50.85,0,0,0,0,0,0,52.4,0,47.6
2021-03-27T00:00:00.000Z,1777,5240149,56.35,4263,4732947,50.9,0,0,0,0,0,0,52.5,0,47.5
2021-03-28T00:00:00.000Z,2099,5242248,56.37,4601,4737548,50.95,0,0,0,0,0,0,52.74,0,47.26
2021-03-29T00:00:00.000Z,6894,5249142,56.45,30002,4767550,51.27,0,0,0,0,0,0,53,0,47
2021-03-30T00:00:00.000Z,7871,5257013,56.53,22435,4789985,51.51,0,0,0,0,0,0,53.08,0,46.92
2021-03-31T00:00:00.000Z,8136,5265149,56.62,19474,4809459,51.72,0,0,0,0,0,0,53.38,0,46.62
2021-04-01T00:00:00.000Z,8185,5273334,56.71,18684,4828143,51.92,0,0,0,0,0,0,53.62,0,46.38
2021-04-02T00:00:00.000Z,2916,5276250,56.74,8122,4836265,52.01,0,0,0,0,0,0,53.71,0,46.29
2021-04-03T00:00:00.000Z,1421,5277671,56.75,2967,4839232,52.04,0,0,0,0,0,0,53.74,0,46.26
2021-04-04T00:00:00.000Z,9611,5287282,56.86,22822,4862054,52.28,0,0,0,0,0,0,53.82,0,46.18
2021-04-05T00:00:00.000Z,10337,5297619,56.97,21262,4883316,52.51,0,0,0,0,0,0,54.04,0,45.96
2021-04-06T00:00:00.000Z,9005,5306624,57.06,16776,4900092,52.69,0,0,0,0,0,0,54.21,0,45.79
2021-04-07T00:00:00.000Z,8902,5315526,57.16,15291,4915383,52.86,0,0,0,0,0,0,54.36,0,45.64
2021-04-08T00:00:00.000Z,9403,5324929,57.26,16991,4932374,53.04,0,0,0,0,0,0,54.52,0,45.48
2021-04-09T00:00:00.000Z,3586,5328515,57.3,6232,4938606,53.11,0,0,0,0,0,0,54.58,0,45.42
2021-04-10T00:00:00.000Z,1626,5330141,57.32,3511,4942117,53.15,0,0,0,0,0,0,54.61,0,45.39
2021-04-11T00:00:00.000Z,9023,5339164,57.41,14238,4956355,53.3,0,0,0,0,0,0,54.78,0,45.22
2021-04-12T00:00:00.000Z,8923,5348087,57.51,13218,4969573,53.44,0,0,0,0,0,0,54.95,0,45.05
2021-04-13T00:00:00.000Z,5825,5353912,57.57,4940,4974513,53.49,0,0,0,0,0,0,55.08,0,44.92
2021-04-14T00:00:00.000Z,3631,5357543,57.61,5292,4979805,53.55,0,0,0,0,0,0,55.18,0,44.82
2021-04-15T00:00:00.000Z,680,5358223,57.62,566,4980371,53.56,0,0,0,0,0,0,55.27,0,44.73
2021-04-16T00:00:00.000Z,3398,5361621,57.66,6631,4987002,53.63,0,0,0,0,0,0,55.33,0,44.67
2021-04-17T00:00:00.000Z,809,5362430,57.66,1967,4988969,53.65,0,0,0,0,0,0,55.35,0,44.65
2021-04-18T00:00:00.000Z,7088,5369518,57.74,7425,4996394,53.73,0,0,0,0,0,0,55.47,0,44.53
2021-04-19T00:00:00.000Z,6388,5375906,57.81,7107,5003501,53.81,0,0,0,0,0,0,55.58,0,44.42
2021-04-20T00:00:00.000Z,6267,5382173,57.88,6867,5010368,53.88,0,0,0,0,0,0,55.65,0,44.35
2021-04-21T00:00:00.000Z,6363,5388536,57.95,7087,5017455,53.96,0,0,0,0,0,0,55.71,0,44.29
2021-04-22T00:00:00.000Z,5926,5394462,58.01,7671,5025126,54.04,0,0,0,0,0,0,55.75,0,44.25
2021-04-23T00:00:00.000Z,2747,5397209,58.04,3369,5028495,54.07,0,0,0,0,0,0,55.8,0,44.2
2021-04-24T00:00:00.000Z,760,5397969,58.05,1281,5029776,54.09,0,0,0,0,0,0,55.82,0,44.18
2021-04-25T00:00:00.000Z,4823,5402792,58.1,6910,5036686,54.16,0,0,0,0,0,0,55.89,0,44.11
2021-04-26T00:00:00.000Z,5465,5408257,58.16,7873,5044559,54.25,0,0,0,0,0,0,55.96,0,44.04
2021-04-27T00:00:00.000Z,4494,5412751,58.21,6612,5051171,54.32,0,0,0,0,0,0,56.03,0,43.97
2021-04-28T00:00:00.000Z,4476,5417227,58.25,7298,5058469,54.4,0,0,0,0,0,0,56.09,0,43.91
2021-04-29T00:00:00.000Z,4353,5421580,58.3,7272,5065741,54.47,0,0,0,0,0,0,56.16,0,43.84
2021-04-30T00:00:00.000Z,1910,5423490,58.32,3176,5068917,54.51,0,0,0,0,0,0,56.19,0,43.81
2021-05-01T00:00:00.000Z,451,5423941,58.33,890,5069807,54.52,0,0,0,0,0,0,56.2,0,43.8
2021-05-02T00:00:00.000Z,3217,5427158,58.36,6077,5075884,54.58,0,0,0,0,0,0,56.26,0,43.74
2021-05-03T00:00:00.000Z,3535,5430693,58.4,5810,5081694,54.65,0,0,0,0,0,0,56.32,0,43.68
2021-05-04T00:00:00.000Z,3572,5434265,58.44,4712,5086406,54.7,0,0,0,0,0,0,56.38,0,43.62
2021-05-05T00:00:00.000Z,3275,5437540,58.47,4072,5090478,54.74,0,0,0,0,0,0,56.44,0,43.56
2021-05-06T00:00:00.000Z,3629,5441169,58.51,3132,5093610,54.77,0,0,0,0,0,0,56.5,0,43.5
2021-05-07T00:00:00.000Z,1815,5442984,58.53,2491,5096101,54.8,0,0,0,0,0,0,56.52,0,43.48
2021-05-08T00:00:00.000Z,231,5443215,58.53,497,5096598,54.81,0,0,0,0,0,0,56.53,0,43.47
2021-05-09T00:00:00.000Z,2840,5446055,58.56,4744,5101342,54.86,0,0,0,0,0,0,56.58,0,43.42
2021-05-10T00:00:00.000Z,2887,5448942,58.6,4691,5106033,54.91,0,0,0,0,0,0,56.63,0,43.37
2021-05-11T00:00:00.000Z,2612,5451554,58.62,3864,5109897,54.95,0,0,0,0,0,0,56.67,0,43.33
2021-05-12T00:00:00.000Z,2010,5453564,58.64,3324,5113221,54.99,0,0,0,0,0,0,56.7,0,43.3
2021-05-13T00:00:00.000Z,2030,5455594,58.67,3664,5116885,55.02,0,0,0,0,0,0,56.73,0,43.27
2021-05-14T00:00:00.000Z,961,5456555,58.68,1478,5118363,55.04,0,0,0,0,0,0,56.75,0,43.25
2021-05-15T00:00:00.000Z,242,5456797,58.68,249,5118612,55.04,0,0,0,0,0,0,56.75,0,43.25
2021-05-16T00:00:00.000Z,525,5457322,58.69,1200,5119812,55.06,0,0,0,0,0,0,56.78,0,43.22
2021-05-17T00:00:00.000Z,288,5457610,58.69,832,5120644,55.06,0,0,0,0,0,0,56.81,0,43.19
2021-05-18T00:00:00.000Z,1949,5459559,58.71,4924,5125568,55.12,0,0,0,0,0,0,56.84,0,43.16
2021-05-19T00:00:00.000Z,2211,5461770,58.73,5029,5130597,55.17,0,0,0,0,0,0,56.87,0,43.13
2021-05-20T00:00:00.000Z,2301,5464071,58.76,3864,5134461,55.21,0,0,0,0,0,0,56.9,0,43.1
2021-05-21T00:00:00.000Z,1175,5465246,58.77,1391,5135852,55.23,0,0,0,0,0,0,56.92,0,43.08
2021-05-22T00:00:00.000Z,204,5465450,58.77,386,5136238,55.23,0,0,0,0,0,0,56.92,0,43.08
2021-05-23T00:00:00.000Z,2267,5467717,58.8,3212,5139450,55.27,0,0,0,0,0,0,56.94,0,43.06
2021-05-24T00:00:00.000Z,2113,5469830,58.82,3588,5143038,55.31,0,0,0,0,0,0,56.96,0,43.04
2021-05-25T00:00:00.000Z,1810,5471640,58.84,2574,5145612,55.33,0,0,0,0,0,0,56.99,0,43.01
2021-05-26T00:00:00.000Z,1395,5473035,58.85,2489,5148101,55.36,0,0,0,0,0,0,57.03,0,42.97
2021-05-27T00:00:00.000Z,1831,5474866,58.87,3171,5151272,55.39,0,0,0,0,0,0,57.06,0,42.94
2021-05-28T00:00:00.000Z,764,5475630,58.88,1394,5152666,55.41,0,0,0,0,0,0,57.07,0,42.93
2021-05-29T00:00:00.000Z,177,5475807,58.88,220,5152886,55.41,0,0,0,0,0,0,57.07,0,42.93
2021-05-30T00:00:00.000Z,1630,5477437,58.9,1925,5154811,55.43,0,0,0,0,0,0,57.1,0,42.9
2021-05-31T00:00:00.000Z,1718,5479155,58.92,2084,5156895,55.45,0,0,0,0,0,0,57.13,0,42.87
2021-06-01T00:00:00.000Z,1360,5480515,58.93,1812,5158707,55.47,0,0,0,0,0,0,57.47,0,42.53
2021-06-02T00:00:00.000Z,1490,5482005,58.95,1597,5160304,55.49,0,0,0,0,0,0,57.25,0,42.75
2021-06-03T00:00:00.000Z,1666,5483671,58.97,1479,5161783,55.51,0,0,0,0,0,0,57.27,0,42.73
2021-06-04T00:00:00.000Z,1075,5484746,58.98,767,5162550,55.52,0,0,0,0,0,0,57.28,0,42.72
2021-06-05T00:00:00.000Z,177,5484923,58.98,151,5162701,55.52,0,0,0,0,0,0,57.29,0,42.71
2021-06-06T00:00:00.000Z,4276,5489199,59.03,996,5163697,55.53,0,0,0,0,0,0,57.31,0,42.69
2021-06-07T00:00:00.000Z,4416,5493615,59.08,802,5164499,55.54,0,0,0,0,0,0,57.34,0,42.66
2021-06-08T00:00:00.000Z,3725,5497340,59.12,1158,5165657,55.55,0,0,0,0,0,0,57.36,0,42.64
2021-06-09T00:00:00.000Z,3595,5500935,59.15,1305,5166962,55.56,0,0,0,0,0,0,57.4,0,42.6
2021-06-10T00:00:00.000Z,3341,5504276,59.19,1285,5168247,55.58,0,0,0,0,0,0,57.42,0,42.58
2021-06-11T00:00:00.000Z,1377,5505653,59.21,571,5168818,55.58,0,0,0,0,0,0,57.43,0,42.57
2021-06-12T00:00:00.000Z,209,5505862,59.21,165,5168983,55.58,0,0,0,0,0,0,57.43,0,42.57
2021-06-13T00:00:00.000Z,3093,5508955,59.24,1251,5170234,55.6,0,0,0,0,0,0,57.45,0,42.55
2021-06-14T00:00:00.000Z,3041,5511996,59.27,1519,5171753,55.61,0,0,0,0,0,0,57.46,0,42.54
2021-06-15T00:00:00.000Z,3125,5515121,59.31,1359,5173112,55.63,0,0,0,0,0,0,57.48,0,42.52
2021-06-16T00:00:00.000Z,2709,5517830,59.34,985,5174097,55.64,0,0,0,0,0,0,57.49,0,42.51
2021-06-17T00:00:00.000Z,2714,5520544,59.37,1186,5175283,55.65,0,0,0,0,0,0,57.51,0,42.49
2021-06-18T00:00:00.000Z,1249,5521793,59.38,486,5175769,55.66,0,0,0,0,0,0,57.52,0,42.48
2021-06-19T00:00:00.000Z,223,5522016,59.38,135,5175904,55.66,0,0,0,0,0,0,57.52,0,42.48
2021-06-20T00:00:00.000Z,3308,5525324,59.42,1323,5177227,55.67,0,0,0,0,0,0,57.54,0,42.46
2021-06-21T00:00:00.000Z,5231,5530555,59.47,1200,5178427,55.69,0,0,0,0,0,0,57.56,0,42.44
2021-06-22T00:00:00.000Z,6909,5537464,59.55,1089,5179516,55.7,0,0,0,0,0,0,57.58,0,42.42
2021-06-23T00:00:00.000Z,10722,5548186,59.66,1280,5180796,55.71,0,0,0,0,0,0,57.6,0,42.4
2021-06-24T00:00:00.000Z,12019,5560205,59.79,1449,5182245,55.73,0,0,0,0,0,0,57.62,0,42.38
2021-06-25T00:00:00.000Z,7085,5567290,59.87,922,5183167,55.74,0,0,0,0,0,0,57.62,0,42.38
2021-06-26T00:00:00.000Z,2260,5569550,59.89,190,5183357,55.74,0,0,0,0,0,0,57.63,0,42.37
2021-06-27T00:00:00.000Z,13617,5583167,60.04,3430,5186787,55.78,0,0,0,0,0,0,57.65,0,42.35
2021-06-28T00:00:00.000Z,14502,5597669,60.19,3664,5190451,55.82,0,0,0,0,0,0,57.68,0,42.32
2021-06-29T00:00:00.000Z,16693,5614362,60.37,3722,5194173,55.86,0,0,0,0,0,0,57.69,0,42.31
2021-06-30T00:00:00.000Z,16465,5630827,60.55,3381,5197554,55.89,0,0,0,0,0,0,57.72,0,42.28
2021-07-01T00:00:00.000Z,16798,5647625,60.73,3359,5200913,55.93,91,91,0,0,0,0,57.78,0,42.22
2021-07-02T00:00:00.000Z,9818,5657443,60.84,1584,5202497,55.95,5,96,0,0,0,0,57.79,0,42.21
2021-07-03T00:00:00.000Z,2661,5660104,60.87,293,5202790,55.95,1,97,0,0,0,0,57.79,0,42.21
2021-07-04T00:00:00.000Z,17720,5677824,61.06,3152,5205942,55.98,1,98,0,0,0,0,57.85,0,42.15
2021-07-05T00:00:00.000Z,17838,5695662,61.25,3030,5208972,56.01,6,104,0,0,0,0,57.91,0,42.09
2021-07-06T00:00:00.000Z,17826,5713488,61.44,3394,5212366,56.05,10,114,0,0,0,0,57.99,0,42.01
2021-07-07T00:00:00.000Z,15506,5728994,61.61,2681,5215047,56.08,12,126,0,0,0,0,58.05,0,41.95
2021-07-08T00:00:00.000Z,16569,5745563,61.79,2855,5217902,56.11,17,143,0,0,0,0,58.12,0,41.88
2021-07-09T00:00:00.000Z,11114,5756677,61.9,1516,5219418,56.13,3,146,0,0,0,0,58.15,0,41.85
2021-07-10T00:00:00.000Z,4973,5761650,61.96,375,5219793,56.13,5,151,0,0,0,0,58.15,0,41.85
2021-07-11T00:00:00.000Z,1452,5763102,61.97,2842,5222635,56.16,6,157,0,0,0,0,58.22,0,41.78
2021-07-12T00:00:00.000Z,2409,5765511,62,3667,5226302,56.2,52,209,0,0,0,0,58.29,0,41.71
2021-07-13T00:00:00.000Z,2945,5768456,62.03,5440,5231742,56.26,124,333,0,0,0,0,58.36,0,41.64
2021-07-14T00:00:00.000Z,2726,5771182,62.06,7501,5239243,56.34,441,774,0.01,0,0,0,58.42,0,41.58
2021-07-15T00:00:00.000Z,2975,5774157,62.09,9270,5248513,56.44,374,1148,0.01,0,0,0,58.5,0,41.5
2021-07-16T00:00:00.000Z,1268,5775425,62.11,5869,5254382,56.5,65,1213,0.01,0,0,0,58.54,0,41.46
2021-07-17T00:00:00.000Z,355,5775780,62.11,1381,5255763,56.52,7,1220,0.01,0,0,0,58.55,0,41.44
2021-07-18T00:00:00.000Z,2055,5777835,62.13,9763,5265526,56.62,235,1455,0.02,0,0,0,58.6,0,41.4
2021-07-19T00:00:00.000Z,3191,5781026,62.17,11330,5276856,56.74,459,1914,0.02,0,0,0,58.65,0,41.35
2021-07-20T00:00:00.000Z,2662,5783688,62.19,11892,5288748,56.87,371,2285,0.02,0,0,0,58.72,0,41.28
2021-07-21T00:00:00.000Z,2376,5786064,62.22,11857,5300605,57,323,2608,0.03,0,0,0,58.81,0,41.19
2021-07-22T00:00:00.000Z,2857,5788921,62.25,13242,5313847,57.14,390,2998,0.03,0,0,0,58.93,0,41.07
2021-07-23T00:00:00.000Z,2015,5790936,62.27,8216,5322063,57.23,105,3103,0.03,0,0,0,58.99,0,41.01
2021-07-24T00:00:00.000Z,625,5791561,62.28,1470,5323533,57.25,6,3109,0.03,0,0,0,58.99,0,41
2021-07-25T00:00:00.000Z,4409,5795970,62.33,15480,5339013,57.41,223,3332,0.04,0,0,0,59.1,0,40.89
2021-07-26T00:00:00.000Z,5152,5801122,62.38,13509,5352522,57.56,322,3654,0.04,0,0,0,59.24,0,40.75
2021-07-27T00:00:00.000Z,5474,5806596,62.44,13546,5366068,57.7,413,4067,0.04,0,0,0,59.37,0.01,40.62
2021-07-28T00:00:00.000Z,3975,5810571,62.48,12318,5378386,57.84,470,4537,0.05,0,0,0,59.5,0.01,40.49
2021-07-29T00:00:00.000Z,4645,5815216,62.53,14161,5392547,57.99,529,5066,0.05,0,0,0,59.65,0.01,40.33
2021-07-30T00:00:00.000Z,2639,5817855,62.56,10836,5403383,58.11,4117,9183,0.1,0,0,0,59.74,0.02,40.25
2021-07-31T00:00:00.000Z,1395,5819250,62.58,3540,5406923,58.14,6156,15339,0.16,0,0,0,59.75,0.02,40.23
2021-08-01T00:00:00.000Z,3067,5822317,62.61,3352,5410275,58.18,31042,46381,0.5,0,0,0,59.91,0.02,40.06
2021-08-02T00:00:00.000Z,3114,5825431,62.64,3157,5413432,58.21,58503,104884,1.13,0,0,0,60.06,0.03,39.91
2021-08-03T00:00:00.000Z,3374,5828805,62.68,3302,5416734,58.25,78949,183833,1.98,0,0,0,60.21,0.03,39.76
2021-08-04T00:00:00.000Z,3513,5832318,62.72,3235,5419969,58.28,80757,264590,2.85,0,0,0,60.34,0.03,39.63
2021-08-05T00:00:00.000Z,4494,5836812,62.77,3552,5423521,58.32,88437,353027,3.8,0,0,0,60.49,0.04,39.47
2021-08-06T00:00:00.000Z,2410,5839222,62.79,1835,5425356,58.34,44738,397765,4.28,0,0,0,60.6,0.04,39.36
2021-08-07T00:00:00.000Z,1018,5840240,62.8,670,5426026,58.35,27348,425113,4.57,0,0,0,60.63,0.04,39.32
2021-08-08T00:00:00.000Z,4992,5845232,62.86,3061,5429087,58.38,80080,505193,5.43,0,0,0,60.68,0.04,39.28
2021-08-09T00:00:00.000Z,5329,5850561,62.91,3036,5432123,58.41,76481,581674,6.25,0,0,0,60.72,0.04,39.24
2021-08-10T00:00:00.000Z,5539,5856100,62.97,3180,5435303,58.45,75418,657092,7.07,0,0,0,60.75,0.04,39.2
2021-08-11T00:00:00.000Z,5678,5861778,63.03,2930,5438233,58.48,62628,719720,7.74,0,0,0,60.79,0.04,39.17
2021-08-12T00:00:00.000Z,7015,5868793,63.11,3273,5441506,58.52,59456,779176,8.38,0,0,0,60.83,0.04,39.12
2021-08-13T00:00:00.000Z,3798,5872591,63.15,2051,5443557,58.54,43860,823036,8.85,0,0,0,60.84,0.05,39.11
2021-08-14T00:00:00.000Z,2246,5874837,63.18,843,5444400,58.55,44478,867514,9.33,0,0,0,60.85,0.05,39.1
2021-08-15T00:00:00.000Z,7152,5881989,63.25,4520,5448920,58.59,97955,965469,10.38,0,0,0,60.89,0.05,39.06
2021-08-16T00:00:00.000Z,6973,5888962,63.33,4729,5453649,58.65,89505,1054974,11.34,0,0,0,60.92,0.04,39.03
2021-08-17T00:00:00.000Z,7572,5896534,63.41,5121,5458770,58.7,83297,1138271,12.24,0,0,0,60.96,0.04,39
2021-08-18T00:00:00.000Z,8631,5905165,63.5,4598,5463368,58.75,69247,1207518,12.99,0,0,0,60.99,0.04,38.96
2021-08-19T00:00:00.000Z,10067,5915232,63.61,5199,5468567,58.81,65961,1273479,13.69,0,0,0,61.03,0.04,38.92
2021-08-20T00:00:00.000Z,4750,5919982,63.66,2799,5471366,58.84,60435,1333914,14.34,0,0,0,61.05,0.05,38.9
2021-08-21T00:00:00.000Z,3493,5923475,63.7,1564,5472930,58.85,50710,1384624,14.89,0,0,0,61.06,0.05,38.89
2021-08-22T00:00:00.000Z,9832,5933307,63.8,4787,5477717,58.9,105078,1489702,16.02,0,0,0,61.12,0.04,38.84
2021-08-23T00:00:00.000Z,10928,5944235,63.92,4430,5482147,58.95,93990,1583692,17.03,0,0,0,61.17,0.04,38.79
2021-08-24T00:00:00.000Z,11723,5955958,64.05,4694,5486841,59,98507,1682199,18.09,0,0,0,61.23,0.04,38.73
2021-08-25T00:00:00.000Z,9614,5965572,64.15,4471,5491312,59.05,99478,1781677,19.16,0,0,0,61.29,0.04,38.67
2021-08-26T00:00:00.000Z,10107,5975679,64.26,5038,5496350,59.1,101168,1882845,20.25,0,0,0,61.36,0.03,38.61
2021-08-27T00:00:00.000Z,4320,5979999,64.31,2770,5499120,59.13,56668,1939513,20.86,0,0,0,61.35,0.04,38.61
2021-08-28T00:00:00.000Z,3694,5983693,64.35,1485,5500605,59.15,33521,1973034,21.22,0,0,0,61.4,0.04,38.57
2021-08-29T00:00:00.000Z,10340,5994033,64.46,5932,5506537,59.21,79484,2052518,22.07,0,0,0,61.46,0.03,38.5
2021-08-30T00:00:00.000Z,12338,6006371,64.59,7005,5513542,59.29,115963,2168481,23.32,0,0,0,61.53,0.03,38.44
2021-08-31T00:00:00.000Z,12082,6018453,64.72,6507,5520049,59.36,114822,2283303,24.55,0,0,0,61.6,0.03,38.37
2021-09-01T00:00:00.000Z,9045,6027498,64.82,6009,5526058,59.42,112444,2395747,25.76,0,0,0,61.43,0.03,38.54
2021-09-02T00:00:00.000Z,8790,6036288,64.91,7159,5533217,59.5,111490,2507237,26.96,0,0,0,61.49,0.03,38.48
2021-09-03T00:00:00.000Z,3745,6040033,64.95,4095,5537312,59.55,58867,2566104,27.59,0,0,0,61.56,0.03,38.42
2021-09-04T00:00:00.000Z,2692,6042725,64.98,2011,5539323,59.57,29935,2596039,27.92,0,0,0,61.59,0.03,38.38
2021-09-05T00:00:00.000Z,7002,6049727,65.06,6449,5545772,59.64,73296,2669335,28.7,0,0,0,61.68,0.03,38.29
2021-09-06T00:00:00.000Z,2823,6052550,65.09,2692,5548464,59.67,22785,2692120,28.95,0,0,0,61.77,0.03,38.2
2021-09-07T00:00:00.000Z,1189,6053739,65.1,865,5549329,59.67,5388,2697508,29.01,0,0,0,61.85,0.03,38.12
2021-09-08T00:00:00.000Z,1375,6055114,65.11,1177,5550506,59.69,6611,2704119,29.08,0,0,0,61.93,0.03,38.05
2021-09-09T00:00:00.000Z,7096,6062210,65.19,12552,5563058,59.82,73816,2777935,29.87,0,0,0,62.02,0.03,37.95
2021-09-10T00:00:00.000Z,3248,6065458,65.22,4990,5568048,59.88,37920,2815855,30.28,0,0,0,62.06,0.03,37.91
2021-09-11T00:00:00.000Z,2104,6067562,65.25,2495,5570543,59.9,14806,2830661,30.44,0,0,0,62.08,0.03,37.89
2021-09-12T00:00:00.000Z,6114,6073676,65.31,8583,5579126,60,54103,2884764,31.02,0,0,0,62.16,0.03,37.81
2021-09-13T00:00:00.000Z,5609,6079285,65.37,8245,5587371,60.08,47953,2932717,31.54,0,0,0,62.15,0.03,37.82
2021-09-14T00:00:00.000Z,4956,6084241,65.43,7407,5594778,60.16,48829,2981546,32.06,0,0,0,62.2,0.03,37.77
2021-09-15T00:00:00.000Z,1742,6085983,65.45,2701,5597479,60.19,16676,2998222,32.24,0,0,0,62.25,0.03,37.72
2021-09-16T00:00:00.000Z,337,6086320,65.45,538,5598017,60.2,1741,2999963,32.26,0,0,0,62.37,0.03,37.6
2021-09-17T00:00:00.000Z,3676,6089996,65.49,7006,5605023,60.27,42879,3042842,32.72,0,0,0,62.42,0.03,37.54
2021-09-18T00:00:00.000Z,2250,6092246,65.51,2935,5607958,60.31,12779,3055621,32.86,0,0,0,62.45,0.03,37.52
2021-09-19T00:00:00.000Z,5947,6098193,65.58,10701,5618659,60.42,44312,3099933,33.34,0,0,0,62.55,0.03,37.42
2021-09-20T00:00:00.000Z,3236,6101429,65.61,4630,5623289,60.47,16690,3116623,33.51,0,0,0,62.63,0.03,37.34
2021-09-21T00:00:00.000Z,1330,6102759,65.63,2043,5625332,60.49,3471,3120094,33.55,0,0,0,62.69,0.03,37.28
2021-09-22T00:00:00.000Z,4255,6107014,65.67,7234,5632566,60.57,25054,3145148,33.82,0,0,0,62.72,0.03,37.25
2021-09-23T00:00:00.000Z,4382,6111396,65.72,5896,5638462,60.63,27819,3172967,34.12,0,0,0,62.75,0.03,37.22
2021-09-24T00:00:00.000Z,3197,6114593,65.75,4177,5642639,60.68,27707,3200674,34.42,0,0,0,62.82,0.03,37.15
2021-09-25T00:00:00.000Z,2074,6116667,65.78,2248,5644887,60.7,10433,3211107,34.53,0,0,0,62.85,0.03,37.12
2021-09-26T00:00:00.000Z,5613,6122280,65.84,5963,5650850,60.77,36249,3247356,34.92,0,0,0,62.96,0.03,37
2021-09-27T00:00:00.000Z,4695,6126975,65.89,4453,5655303,60.81,30433,3277789,35.25,0,0,0,63.02,0.03,36.94
2021-09-28T00:00:00.000Z,1463,6128438,65.9,1172,5656475,60.83,6243,3284032,35.31,0,0,0,63.06,0.04,36.91
2021-09-29T00:00:00.000Z,9623,6138061,66.01,8335,5664810,60.92,60300,3344332,35.96,0,0,0,63.13,0.03,36.84
2021-09-30T00:00:00.000Z,10961,6149022,66.12,8561,5673371,61.01,79682,3424014,36.82,0,0,0,63.18,0.03,36.79
2021-10-01T00:00:00.000Z,5113,6154135,66.18,3858,5677229,61.05,46513,3470527,37.32,0,0,0,63.23,0.03,36.73
2021-10-02T00:00:00.000Z,2861,6156996,66.21,2119,5679348,61.07,22417,3492944,37.56,0,0,0,63.26,0.03,36.71
2021-10-03T00:00:00.000Z,11666,6168662,66.33,7260,5686608,61.15,70712,3563656,38.32,0,0,0,63.35,0.03,36.62
2021-10-04T00:00:00.000Z,10317,6178979,66.45,6742,5693350,61.22,51879,3615535,38.88,0,0,0,63.4,0.03,36.57
2021-10-05T00:00:00.000Z,8446,6187425,66.54,5298,5698648,61.28,40462,3655997,39.31,0,0,0,63.41,0.03,36.55
2021-10-06T00:00:00.000Z,7540,6194965,66.62,4166,5702814,61.33,34113,3690110,39.68,0,0,0,63.52,0.03,36.45
2021-10-07T00:00:00.000Z,6885,6201850,66.69,3993,5706807,61.37,34034,3724144,40.05,0,0,0,63.63,0.03,36.34
2021-10-08T00:00:00.000Z,3086,6204936,66.72,2626,5709433,61.4,19225,3743369,40.25,0,0,0,63.68,0.03,36.29
2021-10-09T00:00:00.000Z,1335,6206271,66.74,1431,5710864,61.41,7429,3750798,40.33,0,0,0,63.71,0.03,36.26
2021-10-10T00:00:00.000Z,4674,6210945,66.79,3738,5714602,61.45,21502,3772300,40.57,0,0,0,63.82,0.04,36.14
2021-10-11T00:00:00.000Z,4291,6215236,66.84,2930,5717532,61.48,17253,3789553,40.75,0,0,0,63.91,0.04,36.05
2021-10-12T00:00:00.000Z,3969,6219205,66.88,2990,5720522,61.52,15343,3804896,40.92,0,0,0,63.99,0.05,35.96
2021-10-13T00:00:00.000Z,3484,6222689,66.92,2440,5722962,61.54,13561,3818457,41.06,0,0,0,64.09,0.05,35.86
2021-10-14T00:00:00.000Z,3867,6226556,66.96,2673,5725635,61.57,16543,3835000,41.24,0,0,0,64.19,0.06,35.75
2021-10-15T00:00:00.000Z,1692,6228248,66.98,1672,5727307,61.59,8991,3843991,41.34,0,0,0,64.23,0.07,35.7
2021-10-16T00:00:00.000Z,728,6228976,66.98,940,5728247,61.6,4027,3848018,41.38,0,0,0,64.25,0.08,35.67
2021-10-17T00:00:00.000Z,3090,6232066,67.02,2517,5730764,61.63,12780,3860798,41.52,0,0,0,64.36,0.09,35.56
2021-10-18T00:00:00.000Z,2453,6234519,67.04,1668,5732432,61.64,10053,3870851,41.63,0,0,0,64.43,0.1,35.47
2021-10-19T00:00:00.000Z,2386,6236905,67.07,1273,5733705,61.66,9279,3880130,41.73,0,0,0,64.49,0.1,35.4
2021-10-20T00:00:00.000Z,2428,6239333,67.09,2283,5735988,61.68,10076,3890206,41.83,0,0,0,64.14,0.52,35.34
2021-10-21T00:00:00.000Z,3022,6242355,67.13,3079,5739067,61.72,12142,3902348,41.96,0,0,0,54.23,10.41,35.36
2021-10-22T00:00:00.000Z,1273,6243628,67.14,1419,5740486,61.73,5809,3908157,42.03,0,0,0,54.36,10.26,35.38
2021-10-23T00:00:00.000Z,562,6244190,67.15,1256,5741742,61.74,2558,3910715,42.05,0,0,0,54.42,10.19,35.39
2021-10-24T00:00:00.000Z,2512,6246702,67.17,2650,5744392,61.77,9842,3920557,42.16,0,0,0,54.22,10.43,35.35
2021-10-25T00:00:00.000Z,2627,6249329,67.2,2732,5747124,61.8,8492,3929049,42.25,0,0,0,54.59,10.22,35.19
2021-10-26T00:00:00.000Z,2369,6251698,67.23,2039,5749163,61.82,8505,3937554,42.34,0,0,0,54.64,10.26,35.1
2021-10-27T00:00:00.000Z,2288,6253986,67.25,2549,5751712,61.85,7936,3945490,42.43,0,0,0,54.58,10.37,35.06
2021-10-28T00:00:00.000Z,2491,6256477,67.28,2758,5754470,61.88,8648,3954138,42.52,0,0,0,54.69,10.76,34.55
2021-10-29T00:00:00.000Z,886,6257363,67.29,1133,5755603,61.89,4113,3958251,42.57,0,0,0,54.73,10.75,34.52
2021-10-30T00:00:00.000Z,355,6257718,67.29,524,5756127,61.9,1702,3959953,42.58,0,0,0,54.68,10.81,34.52
2021-10-31T00:00:00.000Z,2259,6259977,67.32,2487,5758614,61.93,8237,3968190,42.67,0,0,0,54.83,10.7,34.47
2021-11-01T00:00:00.000Z,1733,6261710,67.34,2083,5760697,61.95,6452,3974642,42.74,0,0,0,54.95,10.63,34.42
2021-11-02T00:00:00.000Z,2018,6263728,67.36,2028,5762725,61.97,6267,3980909,42.81,0,0,0,54.89,10.69,34.42
2021-11-03T00:00:00.000Z,1753,6265481,67.38,1878,5764603,61.99,5538,3986447,42.87,0,0,0,54.86,10.75,34.39
2021-11-04T00:00:00.000Z,2102,6267583,67.4,2787,5767390,62.02,7105,3993552,42.94,0,0,0,54.85,10.81,34.33
2021-11-05T00:00:00.000Z,774,6268357,67.41,890,5768280,62.03,3450,3997002,42.98,0,0,0,54.85,10.83,34.32
2021-11-06T00:00:00.000Z,341,6268698,67.41,380,5768660,62.03,1368,3998370,43,0,0,0,54.82,10.86,34.32
2021-11-07T00:00:00.000Z,1582,6270280,67.43,1766,5770426,62.05,6119,4004489,43.06,0,0,0,54.92,10.8,34.28
2021-11-08T00:00:00.000Z,1512,6271792,67.44,1592,5772018,62.07,5388,4009877,43.12,0,0,0,55.01,10.75,34.24
2021-11-09T00:00:00.000Z,1420,6273212,67.46,1591,5773609,62.09,5314,4015191,43.18,0,0,0,55.05,10.74,34.21
2021-11-10T00:00:00.000Z,1419,6274631,67.47,1642,5775251,62.1,4762,4019953,43.23,0,0,0,55.08,10.73,34.19
2021-11-11T00:00:00.000Z,1629,6276260,67.49,1928,5777179,62.12,5682,4025635,43.29,0,0,0,55.15,10.69,34.15
2021-11-12T00:00:00.000Z,623,6276883,67.5,812,5777991,62.13,2894,4028529,43.32,0,0,0,55.17,10.69,34.14
2021-11-13T00:00:00.000Z,252,6277135,67.5,282,5778273,62.14,1115,4029644,43.33,0,0,0,55.14,10.72,34.14
2021-11-14T00:00:00.000Z,1537,6278672,67.52,1626,5779899,62.15,5104,4034748,43.39,0,0,0,55.21,10.68,34.11
2021-11-15T00:00:00.000Z,1265,6279937,67.53,1607,5781506,62.17,4755,4039503,43.44,0,0,0,55.28,10.63,34.09
2021-11-16T00:00:00.000Z,1268,6281205,67.55,1396,5782902,62.19,4326,4043829,43.49,0,0,0,55.32,10.62,34.07
2021-11-17T00:00:00.000Z,1194,6282399,67.56,1550,5784452,62.2,3885,4047714,43.53,0,0,0,55.35,10.6,34.05
2021-11-18T00:00:00.000Z,1355,6283754,67.57,1677,5786129,62.22,4988,4052702,43.58,0,0,0,55.41,10.58,34.02
2021-11-19T00:00:00.000Z,585,6284339,67.58,745,5786874,62.23,2432,4055134,43.61,0,0,0,55.42,10.57,34.01
2021-11-20T00:00:00.000Z,234,6284573,67.58,242,5787116,62.23,916,4056050,43.62,0,0,0,55.41,10.58,34
2021-11-21T00:00:00.000Z,1411,6285984,67.6,1526,5788642,62.25,4862,4060912,43.67,0,0,0,55.47,10.54,33.98
2021-11-22T00:00:00.000Z,1675,6287659,67.61,1509,5790151,62.26,4208,4065120,43.71,0,0,0,55.54,10.5,33.96
2021-11-23T00:00:00.000Z,8616,6296275,67.71,1666,5791817,62.28,3977,4069097,43.76,0,0,0,55.57,10.48,33.95
2021-11-24T00:00:00.000Z,9345,6305620,67.81,1305,5793122,62.3,3901,4072998,43.8,0,0,0,55.6,10.44,33.95
2021-11-25T00:00:00.000Z,9809,6315429,67.91,1586,5794708,62.31,4817,4077815,43.85,0,0,0,55.64,10.43,33.93
2021-11-26T00:00:00.000Z,5607,6321036,67.97,735,5795443,62.32,2757,4080572,43.88,0,0,0,55.63,10.45,33.92
2021-11-27T00:00:00.000Z,4777,6325813,68.02,316,5795759,62.32,1146,4081718,43.89,0,0,0,55.62,10.46,33.92
2021-11-28T00:00:00.000Z,10145,6335958,68.13,1477,5797236,62.34,4885,4086603,43.95,0,0,0,55.67,10.43,33.9
2021-11-29T00:00:00.000Z,9037,6344995,68.23,1125,5798361,62.35,4346,4090949,43.99,0,0,0,55.73,10.39,33.88
2021-11-30T00:00:00.000Z,10043,6355038,68.34,1017,5799378,62.36,4054,4095003,44.04,0,0,0,55.77,10.37,33.86
2021-12-01T00:00:00.000Z,8622,6363660,68.43,1086,5800464,62.38,4411,4099414,44.08,2,2,0,55.79,10.36,33.84
2021-12-02T00:00:00.000Z,9169,6372829,68.53,1434,5801898,62.39,5087,4104501,44.14,6,8,0,55.84,10.34,33.82
2021-12-03T00:00:00.000Z,6333,6379162,68.6,659,5802557,62.4,2840,4107341,44.17,1,9,0,55.86,10.33,33.81
2021-12-04T00:00:00.000Z,2506,6381668,68.63,231,5802788,62.4,904,4108245,44.18,2,11,0,55.85,10.34,33.81
2021-12-05T00:00:00.000Z,8335,6390003,68.71,1251,5804039,62.41,4665,4112910,44.23,0,11,0,55.9,10.31,33.79
2021-12-06T00:00:00.000Z,6722,6396725,68.79,1185,5805224,62.43,4319,4117229,44.27,3,14,0,55.95,10.27,33.78
2021-12-07T00:00:00.000Z,5548,6402273,68.85,1488,5806712,62.44,3944,4121173,44.32,5,19,0,55.99,10.25,33.76
2021-12-08T00:00:00.000Z,4931,6407204,68.9,1188,5807900,62.46,3845,4125018,44.36,8,27,0,56.03,10.22,33.75
2021-12-09T00:00:00.000Z,6238,6413442,68.97,1223,5809123,62.47,4482,4129500,44.41,7,34,0,56.08,10.19,33.73
2021-12-10T00:00:00.000Z,3006,6416448,69,679,5809802,62.48,2651,4132151,44.44,3,37,0,56.1,10.18,33.72
2021-12-11T00:00:00.000Z,1491,6417939,69.02,251,5810053,62.48,999,4133150,44.45,0,37,0,56.1,10.18,33.71
2021-12-12T00:00:00.000Z,7272,6425211,69.09,1436,5811489,62.49,5231,4138381,44.5,2,39,0,56.16,10.15,33.69
2021-12-13T00:00:00.000Z,6176,6431387,69.16,1363,5812852,62.51,4325,4142706,44.55,3,42,0,56.21,10.11,33.67
2021-12-14T00:00:00.000Z,7319,6438706,69.24,6094,5818946,62.57,4910,4147616,44.6,10,52,0,56.27,10.09,33.65
2021-12-15T00:00:00.000Z,7201,6445907,69.32,7397,5826343,62.65,5415,4153031,44.66,2,54,0,56.34,10.06,33.6
2021-12-16T00:00:00.000Z,8080,6453987,69.4,8603,5834946,62.75,6522,4159553,44.73,5,59,0,56.53,10.05,33.42
2021-12-17T00:00:00.000Z,4398,6458385,69.45,5123,5840069,62.8,3909,4163462,44.77,3,62,0,56.64,10.05,33.3
2021-12-18T00:00:00.000Z,3938,6462323,69.49,2907,5842976,62.83,1340,4164802,44.79,2,64,0,56.73,10.07,33.2
2021-12-19T00:00:00.000Z,6983,6469306,69.57,9328,5852304,62.93,6250,4171052,44.85,3,67,0,56.92,10.04,33.04
2021-12-20T00:00:00.000Z,7972,6477278,69.65,7508,5859812,63.01,5400,4176452,44.91,7,74,0,57.07,10.02,32.91
2021-12-21T00:00:00.000Z,9547,6486825,69.76,8642,5868454,63.11,6438,4182890,44.98,5,79,0,57.27,10.01,32.71
2021-12-22T00:00:00.000Z,9665,6496490,69.86,8138,5876592,63.19,6213,4189103,45.05,10,89,0,57.49,10,32.52
2021-12-23T00:00:00.000Z,11542,6508032,69.98,10258,5886850,63.3,8105,4197208,45.13,13,102,0,57.7,9.97,32.33
2021-12-24T00:00:00.000Z,5878,6513910,70.05,6237,5893087,63.37,5240,4202448,45.19,6,108,0,57.83,9.96,32.21
2021-12-25T00:00:00.000Z,3338,6517248,70.08,2565,5895652,63.4,2016,4204464,45.21,5,113,0,57.9,9.96,32.15
2021-12-26T00:00:00.000Z,10654,6527902,70.2,8912,5904564,63.49,8181,4212645,45.3,8,121,0,58.1,9.92,31.98
2021-12-27T00:00:00.000Z,10368,6538270,70.31,7137,5911701,63.57,8159,4220804,45.39,18,139,0,58.27,9.9,31.83
2021-12-28T00:00:00.000Z,11373,6549643,70.43,7440,5919141,63.65,9610,4230414,45.49,15,154,0,58.46,9.88,31.66
2021-12-29T00:00:00.000Z,9942,6559585,70.54,5958,5925099,63.72,8336,4238750,45.58,12,166,0,58.64,9.85,31.51
2021-12-30T00:00:00.000Z,11016,6570601,70.66,7726,5932825,63.8,12213,4250963,45.71,7,173,0,58.84,9.82,31.34
2021-12-31T00:00:00.000Z,4833,6575434,70.71,3669,5936494,63.84,7280,4258243,45.79,128,301,0,58.9,9.79,31.3
2022-01-01T00:00:00.000Z,1991,6577425,70.73,1590,5938084,63.86,2738,4260981,45.82,60,361,0,58.93,9.79,31.28
2022-01-02T00:00:00.000Z,10217,6587642,70.84,6484,5944568,63.92,12993,4273974,45.96,588,949,0.01,59.14,9.76,31.1
2022-01-03T00:00:00.000Z,9386,6597028,70.94,5252,5949820,63.98,11305,4285279,46.08,25052,26001,0.28,59.29,9.71,31
2022-01-04T00:00:00.000Z,8969,6605997,71.04,5941,5955761,64.05,10492,4295771,46.19,50637,76638,0.82,59.46,9.68,30.86
2022-01-05T00:00:00.000Z,8552,6614549,71.13,5733,5961494,64.11,10457,4306228,46.31,59561,136199,1.46,59.56,9.65,30.79
2022-01-06T00:00:00.000Z,10343,6624892,71.24,7958,5969452,64.19,13508,4319736,46.45,63966,200165,2.15,59.81,9.63,30.56
2022-01-07T00:00:00.000Z,4753,6629645,71.29,4549,5974001,64.24,8122,4327858,46.54,31125,231290,2.49,59.89,9.61,30.49
2022-01-08T00:00:00.000Z,2750,6632395,71.32,2451,5976452,64.27,5481,4333339,46.6,27622,258912,2.78,59.9,9.64,30.46
2022-01-09T00:00:00.000Z,9313,6641708,71.42,7725,5984177,64.35,11851,4345190,46.73,66742,325654,3.5,60.06,9.59,30.35
2022-01-10T00:00:00.000Z,8363,6650071,71.51,7650,5991827,64.43,11843,4357033,46.85,64738,390392,4.2,60.21,9.54,30.25
2022-01-11T00:00:00.000Z,8106,6658177,71.6,8619,6000446,64.53,11946,4368979,46.98,56631,447023,4.81,60.38,9.49,30.13
2022-01-12T00:00:00.000Z,7277,6665454,71.68,8313,6008759,64.62,11083,4380062,47.1,44594,491617,5.29,60.51,9.45,30.04
2022-01-13T00:00:00.000Z,7514,6672968,71.76,9618,6018377,64.72,11512,4391574,47.22,34734,526351,5.66,60.7,9.35,29.94
2022-01-14T00:00:00.000Z,2556,6675524,71.79,4930,6023307,64.77,6123,4397697,47.29,11135,537486,5.78,60.79,9.31,29.9
2022-01-15T00:00:00.000Z,1462,6676986,71.8,3163,6026470,64.81,3860,4401557,47.33,5713,543199,5.84,60.83,9.29,29.87
2022-01-16T00:00:00.000Z,3819,6680805,71.84,8520,6034990,64.9,7666,4409223,47.41,19981,563180,6.06,60.97,9.2,29.82
2022-01-17T00:00:00.000Z,2809,6683614,71.87,7042,6042032,64.97,6149,4415372,47.48,17832,581012,6.25,61.09,9.13,29.78
2022-01-18T00:00:00.000Z,2474,6686088,71.9,7374,6049406,65.05,5498,4420870,47.54,14808,595820,6.41,61.23,9.07,29.7
2022-01-19T00:00:00.000Z,1915,6688003,71.92,6360,6055766,65.12,4497,4425367,47.59,8450,604270,6.5,61.37,8.98,29.65
2022-01-20T00:00:00.000Z,1779,6689782,71.94,6961,6062727,65.2,4770,4430137,47.64,8033,612303,6.58,61.44,8.85,29.71
2022-01-21T00:00:00.000Z,899,6690681,71.95,3726,6066453,65.24,2618,4432755,47.67,3353,615656,6.62,61.51,8.81,29.68
2022-01-22T00:00:00.000Z,329,6691010,71.95,1457,6067910,65.25,1047,4433802,47.68,1110,616766,6.63,61.51,8.75,29.74
2022-01-23T00:00:00.000Z,1068,6692078,71.96,5624,6073534,65.31,2865,4436667,47.71,6077,622843,6.7,61.61,8.7,29.69
2022-01-24T00:00:00.000Z,756,6692834,71.97,4479,6078013,65.36,2245,4438912,47.73,5050,627893,6.75,61.73,8.62,29.65
2022-01-25T00:00:00.000Z,741,6693575,71.98,4397,6082410,65.41,2163,4441075,47.76,7099,634992,6.83,61.9,8.51,29.59
2022-01-26T00:00:00.000Z,613,6694188,71.99,3283,6085693,65.44,1591,4442666,47.77,4258,639250,6.87,62.02,8.42,29.57
2022-01-27T00:00:00.000Z,792,6694980,71.99,4401,6090094,65.49,1980,4444646,47.8,5435,644685,6.93,62.12,8.35,29.52
2022-01-28T00:00:00.000Z,394,6695374,72,2374,6092468,65.52,1153,4445799,47.81,3444,648129,6.97,62.16,8.33,29.5
2022-01-29T00:00:00.000Z,124,6695498,72,1042,6093510,65.53,413,4446212,47.81,1158,649287,6.98,62.23,8.29,29.48
2022-01-30T00:00:00.000Z,767,6696265,72.01,4716,6098226,65.58,2008,4448220,47.83,8098,657385,7.07,62.3,8.24,29.46
2022-01-31T00:00:00.000Z,528,6696793,72.01,3182,6101408,65.61,1595,4449815,47.85,6465,663850,7.14,62.39,8.17,29.43
2022-02-01T00:00:00.000Z,478,6697271,72.02,2796,6104204,65.64,1499,4451314,47.87,5714,669564,7.2,62.45,8.15,29.4
2022-02-02T00:00:00.000Z,374,6697645,72.02,2382,6106586,65.67,1365,4452679,47.88,5067,674631,7.25,62.28,8.13,29.59
2022-02-03T00:00:00.000Z,445,6698090,72.03,2774,6109360,65.7,1443,4454122,47.9,5601,680232,7.31,62.34,8.08,29.57
2022-02-04T00:00:00.000Z,174,6698264,72.03,985,6110345,65.71,741,4454863,47.91,2449,682681,7.34,62.37,8.06,29.57
2022-02-05T00:00:00.000Z,59,6698323,72.03,339,6110684,65.71,207,4455070,47.91,418,683099,7.35,62.34,8.09,29.56
2022-02-06T00:00:00.000Z,407,6698730,72.03,2317,6113001,65.74,1335,4456405,47.92,5676,688775,7.41,62.41,8.05,29.55
2022-02-07T00:00:00.000Z,281,6699011,72.04,1307,6114308,65.75,967,4457372,47.93,5955,694730,7.47,62.47,8.01,29.52
2022-02-08T00:00:00.000Z,313,6699324,72.04,1494,6115802,65.77,1051,4458423,47.94,6131,700861,7.54,62.54,7.97,29.49
2022-02-09T00:00:00.000Z,252,6699576,72.04,1100,6116902,65.78,929,4459352,47.95,4568,705429,7.59,62.6,7.95,29.45
2022-02-10T00:00:00.000Z,270,6699846,72.05,1291,6118193,65.79,922,4460274,47.96,4812,710241,7.64,62.63,7.93,29.44
2022-02-11T00:00:00.000Z,195,6700041,72.05,542,6118735,65.8,505,4460779,47.97,2529,712770,7.66,62.67,7.91,29.42
2022-02-12T00:00:00.000Z,27,6700068,72.05,90,6118825,65.8,115,4460894,47.97,262,713032,7.67,62.67,7.91,29.41
2022-02-13T00:00:00.000Z,286,6700354,72.05,945,6119770,65.81,962,4461856,47.98,4993,718025,7.72,62.73,7.87,29.39
2022-02-14T00:00:00.000Z,179,6700533,72.05,624,6120394,65.82,742,4462598,47.99,3134,721159,7.76,62.89,7.74,29.36
2022-02-15T00:00:00.000Z,266,6700799,72.06,763,6121157,65.82,918,4463516,48,3813,724972,7.8,62.92,7.73,29.35
2022-02-16T00:00:00.000Z,179,6700978,72.06,575,6121732,65.83,796,4464312,48.01,2482,727454,7.82,62.95,7.72,29.34
2022-02-17T00:00:00.000Z,248,6701226,72.06,737,6122469,65.84,765,4465077,48.02,3050,730504,7.86,62.96,7.7,29.34
2022-02-18T00:00:00.000Z,127,6701353,72.06,326,6122795,65.84,426,4465503,48.02,1112,731616,7.87,62.98,7.69,29.33
2022-02-19T00:00:00.000Z,33,6701386,72.06,82,6122877,65.84,73,4465576,48.02,76,731692,7.87,62.99,7.69,29.32
2022-02-20T00:00:00.000Z,203,6701589,72.07,604,6123481,65.85,714,4466290,48.03,2564,734256,7.9,63.01,7.67,29.32
2022-02-21T00:00:00.000Z,173,6701762,72.07,411,6123892,65.85,477,4466767,48.03,1539,735795,7.91,63.04,7.65,29.31
2022-02-22T00:00:00.000Z,155,6701917,72.07,451,6124343,65.86,556,4467323,48.04,1865,737660,7.93,63.05,7.65,29.3
2022-02-23T00:00:00.000Z,109,6702026,72.07,351,6124694,65.86,450,4467773,48.04,1152,738812,7.94,63.06,7.65,29.29
2022-02-24T00:00:00.000Z,137,6702163,72.07,454,6125148,65.87,559,4468332,48.05,1488,740300,7.96,63.05,7.66,29.29
2022-02-25T00:00:00.000Z,58,6702221,72.07,137,6125285,65.87,186,4468518,48.05,454,740754,7.97,63.06,7.66,29.28
2022-02-26T00:00:00.000Z,15,6702236,72.07,26,6125311,65.87,149,4468667,48.05,34,740788,7.97,63.05,7.67,29.28
2022-02-27T00:00:00.000Z,112,6702348,72.07,339,6125650,65.87,447,4469114,48.06,1118,741906,7.98,63.05,7.67,29.28
2022-02-28T00:00:00.000Z,108,6702456,72.07,264,6125914,65.88,410,4469524,48.06,903,742809,7.99,63.07,7.65,29.28
2022-03-01T00:00:00.000Z,97,6702553,72.08,278,6126192,65.88,362,4469886,48.07,792,743601,8,63.1,7.63,29.27
2022-03-02T00:00:00.000Z,74,6702627,72.08,200,6126392,65.88,318,4470204,48.07,691,744292,8,63.11,7.62,29.27
2022-03-03T00:00:00.000Z,148,6702775,72.08,368,6126760,65.88,493,4470697,48.08,983,745275,8.01,63.05,7.67,29.27
2022-03-04T00:00:00.000Z,52,6702827,72.08,159,6126919,65.89,163,4470860,48.08,226,745501,8.02,63.05,7.68,29.27
2022-03-05T00:00:00.000Z,1,6702828,72.08,24,6126943,65.89,43,4470903,48.08,30,745531,8.02,63.04,7.69,29.27
2022-03-06T00:00:00.000Z,97,6702925,72.08,258,6127201,65.89,411,4471314,48.08,759,746290,8.03,63.04,7.69,29.27
2022-03-07T00:00:00.000Z,88,6703013,72.08,255,6127456,65.89,345,4471659,48.09,603,746893,8.03,63.05,7.69,29.26
2022-03-08T00:00:00.000Z,98,6703111,72.08,263,6127719,65.89,330,4471989,48.09,546,747439,8.04,63.04,7.7,29.26
2022-03-09T00:00:00.000Z,88,6703199,72.08,212,6127931,65.9,332,4472321,48.09,490,747929,8.04,63.02,7.72,29.25
2022-03-10T00:00:00.000Z,113,6703312,72.08,372,6128303,65.9,419,4472740,48.1,614,748543,8.05,63.01,7.74,29.25
2022-03-11T00:00:00.000Z,24,6703336,72.08,85,6128388,65.9,116,4472856,48.1,141,748684,8.05,63,7.75,29.25
2022-03-12T00:00:00.000Z,7,6703343,72.08,9,6128397,65.9,27,4472883,48.1,27,748711,8.05,62.98,7.77,29.24
2022-03-13T00:00:00.000Z,94,6703437,72.09,270,6128667,65.9,357,4473240,48.1,594,749305,8.06,62.98,7.78,29.24
2022-03-14T00:00:00.000Z,64,6703501,72.09,250,6128917,65.91,316,4473556,48.11,558,749863,8.06,62.98,7.78,29.24
2022-03-15T00:00:00.000Z,77,6703578,72.09,182,6129099,65.91,286,4473842,48.11,581,750444,8.07,62.95,7.81,29.24
2022-03-16T00:00:00.000Z,74,6703652,72.09,205,6129304,65.91,301,4474143,48.11,668,751112,8.08,62.94,7.82,29.24
2022-03-17T00:00:00.000Z,65,6703717,72.09,120,6129424,65.91,283,4474426,48.12,607,751719,8.08,62.94,7.82,29.24
2022-03-18T00:00:00.000Z,18,6703735,72.09,53,6129477,65.91,98,4474524,48.12,229,751948,8.09,62.94,7.82,29.24
2022-03-19T00:00:00.000Z,5,6703740,72.09,10,6129487,65.91,26,4474550,48.12,37,751985,8.09,62.89,7.88,29.23
2022-03-20T00:00:00.000Z,118,6703858,72.09,258,6129745,65.92,480,4475030,48.12,1425,753410,8.1,62.87,7.89,29.23
2022-03-21T00:00:00.000Z,97,6703955,72.09,243,6129988,65.92,373,4475403,48.13,1127,754537,8.11,62.87,7.9,29.23
2022-03-22T00:00:00.000Z,140,6704095,72.09,339,6130327,65.92,502,4475905,48.13,1767,756304,8.13,62.84,7.94,29.23
2022-03-23T00:00:00.000Z,108,6704203,72.09,210,6130537,65.92,457,4476362,48.14,1672,757976,8.15,62.81,7.97,29.22
2022-03-24T00:00:00.000Z,175,6704378,72.1,343,6130880,65.93,762,4477124,48.14,2358,760334,8.18,62.78,8,29.22
2022-03-25T00:00:00.000Z,35,6704413,72.1,78,6130958,65.93,153,4477277,48.15,624,760958,8.18,62.78,8,29.23
2022-03-26T00:00:00.000Z,11,6704424,72.1,11,6130969,65.93,32,4477309,48.15,89,761047,8.18,62.77,8,29.22
2022-03-27T00:00:00.000Z,159,6704583,72.1,343,6131312,65.93,756,4478065,48.15,3187,764234,8.22,62.75,8.02,29.22
2022-03-28T00:00:00.000Z,112,6704695,72.1,268,6131580,65.94,616,4478681,48.16,2399,766633,8.24,62.75,8.03,29.22
2022-03-29T00:00:00.000Z,125,6704820,72.1,259,6131839,65.94,634,4479315,48.17,2764,769397,8.27,62.7,8.07,29.22
2022-03-30T00:00:00.000Z,135,6704955,72.1,209,6132048,65.94,535,4479850,48.17,2361,771758,8.3,62.81,8.11,29.07
2022-03-31T00:00:00.000Z,166,6705121,72.1,292,6132340,65.94,728,4480578,48.18,2836,774594,8.33,62.79,8.11,29.1
2022-04-01T00:00:00.000Z,117,6705238,72.1,159,6132499,65.95,272,4480850,48.18,582,775176,8.34,62.72,8.13,29.15
2022-04-02T00:00:00.000Z,6,6705244,72.1,4,6132503,65.95,34,4480884,48.19,49,775225,8.34,62.69,8.15,29.16
2022-04-03T00:00:00.000Z,156,6705400,72.11,264,6132767,65.95,567,4481451,48.19,2469,777694,8.36,62.65,8.16,29.19
2022-04-04T00:00:00.000Z,104,6705504,72.11,204,6132971,65.95,479,4481930,48.2,2211,779905,8.39,62.62,8.16,29.22
2022-04-05T00:00:00.000Z,122,6705626,72.11,218,6133189,65.95,512,4482442,48.2,2233,782138,8.41,62.57,8.19,29.25
2022-04-06T00:00:00.000Z,91,6705717,72.11,153,6133342,65.95,378,4482820,48.21,2011,784149,8.43,62.55,8.2,29.25
2022-04-07T00:00:00.000Z,178,6705895,72.11,208,6133550,65.96,633,4483453,48.21,2549,786698,8.46,62.56,8.2,29.24
2022-04-08T00:00:00.000Z,28,6705923,72.11,55,6133605,65.96,149,4483602,48.21,467,787165,8.46,62.54,8.22,29.23
2022-04-09T00:00:00.000Z,6,6705929,72.11,15,6133620,65.96,24,4483626,48.21,41,787206,8.47,62.52,8.25,29.23
2022-04-10T00:00:00.000Z,101,6706030,72.11,257,6133877,65.96,423,4484049,48.22,1839,789045,8.49,62.51,8.26,29.23
2022-04-11T00:00:00.000Z,78,6706108,72.11,200,6134077,65.96,369,4484418,48.22,1415,790460,8.5,62.54,8.26,29.2
2022-04-12T00:00:00.000Z,202,6706310,72.12,163,6134240,65.96,368,4484786,48.23,1355,791815,8.51,62.58,8.29,29.12
2022-04-13T00:00:00.000Z,116,6706426,72.12,148,6134388,65.97,297,4485083,48.23,1213,793028,8.53,62.58,8.31,29.1
2022-04-14T00:00:00.000Z,81,6706507,72.12,221,6134609,65.97,318,4485401,48.23,1060,794088,8.54,62.57,8.33,29.1
2022-04-15T00:00:00.000Z,9,6706516,72.12,51,6134660,65.97,47,4485448,48.23,78,794166,8.54,62.55,8.35,29.1
2022-04-16T00:00:00.000Z,3,6706519,72.12,8,6134668,65.97,20,4485468,48.23,26,794192,8.54,62.53,8.37,29.1
2022-04-17T00:00:00.000Z,61,6706580,72.12,130,6134798,65.97,228,4485696,48.24,807,794999,8.55,62.52,8.38,29.1
2022-04-18T00:00:00.000Z,68,6706648,72.12,108,6134906,65.97,248,4485944,48.24,745,795744,8.56,62.51,8.38,29.1
2022-04-19T00:00:00.000Z,61,6706709,72.12,129,6135035,65.97,268,4486212,48.24,827,796571,8.57,62.5,8.4,29.1
2022-04-20T00:00:00.000Z,64,6706773,72.12,117,6135152,65.97,230,4486442,48.24,640,797211,8.57,62.48,8.42,29.1
2022-04-21T00:00:00.000Z,53,6706826,72.12,104,6135256,65.98,189,4486631,48.25,475,797686,8.58,62.47,8.43,29.1
2022-04-22T00:00:00.000Z,0,6706826,72.12,15,6135271,65.98,14,4486645,48.25,13,797699,8.58,62.45,8.44,29.11
2022-04-23T00:00:00.000Z,4,6706830,72.12,7,6135278,65.98,12,4486657,48.25,13,797712,8.58,62.43,8.46,29.11
2022-04-24T00:00:00.000Z,92,6706922,72.12,241,6135519,65.98,327,4486984,48.25,861,798573,8.59,62.43,8.47,29.1
2022-04-25T00:00:00.000Z,105,6707027,72.12,191,6135710,65.98,307,4487291,48.25,732,799305,8.6,62.43,8.47,29.1
2022-04-26T00:00:00.000Z,74,6707101,72.12,173,6135883,65.98,295,4487586,48.26,778,800083,8.6,62.42,8.48,29.1
2022-04-27T00:00:00.000Z,55,6707156,72.13,159,6136042,65.98,218,4487804,48.26,634,800717,8.61,62.41,8.49,29.1
2022-04-28T00:00:00.000Z,94,6707250,72.13,219,6136261,65.99,326,4488130,48.26,856,801573,8.62,62.41,8.5,29.1
2022-04-29T00:00:00.000Z,107,6707357,72.13,138,6136399,65.99,181,4488311,48.27,208,801781,8.62,62.39,8.51,29.1
2022-04-30T00:00:00.000Z,1,6707358,72.13,2,6136401,65.99,23,4488334,48.27,18,801799,8.62,62.38,8.52,29.1
2022-05-01T00:00:00.000Z,117,6707475,72.13,174,6136575,65.99,312,4488646,48.27,629,802428,8.63,62.38,8.53,29.09
2022-05-02T00:00:00.000Z,61,6707536,72.13,151,6136726,65.99,234,4488880,48.27,480,802908,8.63,62.37,8.54,29.09
2022-05-03T00:00:00.000Z,73,6707609,72.13,150,6136876,65.99,283,4489163,48.27,495,803403,8.64,62.36,8.55,29.09
2022-05-04T00:00:00.000Z,24,6707633,72.13,53,6136929,65.99,57,4489220,48.27,122,803525,8.64,62.35,8.57,29.08
2022-05-05T00:00:00.000Z,0,6707633,72.13,0,6136929,65.99,1,4489221,48.27,1,803526,8.64,62.34,8.58,29.08
2022-05-06T00:00:00.000Z,18,6707651,72.13,58,6136987,65.99,63,4489284,48.28,141,803667,8.64,62.33,8.59,29.08
2022-05-07T00:00:00.000Z,0,6707651,72.13,3,6136990,65.99,22,4489306,48.28,20,803687,8.64,62.32,8.6,29.08
2022-05-08T00:00:00.000Z,96,6707747,72.13,197,6137187,66,268,4489574,48.28,454,804141,8.65,62.31,8.61,29.08
2022-05-09T00:00:00.000Z,59,6707806,72.13,148,6137335,66,234,4489808,48.28,487,804628,8.65,62.31,8.61,29.08
2022-05-10T00:00:00.000Z,123,6707929,72.13,163,6137498,66,253,4490061,48.28,500,805128,8.66,62.3,8.62,29.08
2022-05-11T00:00:00.000Z,28,6707957,72.13,69,6137567,66,105,4490166,48.28,271,805399,8.66,62.29,8.63,29.08
