Day_Date,vaccinated,vaccinated_cum,vaccinated_population_perc,vaccinated_seconde_dose,vaccinated_seconde_dose_cum,vaccinated_seconde_dose_population_perc,vaccinated_third_dose,vaccinated_third_dose_cum,vaccinated_third_dose_population_perc,vaccinated_fourth_dose,vaccinated_fourth_dose_cum,vaccinated_fourth_dose_population_perc,vaccinated_validity_perc,vaccinated_expired_perc,not_vaccinated_perc
2020-12-19T00:00:00.000Z,46,68,0,0,4,0,0,0,0,0,0,0,0,0,100
2020-12-20T00:00:00.000Z,7390,7458,0.08,0,4,0,0,0,0,0,0,0,0,0,100
2020-12-21T00:00:00.000Z,24918,32376,0.35,0,4,0,0,0,0,0,0,0,0,0,100
2020-12-22T00:00:00.000Z,44655,77031,0.83,0,4,0,0,0,0,0,0,0,0,0,100
2020-12-23T00:00:00.000Z,62906,139937,1.5,0,4,0,0,0,0,0,0,0,0,0,100
2020-12-24T00:00:00.000Z,73415,213352,2.29,0,4,0,0,0,0,0,0,0,0,0,100
2020-12-25T00:00:00.000Z,38506,251858,2.71,0,4,0,0,0,0,0,0,0,0,0,100
2020-12-26T00:00:00.000Z,32611,284469,3.06,0,4,0,0,0,0,0,0,0,0,0,100
2020-12-27T00:00:00.000Z,104545,389014,4.18,0,4,0,0,0,0,0,0,0,0,0,100
2020-12-28T00:00:00.000Z,134997,524011,5.63,0,4,0,0,0,0,0,0,0,0,0,100
2020-12-29T00:00:00.000Z,156268,680279,7.32,2,6,0,0,0,0,0,0,0,0,0,100
2020-12-30T00:00:00.000Z,153126,833405,8.96,0,6,0,0,0,0,0,0,0,0,0,100
2020-12-31T00:00:00.000Z,158522,991927,10.67,0,6,0,0,0,0,0,0,0,0,0,100
2021-01-01T00:00:00.000Z,71405,1063332,11.43,0,6,0,0,0,0,0,0,0,0,0,100
2021-01-02T00:00:00.000Z,71717,1135049,12.21,0,6,0,0,0,0,0,0,0,0,0,100
2021-01-03T00:00:00.000Z,149706,1284755,13.82,0,6,0,0,0,0,0,0,0,0,0,100
2021-01-04T00:00:00.000Z,152156,1436911,15.45,1,7,0,0,0,0,0,0,0,0,0,100
2021-01-05T00:00:00.000Z,125151,1562062,16.8,3,10,0,0,0,0,0,0,0,0,0,100
2021-01-06T00:00:00.000Z,103307,1665369,17.91,2,12,0,0,0,0,0,0,0,0,0,100
2021-01-07T00:00:00.000Z,116002,1781371,19.16,9,21,0,0,0,0,0,0,0,0,0,100
2021-01-08T00:00:00.000Z,66428,1847799,19.87,4,25,0,0,0,0,0,0,0,0,0,100
2021-01-09T00:00:00.000Z,44522,1892321,20.35,24,49,0,0,0,0,0,0,0,0,0,100
2021-01-10T00:00:00.000Z,37628,1929949,20.75,5997,6046,0.07,0,0,0,0,0,0,0,0,100
2021-01-11T00:00:00.000Z,21150,1951099,20.98,19260,25306,0.27,0,0,0,0,0,0,0,0,100
2021-01-12T00:00:00.000Z,24050,1975149,21.24,35666,60972,0.66,0,0,0,0,0,0,0,0,100
2021-01-13T00:00:00.000Z,52042,2027191,21.8,56866,117838,1.27,0,0,0,0,0,0,0,0,100
2021-01-14T00:00:00.000Z,56438,2083629,22.41,68827,186665,2.01,0,0,0,0,0,0,0,0,100
2021-01-15T00:00:00.000Z,30752,2114381,22.74,35930,222595,2.39,0,0,0,0,0,0,0,0,100
2021-01-16T00:00:00.000Z,29460,2143841,23.05,26004,248599,2.67,0,0,0,0,0,0,0,0,100
2021-01-17T00:00:00.000Z,68414,2212255,23.79,84582,333181,3.58,0,0,0,0,0,0,0.36,0,99.64
2021-01-18T00:00:00.000Z,69774,2282029,24.54,120405,453586,4.88,0,0,0,0,0,0,0.64,0,99.36
2021-01-19T00:00:00.000Z,72859,2354888,25.32,137807,591393,6.36,0,0,0,0,0,0,1.16,0,98.84
2021-01-20T00:00:00.000Z,76867,2431755,26.15,143731,735124,7.91,0,0,0,0,0,0,1.98,0,98.02
2021-01-21T00:00:00.000Z,69968,2501723,26.9,164405,899529,9.67,0,0,0,0,0,0,2.98,0,97.02
2021-01-22T00:00:00.000Z,37896,2539619,27.31,71112,970641,10.44,0,0,0,0,0,0,3.5,0,96.5
2021-01-23T00:00:00.000Z,39956,2579575,27.74,53571,1024212,11.01,0,0,0,0,0,0,3.89,0,96.11
2021-01-24T00:00:00.000Z,69099,2648674,28.48,140668,1164880,12.53,0,0,0,0,0,0,5.1,0,94.9
2021-01-25T00:00:00.000Z,80896,2729570,29.35,139485,1304365,14.03,0,0,0,0,0,0,6.78,0,93.22
2021-01-26T00:00:00.000Z,78687,2808257,30.2,126392,1430757,15.39,0,0,0,0,0,0,8.65,0,91.35
2021-01-27T00:00:00.000Z,77937,2886194,31.04,125028,1555785,16.73,0,0,0,0,0,0,10.56,0,89.44
2021-01-28T00:00:00.000Z,79537,2965731,31.89,130582,1686367,18.13,0,0,0,0,0,0,12.69,0,87.31
2021-01-29T00:00:00.000Z,36676,3002407,32.29,64770,1751137,18.83,0,0,0,0,0,0,13.61,0,86.39
2021-01-30T00:00:00.000Z,34386,3036793,32.66,42750,1793887,19.29,0,0,0,0,0,0,14.3,0,85.7
2021-01-31T00:00:00.000Z,73310,3110103,33.44,59483,1853370,19.93,0,0,0,0,0,0,16.07,0,83.93
2021-02-01T00:00:00.000Z,82474,3192577,34.33,35334,1888704,20.31,0,0,0,0,0,0,17.81,0,82.19
2021-02-02T00:00:00.000Z,70067,3262644,35.08,31051,1919755,20.64,0,0,0,0,0,0,19.35,0,80.65
2021-02-03T00:00:00.000Z,60275,3322919,35.73,51414,1971169,21.2,0,0,0,0,0,0,20.84,0,79.16
2021-02-04T00:00:00.000Z,72597,3395516,36.51,58071,2029240,21.82,0,0,0,0,0,0,22.39,0,77.61
2021-02-05T00:00:00.000Z,33914,3429430,36.88,28789,2058029,22.13,0,0,0,0,0,0,23.15,0,76.85
2021-02-06T00:00:00.000Z,21608,3451038,37.11,22225,2080254,22.37,0,0,0,0,0,0,23.64,0,76.36
2021-02-07T00:00:00.000Z,54066,3505104,37.69,68713,2148967,23.11,0,0,0,0,0,0,24.4,0,75.6
2021-02-08T00:00:00.000Z,58618,3563722,38.32,65445,2214412,23.81,0,0,0,0,0,0,24.95,0,75.05
2021-02-09T00:00:00.000Z,66318,3630040,39.04,67548,2281960,24.54,0,0,0,0,0,0,25.48,0,74.52
2021-02-10T00:00:00.000Z,70534,3700574,39.79,72286,2354246,25.32,0,0,0,0,0,0,26.23,0,73.77
2021-02-11T00:00:00.000Z,81140,3781714,40.67,72081,2426327,26.09,0,0,0,0,0,0,27.08,0,72.92
2021-02-12T00:00:00.000Z,39084,3820798,41.09,37570,2463897,26.5,0,0,0,0,0,0,27.5,0,72.5
2021-02-13T00:00:00.000Z,27452,3848250,41.38,30428,2494325,26.82,0,0,0,0,0,0,27.82,0,72.18
2021-02-14T00:00:00.000Z,74887,3923137,42.19,69061,2563386,27.57,0,0,0,0,0,0,28.76,0,71.24
2021-02-15T00:00:00.000Z,81516,4004653,43.06,75681,2639067,28.38,0,0,0,0,0,0,29.69,0,70.31
2021-02-16T00:00:00.000Z,83396,4088049,43.96,78263,2717330,29.22,0,0,0,0,0,0,30.64,0,69.36
2021-02-17T00:00:00.000Z,61956,4150005,44.63,75607,2792937,30.03,0,0,0,0,0,0,31.56,0,68.44
2021-02-18T00:00:00.000Z,69131,4219136,45.37,79713,2872650,30.89,0,0,0,0,0,0,32.51,0,67.49
2021-02-19T00:00:00.000Z,39649,4258785,45.8,38137,2910787,31.3,0,0,0,0,0,0,33.02,0,66.98
2021-02-20T00:00:00.000Z,31643,4290428,46.14,28719,2939506,31.61,0,0,0,0,0,0,33.43,0,66.57
2021-02-21T00:00:00.000Z,79412,4369840,46.99,78424,3017930,32.45,0,0,0,0,0,0,34.39,0,65.61
2021-02-22T00:00:00.000Z,85041,4454881,47.91,80576,3098506,33.32,0,0,0,0,0,0,35.44,0,64.56
2021-02-23T00:00:00.000Z,77310,4532191,48.74,70458,3168964,34.08,0,0,0,0,0,0,36.47,0,63.53
2021-02-24T00:00:00.000Z,61041,4593232,49.39,63115,3232079,34.76,0,0,0,0,0,0,37.4,0,62.6
2021-02-25T00:00:00.000Z,51703,4644935,49.95,64778,3296857,35.45,0,0,0,0,0,0,38.31,0,61.69
2021-02-26T00:00:00.000Z,25894,4670829,50.23,32017,3328874,35.8,0,0,0,0,0,0,38.76,0,61.24
2021-02-27T00:00:00.000Z,18337,4689166,50.42,21191,3350065,36.02,0,0,0,0,0,0,39.08,0,60.92
2021-02-28T00:00:00.000Z,40341,4729507,50.86,55859,3405924,36.63,0,0,0,0,0,0,39.92,0,60.08
2021-03-01T00:00:00.000Z,45719,4775226,51.35,61424,3467348,37.29,0,0,0,0,0,0,40.78,0,59.22
2021-03-02T00:00:00.000Z,41165,4816391,51.79,64769,3532117,37.98,0,0,0,0,0,0,41.54,0,58.46
2021-03-03T00:00:00.000Z,42000,4858391,52.24,66755,3598872,38.7,0,0,0,0,0,0,42.25,0,57.75
2021-03-04T00:00:00.000Z,39687,4898078,52.67,79098,3677970,39.55,0,0,0,0,0,0,42.95,0,57.05
2021-03-05T00:00:00.000Z,17337,4915415,52.86,40450,3718420,39.99,0,0,0,0,0,0,43.28,0,56.72
2021-03-06T00:00:00.000Z,10703,4926118,52.97,25338,3743758,40.26,0,0,0,0,0,0,43.5,0,56.5
2021-03-07T00:00:00.000Z,31133,4957251,53.31,72826,3816584,41.04,0,0,0,0,0,0,44.09,0,55.91
2021-03-08T00:00:00.000Z,27351,4984602,53.6,73272,3889856,41.83,0,0,0,0,0,0,44.71,0,55.29
2021-03-09T00:00:00.000Z,26723,5011325,53.89,76580,3966436,42.65,0,0,0,0,0,0,45.37,0,54.63
2021-03-10T00:00:00.000Z,23328,5034653,54.14,58657,4025093,43.28,0,0,0,0,0,0,46.03,0,53.97
2021-03-11T00:00:00.000Z,23276,5057929,54.39,69069,4094162,44.03,0,0,0,0,0,0,46.76,0,53.24
2021-03-12T00:00:00.000Z,11255,5069184,54.51,41397,4135559,44.47,0,0,0,0,0,0,47.12,0,52.88
2021-03-13T00:00:00.000Z,7933,5077117,54.6,25233,4160792,44.74,0,0,0,0,0,0,47.35,0,52.65
2021-03-14T00:00:00.000Z,20960,5098077,54.82,73924,4234716,45.54,0,0,0,0,0,0,47.99,0,52.01
2021-03-15T00:00:00.000Z,20119,5118196,55.04,78253,4312969,46.38,0,0,0,0,0,0,48.61,0,51.39
2021-03-16T00:00:00.000Z,18730,5136926,55.24,71459,4384428,47.15,0,0,0,0,0,0,49.23,0,50.77
2021-03-17T00:00:00.000Z,17672,5154598,55.43,58987,4443415,47.78,0,0,0,0,0,0,49.72,0,50.28
2021-03-18T00:00:00.000Z,16015,5170613,55.6,58114,4501529,48.41,0,0,0,0,0,0,50.26,0,49.74
2021-03-19T00:00:00.000Z,6932,5177545,55.68,27966,4529495,48.71,0,0,0,0,0,0,50.56,0,49.44
2021-03-20T00:00:00.000Z,5210,5182755,55.73,15290,4544785,48.87,0,0,0,0,0,0,50.74,0,49.26
2021-03-21T00:00:00.000Z,13146,5195901,55.87,40490,4585275,49.31,0,0,0,0,0,0,51.27,0,48.73
2021-03-22T00:00:00.000Z,13554,5209455,56.02,40520,4625795,49.74,0,0,0,0,0,0,51.81,0,48.19
2021-03-23T00:00:00.000Z,2813,5212268,56.05,7281,4633076,49.82,0,0,0,0,0,0,52.24,0,47.76
2021-03-24T00:00:00.000Z,10984,5223252,56.17,46534,4679610,50.32,0,0,0,0,0,0,52.65,0,47.35
2021-03-25T00:00:00.000Z,10231,5233483,56.28,35409,4715019,50.7,0,0,0,0,0,0,53.04,0,46.96
2021-03-26T00:00:00.000Z,4165,5237648,56.32,13320,4728339,50.85,0,0,0,0,0,0,53.22,0,46.78
2021-03-27T00:00:00.000Z,1775,5239423,56.34,4259,4732598,50.89,0,0,0,0,0,0,53.31,0,46.69
2021-03-28T00:00:00.000Z,2097,5241520,56.36,4600,4737198,50.94,0,0,0,0,0,0,53.55,0,46.45
2021-03-29T00:00:00.000Z,6888,5248408,56.44,29999,4767197,51.26,0,0,0,0,0,0,53.81,0,46.19
2021-03-30T00:00:00.000Z,7858,5256266,56.52,22424,4789621,51.51,0,0,0,0,0,0,53.9,0,46.1
2021-03-31T00:00:00.000Z,8122,5264388,56.61,19461,4809082,51.71,0,0,0,0,0,0,54.2,0,45.8
2021-04-01T00:00:00.000Z,8170,5272558,56.7,18679,4827761,51.92,0,0,0,0,0,0,54.43,0,45.57
2021-04-02T00:00:00.000Z,2916,5275474,56.73,8114,4835875,52,0,0,0,0,0,0,54.52,0,45.48
2021-04-03T00:00:00.000Z,1417,5276891,56.75,2963,4838838,52.03,0,0,0,0,0,0,54.55,0,45.45
2021-04-04T00:00:00.000Z,9608,5286499,56.85,22819,4861657,52.28,0,0,0,0,0,0,54.64,0,45.36
2021-04-05T00:00:00.000Z,10329,5296828,56.96,21249,4882906,52.51,0,0,0,0,0,0,54.86,0,45.14
2021-04-06T00:00:00.000Z,8997,5305825,57.06,16762,4899668,52.69,0,0,0,0,0,0,55.03,0,44.97
2021-04-07T00:00:00.000Z,8893,5314718,57.15,15277,4914945,52.85,0,0,0,0,0,0,55.18,0,44.82
2021-04-08T00:00:00.000Z,9393,5324111,57.25,16979,4931924,53.04,0,0,0,0,0,0,55.34,0,44.66
2021-04-09T00:00:00.000Z,3584,5327695,57.29,6224,4938148,53.1,0,0,0,0,0,0,55.4,0,44.6
2021-04-10T00:00:00.000Z,1621,5329316,57.31,3504,4941652,53.14,0,0,0,0,0,0,55.43,0,44.57
2021-04-11T00:00:00.000Z,9019,5338335,57.41,14229,4955881,53.29,0,0,0,0,0,0,55.61,0,44.39
2021-04-12T00:00:00.000Z,8913,5347248,57.5,13212,4969093,53.44,0,0,0,0,0,0,55.77,0,44.23
2021-04-13T00:00:00.000Z,5814,5353062,57.56,4932,4974025,53.49,0,0,0,0,0,0,55.9,0,44.1
2021-04-14T00:00:00.000Z,3619,5356681,57.6,5286,4979311,53.55,0,0,0,0,0,0,56,0,44
2021-04-15T00:00:00.000Z,673,5357354,57.61,560,4979871,53.55,0,0,0,0,0,0,56.1,0,43.9
2021-04-16T00:00:00.000Z,3385,5360739,57.65,6625,4986496,53.62,0,0,0,0,0,0,56.15,0,43.85
2021-04-17T00:00:00.000Z,805,5361544,57.66,1964,4988460,53.64,0,0,0,0,0,0,56.17,0,43.83
2021-04-18T00:00:00.000Z,7086,5368630,57.73,7423,4995883,53.72,0,0,0,0,0,0,56.29,0,43.71
2021-04-19T00:00:00.000Z,6379,5375009,57.8,7106,5002989,53.8,0,0,0,0,0,0,56.4,0,43.6
2021-04-20T00:00:00.000Z,6256,5381265,57.87,6856,5009845,53.87,0,0,0,0,0,0,56.47,0,43.53
2021-04-21T00:00:00.000Z,6349,5387614,57.94,7072,5016917,53.95,0,0,0,0,0,0,56.54,0,43.46
2021-04-22T00:00:00.000Z,5921,5393535,58,7666,5024583,54.03,0,0,0,0,0,0,56.58,0,43.42
2021-04-23T00:00:00.000Z,2740,5396275,58.03,3366,5027949,54.07,0,0,0,0,0,0,56.63,0,43.37
2021-04-24T00:00:00.000Z,756,5397031,58.04,1280,5029229,54.08,0,0,0,0,0,0,56.64,0,43.36
2021-04-25T00:00:00.000Z,4821,5401852,58.09,6908,5036137,54.16,0,0,0,0,0,0,56.71,0,43.29
2021-04-26T00:00:00.000Z,5459,5407311,58.15,7871,5044008,54.24,0,0,0,0,0,0,56.79,0,43.21
2021-04-27T00:00:00.000Z,4486,5411797,58.2,6606,5050614,54.31,0,0,0,0,0,0,56.85,0,43.15
2021-04-28T00:00:00.000Z,4473,5416270,58.24,7291,5057905,54.39,0,0,0,0,0,0,56.92,0,43.08
2021-04-29T00:00:00.000Z,4347,5420617,58.29,7260,5065165,54.47,0,0,0,0,0,0,56.99,0,43.01
2021-04-30T00:00:00.000Z,1907,5422524,58.31,3174,5068339,54.5,0,0,0,0,0,0,57.02,0,42.98
2021-05-01T00:00:00.000Z,450,5422974,58.32,888,5069227,54.51,0,0,0,0,0,0,57.03,0,42.97
2021-05-02T00:00:00.000Z,3216,5426190,58.35,6070,5075297,54.58,0,0,0,0,0,0,57.08,0,42.92
2021-05-03T00:00:00.000Z,3529,5429719,58.39,5802,5081099,54.64,0,0,0,0,0,0,57.15,0,42.85
2021-05-04T00:00:00.000Z,3566,5433285,58.43,4707,5085806,54.69,0,0,0,0,0,0,57.2,0,42.8
2021-05-05T00:00:00.000Z,3270,5436555,58.46,4063,5089869,54.73,0,0,0,0,0,0,57.26,0,42.74
2021-05-06T00:00:00.000Z,3622,5440177,58.5,3118,5092987,54.77,0,0,0,0,0,0,57.32,0,42.68
2021-05-07T00:00:00.000Z,1808,5441985,58.52,2479,5095466,54.79,0,0,0,0,0,0,57.35,0,42.65
2021-05-08T00:00:00.000Z,230,5442215,58.52,494,5095960,54.8,0,0,0,0,0,0,57.35,0,42.65
2021-05-09T00:00:00.000Z,2837,5445052,58.55,4739,5100699,54.85,0,0,0,0,0,0,57.4,0,42.6
2021-05-10T00:00:00.000Z,2883,5447935,58.58,4688,5105387,54.9,0,0,0,0,0,0,57.45,0,42.55
2021-05-11T00:00:00.000Z,2607,5450542,58.61,3857,5109244,54.94,0,0,0,0,0,0,57.49,0,42.51
2021-05-12T00:00:00.000Z,2001,5452543,58.63,3308,5112552,54.98,0,0,0,0,0,0,57.53,0,42.47
2021-05-13T00:00:00.000Z,2026,5454569,58.66,3656,5116208,55.02,0,0,0,0,0,0,57.56,0,42.44
2021-05-14T00:00:00.000Z,952,5455521,58.67,1471,5117679,55.03,0,0,0,0,0,0,57.57,0,42.43
2021-05-15T00:00:00.000Z,240,5455761,58.67,239,5117918,55.04,0,0,0,0,0,0,57.58,0,42.42
2021-05-16T00:00:00.000Z,523,5456284,58.67,1197,5119115,55.05,0,0,0,0,0,0,57.6,0,42.4
2021-05-17T00:00:00.000Z,286,5456570,58.68,830,5119945,55.06,0,0,0,0,0,0,57.63,0,42.37
2021-05-18T00:00:00.000Z,1946,5458516,58.7,4920,5124865,55.11,0,0,0,0,0,0,57.66,0,42.34
2021-05-19T00:00:00.000Z,2207,5460723,58.72,5022,5129887,55.16,0,0,0,0,0,0,57.69,0,42.31
2021-05-20T00:00:00.000Z,2300,5463023,58.75,3861,5133748,55.21,0,0,0,0,0,0,57.72,0,42.28
2021-05-21T00:00:00.000Z,1169,5464192,58.76,1387,5135135,55.22,0,0,0,0,0,0,57.74,0,42.26
2021-05-22T00:00:00.000Z,204,5464396,58.76,386,5135521,55.22,0,0,0,0,0,0,57.74,0,42.26
2021-05-23T00:00:00.000Z,2267,5466663,58.79,3208,5138729,55.26,0,0,0,0,0,0,57.76,0,42.24
2021-05-24T00:00:00.000Z,2112,5468775,58.81,3580,5142309,55.3,0,0,0,0,0,0,57.78,0,42.22
2021-05-25T00:00:00.000Z,1809,5470584,58.83,2569,5144878,55.33,0,0,0,0,0,0,57.81,0,42.19
2021-05-26T00:00:00.000Z,1389,5471973,58.84,2480,5147358,55.35,0,0,0,0,0,0,57.85,0,42.15
2021-05-27T00:00:00.000Z,1829,5473802,58.86,3165,5150523,55.39,0,0,0,0,0,0,57.88,0,42.12
2021-05-28T00:00:00.000Z,761,5474563,58.87,1388,5151911,55.4,0,0,0,0,0,0,57.89,0,42.11
2021-05-29T00:00:00.000Z,173,5474736,58.87,218,5152129,55.4,0,0,0,0,0,0,57.89,0,42.11
2021-05-30T00:00:00.000Z,1630,5476366,58.89,1923,5154052,55.42,0,0,0,0,0,0,57.92,0,42.08
2021-05-31T00:00:00.000Z,1714,5478080,58.91,2081,5156133,55.45,0,0,0,0,0,0,57.95,0,42.05
2021-06-01T00:00:00.000Z,1357,5479437,58.92,1808,5157941,55.47,0,0,0,0,0,0,57.97,0,42.03
2021-06-02T00:00:00.000Z,1486,5480923,58.94,1591,5159532,55.48,0,0,0,0,0,0,57.99,0,42.01
2021-06-03T00:00:00.000Z,1663,5482586,58.96,1475,5161007,55.5,0,0,0,0,0,0,58.01,0,41.99
2021-06-04T00:00:00.000Z,1074,5483660,58.97,762,5161769,55.51,0,0,0,0,0,0,58.03,0,41.97
2021-06-05T00:00:00.000Z,176,5483836,58.97,150,5161919,55.51,0,0,0,0,0,0,58.03,0,41.97
2021-06-06T00:00:00.000Z,4276,5488112,59.02,990,5162909,55.52,0,0,0,0,0,0,58.07,0,41.93
2021-06-07T00:00:00.000Z,4413,5492525,59.06,800,5163709,55.53,0,0,0,0,0,0,58.1,0,41.9
2021-06-08T00:00:00.000Z,3718,5496243,59.1,1154,5164863,55.54,0,0,0,0,0,0,58.14,0,41.86
2021-06-09T00:00:00.000Z,3583,5499826,59.14,1300,5166163,55.55,0,0,0,0,0,0,58.17,0,41.83
2021-06-10T00:00:00.000Z,3331,5503157,59.18,1278,5167441,55.57,0,0,0,0,0,0,58.2,0,41.8
2021-06-11T00:00:00.000Z,1373,5504530,59.19,568,5168009,55.57,0,0,0,0,0,0,58.21,0,41.79
2021-06-12T00:00:00.000Z,206,5504736,59.2,160,5168169,55.58,0,0,0,0,0,0,58.21,0,41.79
2021-06-13T00:00:00.000Z,3093,5507829,59.23,1246,5169415,55.59,0,0,0,0,0,0,58.24,0,41.76
2021-06-14T00:00:00.000Z,3033,5510862,59.26,1513,5170928,55.61,0,0,0,0,0,0,58.26,0,41.74
2021-06-15T00:00:00.000Z,3125,5513987,59.29,1355,5172283,55.62,0,0,0,0,0,0,58.28,0,41.72
2021-06-16T00:00:00.000Z,2708,5516695,59.32,979,5173262,55.63,0,0,0,0,0,0,58.31,0,41.69
2021-06-17T00:00:00.000Z,2709,5519404,59.35,1178,5174440,55.64,0,0,0,0,0,0,58.33,0,41.67
2021-06-18T00:00:00.000Z,1243,5520647,59.37,482,5174922,55.65,0,0,0,0,0,0,58.34,0,41.66
2021-06-19T00:00:00.000Z,217,5520864,59.37,135,5175057,55.65,0,0,0,0,0,0,58.34,0,41.66
2021-06-20T00:00:00.000Z,3307,5524171,59.4,1319,5176376,55.66,0,0,0,0,0,0,58.37,0,41.63
2021-06-21T00:00:00.000Z,5228,5529399,59.46,1197,5177573,55.68,0,0,0,0,0,0,58.41,0,41.59
2021-06-22T00:00:00.000Z,6905,5536304,59.53,1084,5178657,55.69,0,0,0,0,0,0,58.46,0,41.54
2021-06-23T00:00:00.000Z,10715,5547019,59.65,1275,5179932,55.7,0,0,0,0,0,0,58.54,0,41.46
2021-06-24T00:00:00.000Z,12014,5559033,59.78,1448,5181380,55.72,0,0,0,0,0,0,58.62,0,41.38
2021-06-25T00:00:00.000Z,7081,5566114,59.86,917,5182297,55.73,0,0,0,0,0,0,58.67,0,41.33
2021-06-26T00:00:00.000Z,2261,5568375,59.88,188,5182485,55.73,0,0,0,0,0,0,58.68,0,41.32
2021-06-27T00:00:00.000Z,13613,5581988,60.03,3430,5185915,55.77,0,0,0,0,0,0,58.78,0,41.22
2021-06-28T00:00:00.000Z,14496,5596484,60.18,3654,5189569,55.81,0,0,0,0,0,0,58.88,0,41.12
2021-06-29T00:00:00.000Z,16690,5613174,60.36,3719,5193288,55.85,0,0,0,0,0,0,58.99,0,41.01
2021-06-30T00:00:00.000Z,16458,5629632,60.54,3380,5196668,55.88,0,0,0,0,0,0,59.11,0,40.89
2021-07-01T00:00:00.000Z,16790,5646422,60.72,3353,5200021,55.92,79,79,0,0,0,0,59.23,0,40.77
2021-07-02T00:00:00.000Z,9812,5656234,60.82,1576,5201597,55.94,5,84,0,0,0,0,59.3,0,40.7
2021-07-03T00:00:00.000Z,2657,5658891,60.85,291,5201888,55.94,1,85,0,0,0,0,59.32,0,40.68
2021-07-04T00:00:00.000Z,17717,5676608,61.04,3147,5205035,55.97,1,86,0,0,0,0,59.46,0,40.54
2021-07-05T00:00:00.000Z,17833,5694441,61.24,3020,5208055,56,4,90,0,0,0,0,59.6,0,40.4
2021-07-06T00:00:00.000Z,17820,5712261,61.43,3390,5211445,56.04,10,100,0,0,0,0,59.74,0,40.26
2021-07-07T00:00:00.000Z,15505,5727766,61.59,2672,5214117,56.07,11,111,0,0,0,0,59.87,0,40.13
2021-07-08T00:00:00.000Z,16566,5744332,61.77,2839,5216956,56.1,17,128,0,0,0,0,60,0,40
2021-07-09T00:00:00.000Z,11111,5755443,61.89,1509,5218465,56.12,3,131,0,0,0,0,60.09,0,39.91
2021-07-10T00:00:00.000Z,4969,5760412,61.94,373,5218838,56.12,5,136,0,0,0,0,60.13,0,39.87
2021-07-11T00:00:00.000Z,1451,5761863,61.96,2839,5221677,56.15,5,141,0,0,0,0,60.16,0,39.84
2021-07-12T00:00:00.000Z,2403,5764266,61.99,3668,5225345,56.19,51,192,0,0,0,0,60.2,0,39.8
2021-07-13T00:00:00.000Z,2942,5767208,62.02,5435,5230780,56.25,124,316,0,0,0,0,60.25,0,39.75
2021-07-14T00:00:00.000Z,2721,5769929,62.05,7496,5238276,56.33,440,756,0.01,0,0,0,60.29,0,39.71
2021-07-15T00:00:00.000Z,2973,5772902,62.08,9265,5247541,56.43,374,1130,0.01,0,0,0,60.34,0,39.66
2021-07-16T00:00:00.000Z,1264,5774166,62.09,5865,5253406,56.49,65,1195,0.01,0,0,0,60.36,0,39.64
2021-07-17T00:00:00.000Z,352,5774518,62.1,1379,5254785,56.51,6,1201,0.01,0,0,0,60.37,0,39.63
2021-07-18T00:00:00.000Z,2053,5776571,62.12,9760,5264545,56.61,235,1436,0.02,0,0,0,60.4,0,39.6
2021-07-19T00:00:00.000Z,3189,5779760,62.15,11320,5275865,56.73,457,1893,0.02,0,0,0,60.44,0,39.56
2021-07-20T00:00:00.000Z,2656,5782416,62.18,11888,5287753,56.86,370,2263,0.02,0,0,0,60.42,0.07,39.51
2021-07-21T00:00:00.000Z,2367,5784783,62.21,11852,5299605,56.99,323,2586,0.03,0,0,0,60.26,0.28,39.46
2021-07-22T00:00:00.000Z,2854,5787637,62.24,13238,5312843,57.13,389,2975,0.03,0,0,0,59.93,0.67,39.4
2021-07-23T00:00:00.000Z,2015,5789652,62.26,8206,5321049,57.22,103,3078,0.03,0,0,0,59.35,1.29,39.36
2021-07-24T00:00:00.000Z,623,5790275,62.27,1463,5322512,57.24,6,3084,0.03,0,0,0,58.61,2.04,39.35
2021-07-25T00:00:00.000Z,4409,5794684,62.31,15474,5337986,57.4,223,3307,0.04,0,0,0,58.29,2.43,39.28
2021-07-26T00:00:00.000Z,5152,5799836,62.37,13505,5351491,57.55,322,3629,0.04,0,0,0,58.1,2.71,39.19
2021-07-27T00:00:00.000Z,5465,5805301,62.43,13537,5365028,57.69,413,4042,0.04,0,0,0,57.27,3.63,39.1
2021-07-28T00:00:00.000Z,3970,5809271,62.47,12313,5377341,57.83,470,4512,0.05,0,0,0,56.05,4.93,39.02
2021-07-29T00:00:00.000Z,4639,5813910,62.52,14156,5391497,57.98,527,5039,0.05,0,0,0,54.65,6.41,38.93
2021-07-30T00:00:00.000Z,2636,5816546,62.55,10830,5402327,58.09,4116,9155,0.1,0,0,0,53.18,7.92,38.9
2021-07-31T00:00:00.000Z,1393,5817939,62.56,3537,5405864,58.13,6155,15310,0.16,0,0,0,51.46,9.64,38.9
2021-08-01T00:00:00.000Z,3065,5821004,62.6,3349,5409213,58.17,31042,46352,0.5,0,0,0,50.94,10.15,38.92
2021-08-02T00:00:00.000Z,3110,5824114,62.63,3155,5412368,58.2,58500,104852,1.13,0,0,0,50.72,10.24,39.03
2021-08-03T00:00:00.000Z,3367,5827481,62.67,3300,5415668,58.24,78955,183807,1.98,0,0,0,49.7,11.07,39.23
2021-08-04T00:00:00.000Z,3512,5830993,62.7,3230,5418898,58.27,80753,264560,2.84,0,0,0,48.7,11.86,39.44
2021-08-05T00:00:00.000Z,4496,5835489,62.75,3550,5422448,58.31,88433,352993,3.8,0,0,0,47.92,12.4,39.68
2021-08-06T00:00:00.000Z,2404,5837893,62.78,1830,5424278,58.33,44738,397731,4.28,0,0,0,46.97,13.26,39.77
2021-08-07T00:00:00.000Z,1017,5838910,62.79,667,5424945,58.34,27349,425080,4.57,0,0,0,45.82,14.34,39.84
2021-08-08T00:00:00.000Z,4990,5843900,62.84,3057,5428002,58.37,80075,505155,5.43,0,0,0,45.73,14.27,40
2021-08-09T00:00:00.000Z,5327,5849227,62.9,3036,5431038,58.4,76478,581633,6.25,0,0,0,45.97,13.98,40.05
2021-08-10T00:00:00.000Z,5538,5854765,62.96,3169,5434207,58.44,75416,657049,7.07,0,0,0,46.18,13.81,40.01
2021-08-11T00:00:00.000Z,5673,5860438,63.02,2926,5437133,58.47,62626,719675,7.74,0,0,0,46.57,13.52,39.91
2021-08-12T00:00:00.000Z,7016,5867454,63.1,3273,5440406,58.5,59452,779127,8.38,0,0,0,47.05,13.21,39.74
2021-08-13T00:00:00.000Z,3798,5871252,63.14,2051,5442457,58.53,43856,822983,8.85,0,0,0,47.01,13.29,39.7
2021-08-14T00:00:00.000Z,2245,5873497,63.16,839,5443296,58.53,44475,867458,9.33,0,0,0,46.77,13.49,39.74
2021-08-15T00:00:00.000Z,7154,5880651,63.24,4519,5447815,58.58,97951,965409,10.38,0,0,0,47.43,12.85,39.72
2021-08-16T00:00:00.000Z,6975,5887626,63.31,4727,5452542,58.63,89498,1054907,11.34,0,0,0,48.08,12.25,39.68
2021-08-17T00:00:00.000Z,7569,5895195,63.39,5119,5457661,58.69,83293,1138200,12.24,0,0,0,48.24,12.15,39.61
2021-08-18T00:00:00.000Z,8630,5903825,63.49,4592,5462253,58.74,69237,1207437,12.98,0,0,0,48.3,12.17,39.53
2021-08-19T00:00:00.000Z,10062,5913887,63.59,5197,5467450,58.79,65957,1273394,13.69,0,0,0,48.32,12.24,39.44
2021-08-20T00:00:00.000Z,4738,5918625,63.65,2796,5470246,58.82,60432,1333826,14.34,0,0,0,48.14,12.41,39.44
2021-08-21T00:00:00.000Z,3488,5922113,63.68,1561,5471807,58.84,50710,1384536,14.89,0,0,0,47.9,12.68,39.42
2021-08-22T00:00:00.000Z,9831,5931944,63.79,4786,5476593,58.89,105074,1489610,16.02,0,0,0,48.58,12.09,39.32
2021-08-23T00:00:00.000Z,10927,5942871,63.91,4427,5481020,58.94,93980,1583590,17.03,0,0,0,49.21,11.58,39.21
2021-08-24T00:00:00.000Z,11727,5954598,64.03,4694,5485714,58.99,98492,1682082,18.09,0,0,0,49.46,11.42,39.12
2021-08-25T00:00:00.000Z,9618,5964216,64.14,4465,5490179,59.04,99468,1781550,19.16,0,0,0,49.56,11.37,39.07
2021-08-26T00:00:00.000Z,10103,5974319,64.24,5034,5495213,59.09,101163,1882713,20.25,0,0,0,49.63,11.33,39.04
2021-08-27T00:00:00.000Z,4318,5978637,64.29,2763,5497976,59.12,56665,1939378,20.86,0,0,0,49.51,11.55,38.95
2021-08-28T00:00:00.000Z,3692,5982329,64.33,1484,5499460,59.14,33516,1972894,21.22,0,0,0,49.19,11.98,38.84
2021-08-29T00:00:00.000Z,10342,5992671,64.44,5931,5505391,59.2,79476,2052370,22.07,0,0,0,49.75,11.65,38.61
2021-08-30T00:00:00.000Z,12339,6005010,64.57,7003,5512394,59.28,115955,2168325,23.32,0,0,0,50.44,11.05,38.51
2021-08-31T00:00:00.000Z,12086,6017096,64.7,6502,5518896,59.35,114806,2283131,24.55,0,0,0,50.77,10.82,38.41
2021-09-01T00:00:00.000Z,9052,6026148,64.8,6001,5524897,59.41,112432,2395563,25.76,0,0,0,51.06,10.58,38.36
2021-09-02T00:00:00.000Z,8793,6034941,64.9,7158,5532055,59.49,111475,2507038,26.96,0,0,0,51.47,10.22,38.31
2021-09-03T00:00:00.000Z,3742,6038683,64.94,4094,5536149,59.53,58860,2565898,27.59,0,0,0,51.53,10.2,38.27
2021-09-04T00:00:00.000Z,2690,6041373,64.97,2009,5538158,59.55,29932,2595830,27.91,0,0,0,51.36,10.4,38.23
2021-09-05T00:00:00.000Z,7009,6048382,65.04,6448,5544606,59.62,73288,2669118,28.7,1,1,0,51.84,10.03,38.14
2021-09-06T00:00:00.000Z,2820,6051202,65.07,2686,5547292,59.65,22784,2691902,28.95,0,1,0,52.27,9.9,37.83
2021-09-07T00:00:00.000Z,1187,6052389,65.08,860,5548152,59.66,5385,2697287,29.01,0,1,0,52.37,10.13,37.5
2021-09-08T00:00:00.000Z,1377,6053766,65.1,1170,5549322,59.67,6610,2703897,29.08,0,1,0,52.44,10.39,37.17
2021-09-09T00:00:00.000Z,7099,6060865,65.18,12545,5561867,59.81,73808,2777705,29.87,0,1,0,52.79,10.21,36.99
2021-09-10T00:00:00.000Z,3244,6064109,65.21,4986,5566853,59.86,37918,2815623,30.28,0,1,0,52.75,10.34,36.91
2021-09-11T00:00:00.000Z,2107,6066216,65.23,2492,5569345,59.89,14804,2830427,30.44,0,1,0,52.38,10.77,36.85
2021-09-12T00:00:00.000Z,6119,6072335,65.3,8582,5577927,59.98,54093,2884520,31.02,0,1,0,52.69,10.57,36.74
2021-09-13T00:00:00.000Z,5617,6077952,65.36,8241,5586168,60.07,47937,2932457,31.53,0,1,0,52.86,10.37,36.76
2021-09-14T00:00:00.000Z,4957,6082909,65.41,7401,5593569,60.15,48826,2981283,32.06,0,1,0,52.63,10.52,36.85
2021-09-15T00:00:00.000Z,1739,6084648,65.43,2697,5596266,60.18,16673,2997956,32.24,0,1,0,52.21,10.93,36.86
2021-09-16T00:00:00.000Z,334,6084982,65.43,537,5596803,60.19,1739,2999695,32.26,0,1,0,51.98,11.42,36.59
2021-09-17T00:00:00.000Z,3675,6088657,65.47,7004,5603807,60.26,42875,3042570,32.72,0,1,0,51.93,11.5,36.57
2021-09-18T00:00:00.000Z,2249,6090906,65.5,2933,5606740,60.29,12778,3055348,32.86,0,1,0,51.53,11.93,36.54
2021-09-19T00:00:00.000Z,5957,6096863,65.56,10702,5617442,60.41,44299,3099647,33.33,0,1,0,51.73,11.82,36.44
2021-09-20T00:00:00.000Z,3238,6100101,65.6,4625,5622067,60.46,16686,3116333,33.51,0,1,0,51.86,11.84,36.3
2021-09-21T00:00:00.000Z,1327,6101428,65.61,2041,5624108,60.48,3469,3119802,33.55,0,1,0,51.53,12.34,36.13
2021-09-22T00:00:00.000Z,4253,6105681,65.66,7231,5631339,60.56,25047,3144849,33.82,0,1,0,51.13,12.74,36.12
2021-09-23T00:00:00.000Z,4395,6110076,65.7,5891,5637230,60.62,27805,3172654,34.12,0,1,0,50.75,13.08,36.17
2021-09-24T00:00:00.000Z,3195,6113271,65.74,4174,5641404,60.66,27703,3200357,34.42,0,1,0,50.65,13.27,36.08
2021-09-25T00:00:00.000Z,2075,6115346,65.76,2246,5643650,60.69,10430,3210787,34.53,0,1,0,50.32,13.63,36.05
2021-09-26T00:00:00.000Z,5617,6120963,65.82,5962,5649612,60.75,36240,3247027,34.92,0,1,0,50.56,13.48,35.95
2021-09-27T00:00:00.000Z,4696,6125659,65.87,4448,5654060,60.8,30429,3277456,35.24,1,2,0,50.72,13.33,35.95
2021-09-28T00:00:00.000Z,1462,6127121,65.89,1166,5655226,60.81,6240,3283696,35.31,0,2,0,50.48,13.59,35.94
2021-09-29T00:00:00.000Z,9628,6136749,65.99,8330,5663556,60.9,60287,3343983,35.96,0,2,0,50.67,13.36,35.97
2021-09-30T00:00:00.000Z,10966,6147715,66.11,8552,5672108,61,79670,3423653,36.82,0,2,0,51.24,12.7,36.07
2021-10-01T00:00:00.000Z,5114,6152829,66.16,3852,5675960,61.04,46500,3470153,37.32,0,2,0,51.32,12.6,36.08
2021-10-02T00:00:00.000Z,2862,6155691,66.2,2116,5678076,61.06,22413,3492566,37.56,0,2,0,51.24,12.67,36.09
2021-10-03T00:00:00.000Z,11667,6167358,66.32,7258,5685334,61.14,70703,3563269,38.32,0,2,0,51.81,12.09,36.11
2021-10-04T00:00:00.000Z,10317,6177675,66.43,6738,5692072,61.21,51866,3615135,38.88,0,2,0,52.28,11.63,36.09
2021-10-05T00:00:00.000Z,8450,6186125,66.52,5291,5697363,61.27,40453,3655588,39.31,0,2,0,52.55,11.31,36.15
2021-10-06T00:00:00.000Z,7554,6193679,66.6,4164,5701527,61.31,34088,3689676,39.68,0,2,0,52.9,11.14,35.96
2021-10-07T00:00:00.000Z,6903,6200582,66.68,3987,5705514,61.35,34012,3723688,40.04,0,2,0,53.39,10.91,35.7
2021-10-08T00:00:00.000Z,3087,6203669,66.71,2624,5708138,61.38,19215,3742903,40.25,0,2,0,53.62,10.82,35.56
2021-10-09T00:00:00.000Z,1338,6205007,66.73,1428,5709566,61.4,7425,3750328,40.33,0,2,0,53.66,10.85,35.49
2021-10-10T00:00:00.000Z,4681,6209688,66.78,3735,5713301,61.44,21495,3771823,40.56,0,2,0,54.13,10.63,35.24
2021-10-11T00:00:00.000Z,4296,6213984,66.82,2930,5716231,61.47,17239,3789062,40.75,0,2,0,54.51,10.44,35.05
2021-10-12T00:00:00.000Z,3971,6217955,66.86,2987,5719218,61.5,15336,3804398,40.91,0,2,0,54.66,10.42,34.91
2021-10-13T00:00:00.000Z,3490,6221445,66.9,2435,5721653,61.53,13548,3817946,41.06,0,2,0,54.81,10.41,34.78
2021-10-14T00:00:00.000Z,3864,6225309,66.94,2673,5724326,61.56,16535,3834481,41.23,0,2,0,55,10.34,34.66
2021-10-15T00:00:00.000Z,1695,6227004,66.96,1663,5725989,61.57,8984,3843465,41.33,0,2,0,55.07,10.34,34.59
2021-10-16T00:00:00.000Z,728,6227732,66.97,938,5726927,61.58,4024,3847489,41.37,0,2,0,55.02,10.42,34.56
2021-10-17T00:00:00.000Z,3099,6230831,67,2514,5729441,61.61,12771,3860260,41.51,0,2,0,55.21,10.31,34.48
2021-10-18T00:00:00.000Z,2453,6233284,67.03,1664,5731105,61.63,10042,3870302,41.62,0,2,0,55.36,10.23,34.41
2021-10-19T00:00:00.000Z,2383,6235667,67.06,1266,5732371,61.64,9277,3879579,41.72,0,2,0,55.42,10.23,34.35
2021-10-20T00:00:00.000Z,2435,6238102,67.08,2280,5734651,61.67,10063,3889642,41.83,0,2,0,55.49,10.21,34.3
2021-10-21T00:00:00.000Z,3027,6241129,67.11,3072,5737723,61.7,12122,3901764,41.96,0,2,0,55.64,10.12,34.24
2021-10-22T00:00:00.000Z,1272,6242401,67.13,1412,5739135,61.72,5803,3907567,42.02,0,2,0,55.7,10.09,34.21
2021-10-23T00:00:00.000Z,559,6242960,67.13,1254,5740389,61.73,2554,3910121,42.05,0,2,0,55.74,10.07,34.2
2021-10-24T00:00:00.000Z,2508,6245468,67.16,2650,5743039,61.76,9838,3919959,42.15,0,2,0,55.84,10.01,34.15
2021-10-25T00:00:00.000Z,2631,6248099,67.19,2726,5745765,61.79,8483,3928442,42.24,0,2,0,55.95,9.94,34.11
2021-10-26T00:00:00.000Z,2370,6250469,67.21,2034,5747799,61.81,8500,3936942,42.34,0,2,0,56.02,9.9,34.08
2021-10-27T00:00:00.000Z,2294,6252763,67.24,2547,5750346,61.84,7925,3944867,42.42,0,2,0,56.09,9.87,34.04
2021-10-28T00:00:00.000Z,2493,6255256,67.27,2751,5753097,61.87,8640,3953507,42.51,0,2,0,56.17,9.83,33.99
2021-10-29T00:00:00.000Z,886,6256142,67.28,1123,5754220,61.88,4110,3957617,42.56,0,2,0,56.19,9.84,33.98
2021-10-30T00:00:00.000Z,354,6256496,67.28,520,5754740,61.88,1700,3959317,42.58,0,2,0,56.16,9.87,33.96
2021-10-31T00:00:00.000Z,2260,6258756,67.3,2484,5757224,61.91,8234,3967551,42.67,0,2,0,56.26,9.81,33.93
2021-11-01T00:00:00.000Z,1731,6260487,67.32,2083,5759307,61.93,6447,3973998,42.73,0,2,0,56.35,9.76,33.89
2021-11-02T00:00:00.000Z,2019,6262506,67.34,2024,5761331,61.95,6262,3980260,42.8,1,3,0,56.4,9.74,33.86
2021-11-03T00:00:00.000Z,1761,6264267,67.36,1875,5763206,61.97,5520,3985780,42.86,0,3,0,56.43,9.74,33.83
2021-11-04T00:00:00.000Z,2108,6266375,67.39,2786,5765992,62,7093,3992873,42.94,0,3,0,56.49,9.72,33.79
2021-11-05T00:00:00.000Z,771,6267146,67.39,884,5766876,62.01,3442,3996315,42.97,0,3,0,56.48,9.73,33.78
2021-11-06T00:00:00.000Z,339,6267485,67.4,379,5767255,62.02,1365,3997680,42.99,0,3,0,56.45,9.77,33.77
2021-11-07T00:00:00.000Z,1584,6269069,67.41,1766,5769021,62.04,6114,4003794,43.05,0,3,0,56.53,9.73,33.74
2021-11-08T00:00:00.000Z,1512,6270581,67.43,1582,5770603,62.05,5383,4009177,43.11,0,3,0,56.6,9.68,33.72
2021-11-09T00:00:00.000Z,1426,6272007,67.45,1586,5772189,62.07,5308,4014485,43.17,0,3,0,56.63,9.67,33.7
2021-11-10T00:00:00.000Z,1424,6273431,67.46,1640,5773829,62.09,4745,4019230,43.22,0,3,0,56.66,9.67,33.68
2021-11-11T00:00:00.000Z,1631,6275062,67.48,1922,5775751,62.11,5669,4024899,43.28,3,6,0,56.71,9.64,33.65
2021-11-12T00:00:00.000Z,625,6275687,67.49,807,5776558,62.12,2889,4027788,43.31,0,6,0,56.72,9.64,33.64
2021-11-13T00:00:00.000Z,252,6275939,67.49,279,5776837,62.12,1111,4028899,43.32,0,6,0,56.71,9.66,33.63
2021-11-14T00:00:00.000Z,1544,6277483,67.51,1624,5778461,62.14,5091,4033990,43.38,1,7,0,56.77,9.62,33.61
2021-11-15T00:00:00.000Z,1264,6278747,67.52,1606,5780067,62.16,4748,4038738,43.43,0,7,0,56.83,9.58,33.59
2021-11-16T00:00:00.000Z,1275,6280022,67.53,1391,5781458,62.17,4311,4043049,43.48,0,7,0,56.86,9.57,33.57
2021-11-17T00:00:00.000Z,1206,6281228,67.55,1543,5783001,62.19,3868,4046917,43.52,0,7,0,56.89,9.57,33.55
2021-11-18T00:00:00.000Z,1355,6282583,67.56,1673,5784674,62.21,4978,4051895,43.57,0,7,0,56.93,9.54,33.53
2021-11-19T00:00:00.000Z,585,6283168,67.57,742,5785416,62.21,2424,4054319,43.6,0,7,0,56.94,9.54,33.52
2021-11-20T00:00:00.000Z,233,6283401,67.57,239,5785655,62.22,913,4055232,43.61,1,8,0,56.93,9.56,33.51
2021-11-21T00:00:00.000Z,1418,6284819,67.58,1518,5787173,62.23,4858,4060090,43.66,0,8,0,56.98,9.52,33.5
2021-11-22T00:00:00.000Z,1675,6286494,67.6,1506,5788679,62.25,4205,4064295,43.71,1,9,0,57.04,9.48,33.47
2021-11-23T00:00:00.000Z,8618,6295112,67.69,1663,5790342,62.27,3969,4068264,43.75,0,9,0,57.14,9.46,33.4
2021-11-24T00:00:00.000Z,9352,6304464,67.8,1300,5791642,62.28,3889,4072153,43.79,0,9,0,57.23,9.44,33.33
2021-11-25T00:00:00.000Z,9816,6314280,67.9,1580,5793222,62.3,4810,4076963,43.84,0,9,0,57.31,9.44,33.25
2021-11-26T00:00:00.000Z,5606,6319886,67.96,730,5793952,62.31,2749,4079712,43.87,0,9,0,57.34,9.46,33.21
2021-11-27T00:00:00.000Z,4777,6324663,68.01,314,5794266,62.31,1144,4080856,43.88,0,9,0,57.35,9.48,33.17
2021-11-28T00:00:00.000Z,10149,6334812,68.12,1476,5795742,62.32,4880,4085736,43.94,0,9,0,57.46,9.45,33.09
2021-11-29T00:00:00.000Z,9038,6343850,68.22,1125,5796867,62.34,4338,4090074,43.98,0,9,0,57.57,9.42,33.01
2021-11-30T00:00:00.000Z,10044,6353894,68.33,1008,5797875,62.35,4048,4094122,44.03,1,10,0,57.65,9.42,32.93
2021-12-01T00:00:00.000Z,8624,6362518,68.42,1083,5798958,62.36,4400,4098522,44.07,2,12,0,57.73,9.42,32.86
2021-12-02T00:00:00.000Z,9172,6371690,68.52,1433,5800391,62.37,5063,4103585,44.13,6,18,0,57.82,9.4,32.78
2021-12-03T00:00:00.000Z,6336,6378026,68.59,657,5801048,62.38,2828,4106413,44.16,1,19,0,57.87,9.4,32.73
2021-12-04T00:00:00.000Z,2505,6380531,68.61,230,5801278,62.38,901,4107314,44.17,2,21,0,57.88,9.41,32.71
2021-12-05T00:00:00.000Z,8337,6388868,68.7,1251,5802529,62.4,4654,4111968,44.22,0,21,0,57.98,9.39,32.63
2021-12-06T00:00:00.000Z,6725,6395593,68.78,1183,5803712,62.41,4311,4116279,44.26,3,24,0,58.07,9.36,32.57
2021-12-07T00:00:00.000Z,5552,6401145,68.83,1489,5805201,62.43,3929,4120208,44.31,4,28,0,58.13,9.35,32.52
2021-12-08T00:00:00.000Z,4932,6406077,68.89,1187,5806388,62.44,3834,4124042,44.35,5,33,0,58.19,9.33,32.48
2021-12-09T00:00:00.000Z,6240,6412317,68.95,1220,5807608,62.45,4471,4128513,44.4,7,40,0,58.27,9.31,32.42
2021-12-10T00:00:00.000Z,3005,6415322,68.99,675,5808283,62.46,2649,4131162,44.42,2,42,0,58.31,9.3,32.39
2021-12-11T00:00:00.000Z,1491,6416813,69,248,5808531,62.46,995,4132157,44.44,0,42,0,58.32,9.3,32.38
2021-12-12T00:00:00.000Z,7280,6424093,69.08,1431,5809962,62.48,5218,4137375,44.49,2,44,0,58.42,9.27,32.32
2021-12-13T00:00:00.000Z,6181,6430274,69.15,1358,5811320,62.49,4313,4141688,44.54,2,46,0,58.5,9.24,32.26
2021-12-14T00:00:00.000Z,7320,6437594,69.23,6094,5817414,62.56,4900,4146588,44.59,9,55,0,58.59,9.21,32.2
2021-12-15T00:00:00.000Z,7207,6444801,69.3,7398,5824812,62.64,5399,4151987,44.65,2,57,0,58.68,9.18,32.14
2021-12-16T00:00:00.000Z,8080,6452881,69.39,8601,5833413,62.73,6512,4158499,44.72,5,62,0,58.78,9.15,32.07
2021-12-17T00:00:00.000Z,4395,6457276,69.44,5119,5838532,62.78,3898,4162397,44.76,3,65,0,58.83,9.14,32.04
2021-12-18T00:00:00.000Z,3937,6461213,69.48,2905,5841437,62.82,1333,4163730,44.77,2,67,0,58.86,9.14,32.01
2021-12-19T00:00:00.000Z,6986,6468199,69.56,9327,5850764,62.92,6239,4169969,44.84,3,70,0,58.96,9.1,31.94
2021-12-20T00:00:00.000Z,7979,6476178,69.64,7509,5858273,63,5371,4175340,44.9,7,77,0,59.05,9.08,31.87
2021-12-21T00:00:00.000Z,9552,6485730,69.74,8639,5866912,63.09,6427,4181767,44.97,4,81,0,59.18,9.05,31.77
2021-12-22T00:00:00.000Z,9666,6495396,69.85,8134,5875046,63.18,6201,4187968,45.04,9,90,0,59.31,9.03,31.66
2021-12-23T00:00:00.000Z,11546,6506942,69.97,10257,5885303,63.29,8092,4196060,45.12,14,104,0,59.46,9,31.54
2021-12-24T00:00:00.000Z,5883,6512825,70.04,6236,5891539,63.35,5230,4201290,45.18,5,109,0,59.55,8.98,31.47
2021-12-25T00:00:00.000Z,3337,6516162,70.07,2565,5894104,63.38,2015,4203305,45.2,3,112,0,59.59,8.98,31.44
2021-12-26T00:00:00.000Z,10660,6526822,70.19,8911,5903015,63.48,8177,4211482,45.29,5,117,0,59.75,8.93,31.32
2021-12-27T00:00:00.000Z,10372,6537194,70.3,7137,5910152,63.55,8146,4219628,45.38,81,198,0,59.9,8.89,31.21
2021-12-28T00:00:00.000Z,11375,6548569,70.42,7439,5917591,63.63,9599,4229227,45.48,89,287,0,60.05,8.86,31.09
2021-12-29T00:00:00.000Z,9951,6558520,70.53,5958,5923549,63.7,8321,4237548,45.57,10,297,0,60.19,8.83,30.98
2021-12-30T00:00:00.000Z,11019,6569539,70.65,7727,5931276,63.78,12206,4249754,45.7,5,302,0,60.36,8.79,30.86
2021-12-31T00:00:00.000Z,4836,6574375,70.7,3669,5934945,63.82,7266,4257020,45.78,127,429,0,60.44,8.77,30.8
2022-01-01T00:00:00.000Z,1991,6576366,70.72,1589,5936534,63.84,2737,4259757,45.81,60,489,0.01,60.46,8.76,30.77
2022-01-02T00:00:00.000Z,10225,6586591,70.83,6487,5943021,63.91,12977,4272734,45.95,586,1075,0.01,60.63,8.71,30.66
2022-01-03T00:00:00.000Z,9391,6595982,70.93,5246,5948267,63.96,11292,4284026,46.07,25056,26131,0.28,60.78,8.66,30.56
2022-01-04T00:00:00.000Z,8969,6604951,71.03,5942,5954209,64.03,10486,4294512,46.18,50650,76781,0.83,60.91,8.64,30.46
2022-01-05T00:00:00.000Z,8554,6613505,71.12,5731,5959940,64.09,10451,4304963,46.29,59594,136375,1.47,61.03,8.61,30.37
2022-01-06T00:00:00.000Z,10342,6623847,71.23,7957,5967897,64.18,13499,4318462,46.44,63991,200366,2.15,61.18,8.56,30.26
2022-01-07T00:00:00.000Z,4754,6628601,71.28,4544,5972441,64.22,8117,4326579,46.53,31134,231500,2.49,61.25,8.54,30.21
2022-01-08T00:00:00.000Z,2750,6631351,71.31,2449,5974890,64.25,5474,4332053,46.58,27624,259124,2.79,61.28,8.53,30.19
2022-01-09T00:00:00.000Z,9315,6640666,71.41,7726,5982616,64.33,11852,4343905,46.71,66826,325950,3.51,61.43,8.48,30.09
2022-01-10T00:00:00.000Z,8364,6649030,71.5,7648,5990264,64.42,11838,4355743,46.84,64850,390800,4.2,61.57,8.43,30
2022-01-11T00:00:00.000Z,8108,6657138,71.59,8620,5998884,64.51,11938,4367681,46.97,56684,447484,4.81,61.69,8.4,29.91
2022-01-12T00:00:00.000Z,7276,6664414,71.67,8313,6007197,64.6,11081,4378762,47.09,44600,492084,5.29,61.81,8.35,29.83
2022-01-13T00:00:00.000Z,7514,6671928,71.75,9615,6016812,64.7,11504,4390266,47.21,34767,526851,5.67,62,8.27,29.73
2022-01-14T00:00:00.000Z,2555,6674483,71.77,4928,6021740,64.75,6117,4396383,47.28,11166,538017,5.79,62.08,8.23,29.69
2022-01-15T00:00:00.000Z,1463,6675946,71.79,3161,6024901,64.79,3859,4400242,47.32,5714,543731,5.85,62.12,8.21,29.66
2022-01-16T00:00:00.000Z,3820,6679766,71.83,8518,6033419,64.88,7662,4407904,47.4,19999,563730,6.06,62.26,8.14,29.6
2022-01-17T00:00:00.000Z,2810,6682576,71.86,7043,6040462,64.96,6143,4414047,47.47,17838,581568,6.25,62.4,8.06,29.54
2022-01-18T00:00:00.000Z,2475,6685051,71.89,7370,6047832,65.04,5492,4419539,47.53,14846,596414,6.41,62.53,8,29.47
2022-01-19T00:00:00.000Z,1887,6686938,71.91,6355,6054187,65.1,4495,4424034,47.57,8445,604859,6.5,62.7,7.89,29.41
2022-01-20T00:00:00.000Z,1778,6688716,71.93,6957,6061144,65.18,4767,4428801,47.63,8037,612896,6.59,62.8,7.85,29.35
2022-01-21T00:00:00.000Z,900,6689616,71.94,3722,6064866,65.22,2616,4431417,47.65,3352,616248,6.63,62.92,7.77,29.32
2022-01-22T00:00:00.000Z,329,6689945,71.94,1456,6066322,65.23,1045,4432462,47.66,1110,617358,6.64,63,7.71,29.29
2022-01-23T00:00:00.000Z,1064,6691009,71.95,5624,6071946,65.29,2862,4435324,47.7,6082,623440,6.7,63.13,7.63,29.24
2022-01-24T00:00:00.000Z,755,6691764,71.96,4480,6076426,65.34,2242,4437566,47.72,5059,628499,6.76,63.22,7.58,29.2
2022-01-25T00:00:00.000Z,741,6692505,71.97,4397,6080823,65.39,2160,4439726,47.74,7096,635595,6.83,63.28,7.56,29.17
2022-01-26T00:00:00.000Z,612,6693117,71.97,3283,6084106,65.43,1591,4441317,47.76,4260,639855,6.88,63.37,7.5,29.13
2022-01-27T00:00:00.000Z,792,6693909,71.98,4401,6088507,65.47,1977,4443294,47.78,5432,645287,6.94,63.45,7.46,29.09
2022-01-28T00:00:00.000Z,393,6694302,71.99,2371,6090878,65.5,1149,4444443,47.79,3442,648729,6.98,63.49,7.44,29.06
2022-01-29T00:00:00.000Z,124,6694426,71.99,1039,6091917,65.51,407,4444850,47.8,1162,649891,6.99,63.57,7.39,29.05
2022-01-30T00:00:00.000Z,772,6695198,72,4715,6096632,65.56,2004,4446854,47.82,8096,657987,7.08,63.66,7.32,29.01
2022-01-31T00:00:00.000Z,527,6695725,72,3181,6099813,65.59,1592,4448446,47.84,6464,664451,7.15,63.84,7.19,28.98
2022-02-01T00:00:00.000Z,474,6696199,72.01,2777,6102590,65.62,1496,4449942,47.85,5712,670163,7.21,63.87,7.18,28.95
2022-02-02T00:00:00.000Z,376,6696575,72.01,2381,6104971,65.65,1358,4451300,47.87,5059,675222,7.26,63.88,7.19,28.93
2022-02-03T00:00:00.000Z,443,6697018,72.02,2775,6107746,65.68,1437,4452737,47.88,5600,680822,7.32,63.91,7.18,28.91
2022-02-04T00:00:00.000Z,173,6697191,72.02,985,6108731,65.69,737,4453474,47.89,2450,683272,7.35,63.94,7.17,28.89
2022-02-05T00:00:00.000Z,59,6697250,72.02,339,6109070,65.69,206,4453680,47.89,418,683690,7.35,63.91,7.2,28.89
2022-02-06T00:00:00.000Z,403,6697653,72.02,2317,6111387,65.72,1331,4455011,47.91,5678,689368,7.41,63.98,7.16,28.86
2022-02-07T00:00:00.000Z,280,6697933,72.03,1305,6112692,65.73,962,4455973,47.92,5949,695317,7.48,64.04,7.12,28.84
2022-02-08T00:00:00.000Z,311,6698244,72.03,1494,6114186,65.75,1045,4457018,47.93,6127,701444,7.54,64.09,7.09,28.83
2022-02-09T00:00:00.000Z,244,6698488,72.03,1095,6115281,65.76,919,4457937,47.94,4570,706014,7.59,64.12,7.07,28.81
2022-02-10T00:00:00.000Z,268,6698756,72.04,1288,6116569,65.77,918,4458855,47.95,4812,710826,7.64,64.15,7.05,28.8
2022-02-11T00:00:00.000Z,191,6698947,72.04,540,6117109,65.78,503,4459358,47.95,2528,713354,7.67,64.19,7.02,28.79
2022-02-12T00:00:00.000Z,27,6698974,72.04,90,6117199,65.78,113,4459471,47.95,262,713616,7.67,64.2,7.02,28.79
2022-02-13T00:00:00.000Z,286,6699260,72.04,945,6118144,65.79,960,4460431,47.97,4993,718609,7.73,64.24,6.98,28.78
2022-02-14T00:00:00.000Z,179,6699439,72.04,622,6118766,65.8,740,4461171,47.97,3133,721742,7.76,64.31,6.92,28.77
2022-02-15T00:00:00.000Z,266,6699705,72.05,762,6119528,65.81,913,4462084,47.98,3811,725553,7.8,64.34,6.91,28.76
2022-02-16T00:00:00.000Z,179,6699884,72.05,576,6120104,65.81,791,4462875,47.99,2479,728032,7.83,64.35,6.9,28.75
2022-02-17T00:00:00.000Z,247,6700131,72.05,736,6120840,65.82,760,4463635,48,3049,731081,7.86,64.37,6.89,28.74
2022-02-18T00:00:00.000Z,128,6700259,72.05,324,6121164,65.82,423,4464058,48,1112,732193,7.87,64.39,6.87,28.74
2022-02-19T00:00:00.000Z,17,6700276,72.05,81,6121245,65.82,72,4464130,48.01,75,732268,7.87,64.39,6.87,28.74
2022-02-20T00:00:00.000Z,203,6700479,72.05,604,6121849,65.83,712,4464842,48.01,2559,734827,7.9,64.42,6.85,28.73
2022-02-21T00:00:00.000Z,168,6700647,72.06,408,6122257,65.84,469,4465311,48.02,1537,736364,7.92,64.44,6.83,28.72
2022-02-22T00:00:00.000Z,155,6700802,72.06,451,6122708,65.84,556,4465867,48.02,1862,738226,7.94,64.45,6.83,28.72
2022-02-23T00:00:00.000Z,109,6700911,72.06,350,6123058,65.84,447,4466314,48.03,1151,739377,7.95,64.45,6.84,28.71
2022-02-24T00:00:00.000Z,137,6701048,72.06,453,6123511,65.85,558,4466872,48.03,1488,740865,7.97,64.44,6.85,28.71
2022-02-25T00:00:00.000Z,57,6701105,72.06,137,6123648,65.85,185,4467057,48.04,451,741316,7.97,64.44,6.85,28.71
2022-02-26T00:00:00.000Z,15,6701120,72.06,26,6123674,65.85,148,4467205,48.04,34,741350,7.97,64.43,6.86,28.71
2022-02-27T00:00:00.000Z,109,6701229,72.06,339,6124013,65.85,447,4467652,48.04,1119,742469,7.98,64.44,6.86,28.7
2022-02-28T00:00:00.000Z,109,6701338,72.06,263,6124276,65.86,409,4468061,48.05,902,743371,7.99,64.45,6.85,28.7
2022-03-01T00:00:00.000Z,94,6701432,72.06,277,6124553,65.86,359,4468420,48.05,793,744164,8,64.44,6.86,28.7
2022-03-02T00:00:00.000Z,74,6701506,72.06,200,6124753,65.86,316,4468736,48.05,693,744857,8.01,64.43,6.87,28.69
2022-03-03T00:00:00.000Z,147,6701653,72.07,367,6125120,65.87,491,4469227,48.06,986,745843,8.02,64.43,6.88,28.69
2022-03-04T00:00:00.000Z,48,6701701,72.07,153,6125273,65.87,157,4469384,48.06,226,746069,8.02,64.42,6.89,28.69
2022-03-05T00:00:00.000Z,1,6701702,72.07,24,6125297,65.87,42,4469426,48.06,29,746098,8.02,64.41,6.9,28.69
2022-03-06T00:00:00.000Z,93,6701795,72.07,258,6125555,65.87,409,4469835,48.07,761,746859,8.03,64.41,6.91,28.69
2022-03-07T00:00:00.000Z,89,6701884,72.07,255,6125810,65.87,343,4470178,48.07,606,747465,8.04,64.41,6.9,28.68
2022-03-08T00:00:00.000Z,100,6701984,72.07,264,6126074,65.88,330,4470508,48.07,543,748008,8.04,64.4,6.92,28.68
2022-03-09T00:00:00.000Z,88,6702072,72.07,212,6126286,65.88,330,4470838,48.08,491,748499,8.05,64.38,6.94,28.68
2022-03-10T00:00:00.000Z,115,6702187,72.07,368,6126654,65.88,418,4471256,48.08,615,749114,8.06,64.36,6.96,28.68
2022-03-11T00:00:00.000Z,24,6702211,72.07,85,6126739,65.88,116,4471372,48.08,142,749256,8.06,64.35,6.98,28.68
2022-03-12T00:00:00.000Z,7,6702218,72.07,9,6126748,65.88,27,4471399,48.08,27,749283,8.06,64.33,7,28.67
2022-03-13T00:00:00.000Z,93,6702311,72.07,270,6127018,65.89,356,4471755,48.09,594,749877,8.06,64.32,7.01,28.67
2022-03-14T00:00:00.000Z,64,6702375,72.07,249,6127267,65.89,316,4472071,48.09,557,750434,8.07,64.32,7.01,28.67
2022-03-15T00:00:00.000Z,78,6702453,72.07,181,6127448,65.89,284,4472355,48.09,580,751014,8.08,64.3,7.03,28.67
2022-03-16T00:00:00.000Z,73,6702526,72.08,205,6127653,65.89,301,4472656,48.1,669,751683,8.08,64.29,7.04,28.67
2022-03-17T00:00:00.000Z,64,6702590,72.08,120,6127773,65.9,282,4472938,48.1,604,752287,8.09,64.29,7.04,28.66
2022-03-18T00:00:00.000Z,18,6702608,72.08,53,6127826,65.9,98,4473036,48.1,227,752514,8.09,64.29,7.05,28.66
2022-03-19T00:00:00.000Z,5,6702613,72.08,10,6127836,65.9,25,4473061,48.1,37,752551,8.09,64.23,7.1,28.66
2022-03-20T00:00:00.000Z,119,6702732,72.08,257,6128093,65.9,479,4473540,48.11,1426,753977,8.11,64.22,7.12,28.66
2022-03-21T00:00:00.000Z,97,6702829,72.08,241,6128334,65.9,372,4473912,48.11,1123,755100,8.12,64.21,7.13,28.66
2022-03-22T00:00:00.000Z,141,6702970,72.08,339,6128673,65.9,498,4474410,48.12,1767,756867,8.14,64.18,7.16,28.66
2022-03-23T00:00:00.000Z,107,6703077,72.08,209,6128882,65.91,454,4474864,48.12,1673,758540,8.16,64.15,7.2,28.65
2022-03-24T00:00:00.000Z,176,6703253,72.08,343,6129225,65.91,757,4475621,48.13,2362,760902,8.18,64.13,7.22,28.65
2022-03-25T00:00:00.000Z,35,6703288,72.08,76,6129301,65.91,152,4475773,48.13,625,761527,8.19,64.13,7.22,28.65
2022-03-26T00:00:00.000Z,11,6703299,72.08,11,6129312,65.91,31,4475804,48.13,88,761615,8.19,64.12,7.23,28.65
2022-03-27T00:00:00.000Z,155,6703454,72.09,339,6129651,65.92,756,4476560,48.14,3188,764803,8.22,64.1,7.25,28.65
2022-03-28T00:00:00.000Z,111,6703565,72.09,269,6129920,65.92,613,4477173,48.15,2400,767203,8.25,64.1,7.25,28.65
2022-03-29T00:00:00.000Z,128,6703693,72.09,258,6130178,65.92,633,4477806,48.15,2761,769964,8.28,64.06,7.29,28.64
2022-03-30T00:00:00.000Z,136,6703829,72.09,207,6130385,65.92,533,4478339,48.16,2357,772321,8.31,64.04,7.32,28.64
2022-03-31T00:00:00.000Z,162,6703991,72.09,286,6130671,65.93,729,4479068,48.17,2827,775148,8.34,64.04,7.33,28.64
2022-04-01T00:00:00.000Z,113,6704104,72.09,147,6130818,65.93,267,4479335,48.17,588,775736,8.34,64.02,7.35,28.64
2022-04-02T00:00:00.000Z,6,6704110,72.09,4,6130822,65.93,29,4479364,48.17,46,775782,8.34,64,7.36,28.64
2022-04-03T00:00:00.000Z,151,6704261,72.09,249,6131071,65.93,564,4479928,48.17,2461,778243,8.37,63.99,7.37,28.63
2022-04-04T00:00:00.000Z,106,6704367,72.1,203,6131274,65.93,477,4480405,48.18,2203,780446,8.39,63.99,7.38,28.63
2022-04-05T00:00:00.000Z,121,6704488,72.1,217,6131491,65.94,512,4480917,48.19,2231,782677,8.42,63.97,7.4,28.63
2022-04-06T00:00:00.000Z,92,6704580,72.1,151,6131642,65.94,372,4481289,48.19,2007,784684,8.44,63.95,7.42,28.63
2022-04-07T00:00:00.000Z,179,6704759,72.1,202,6131844,65.94,630,4481919,48.2,2546,787230,8.47,63.96,7.41,28.63
2022-04-08T00:00:00.000Z,28,6704787,72.1,53,6131897,65.94,144,4482063,48.2,462,787692,8.47,63.93,7.44,28.63
2022-04-09T00:00:00.000Z,6,6704793,72.1,15,6131912,65.94,23,4482086,48.2,40,787732,8.47,63.9,7.48,28.63
2022-04-10T00:00:00.000Z,105,6704898,72.1,255,6132167,65.94,419,4482505,48.2,1833,789565,8.49,63.89,7.49,28.62
2022-04-11T00:00:00.000Z,78,6704976,72.1,201,6132368,65.94,369,4482874,48.21,1406,790971,8.51,63.89,7.49,28.62
2022-04-12T00:00:00.000Z,202,6705178,72.1,162,6132530,65.95,362,4483236,48.21,1338,792309,8.52,63.86,7.52,28.62
2022-04-13T00:00:00.000Z,117,6705295,72.11,147,6132677,65.95,294,4483530,48.21,1211,793520,8.53,63.84,7.54,28.62
2022-04-14T00:00:00.000Z,80,6705375,72.11,220,6132897,65.95,311,4483841,48.22,1057,794577,8.54,63.83,7.56,28.62
2022-04-15T00:00:00.000Z,9,6705384,72.11,46,6132943,65.95,46,4483887,48.22,78,794655,8.55,63.8,7.58,28.62
2022-04-16T00:00:00.000Z,3,6705387,72.11,8,6132951,65.95,14,4483901,48.22,26,794681,8.55,63.78,7.61,28.62
