Day_Date,vaccinated,vaccinated_cum,vaccinated_population_perc,vaccinated_seconde_dose,vaccinated_seconde_dose_cum,vaccinated_seconde_dose_population_perc,vaccinated_third_dose,vaccinated_third_dose_cum,vaccinated_third_dose_population_perc,vaccinated_fourth_dose,vaccinated_fourth_dose_cum,vaccinated_fourth_dose_population_perc,vaccinated_validity_perc,vaccinated_expired_perc,not_vaccinated_perc
2020-12-19T00:00:00.000Z,46,70,0,0,4,0,0,0,0,0,0,0,0,0,100
2020-12-20T00:00:00.000Z,7393,7463,0.08,0,4,0,0,0,0,0,0,0,0,0,100
2020-12-21T00:00:00.000Z,24922,32385,0.35,0,4,0,0,0,0,0,0,0,0,0,100
2020-12-22T00:00:00.000Z,44662,77047,0.83,0,4,0,0,0,0,0,0,0,0,0,100
2020-12-23T00:00:00.000Z,62912,139959,1.51,0,4,0,0,0,0,0,0,0,0,0,100
2020-12-24T00:00:00.000Z,73423,213382,2.29,0,4,0,0,0,0,0,0,0,0,0,100
2020-12-25T00:00:00.000Z,38511,251893,2.71,0,4,0,0,0,0,0,0,0,0,0,100
2020-12-26T00:00:00.000Z,32615,284508,3.06,0,4,0,0,0,0,0,0,0,0,0,100
2020-12-27T00:00:00.000Z,104562,389070,4.18,0,4,0,0,0,0,0,0,0,0,0,100
2020-12-28T00:00:00.000Z,135015,524085,5.64,0,4,0,0,0,0,0,0,0,0,0,100
2020-12-29T00:00:00.000Z,156304,680389,7.32,2,6,0,0,0,0,0,0,0,0,0,100
2020-12-30T00:00:00.000Z,153158,833547,8.96,0,6,0,0,0,0,0,0,0,0,0,100
2020-12-31T00:00:00.000Z,158562,992109,10.67,0,6,0,0,0,0,0,0,0,0,0,100
2021-01-01T00:00:00.000Z,71424,1063533,11.44,0,6,0,0,0,0,0,0,0,0,0,100
2021-01-02T00:00:00.000Z,71734,1135267,12.21,0,6,0,0,0,0,0,0,0,0,0,100
2021-01-03T00:00:00.000Z,149747,1285014,13.82,0,6,0,0,0,0,0,0,0,0,0,100
2021-01-04T00:00:00.000Z,152178,1437192,15.45,1,7,0,0,0,0,0,0,0,0,0,100
2021-01-05T00:00:00.000Z,125187,1562379,16.8,4,11,0,0,0,0,0,0,0,0,0,100
2021-01-06T00:00:00.000Z,103349,1665728,17.91,2,13,0,0,0,0,0,0,0,0,0,100
2021-01-07T00:00:00.000Z,116034,1781762,19.16,9,22,0,0,0,0,0,0,0,0,0,100
2021-01-08T00:00:00.000Z,66450,1848212,19.87,4,26,0,0,0,0,0,0,0,0,0,100
2021-01-09T00:00:00.000Z,44541,1892753,20.35,24,50,0,0,0,0,0,0,0,0,0,100
2021-01-10T00:00:00.000Z,37641,1930394,20.76,5999,6049,0.07,0,0,0,0,0,0,0,0,100
2021-01-11T00:00:00.000Z,21165,1951559,20.99,19263,25312,0.27,0,0,0,0,0,0,0,0,100
2021-01-12T00:00:00.000Z,24066,1975625,21.24,35671,60983,0.66,0,0,0,0,0,0,0,0,100
2021-01-13T00:00:00.000Z,52064,2027689,21.8,56870,117853,1.27,0,0,0,0,0,0,0,0,100
2021-01-14T00:00:00.000Z,56465,2084154,22.41,68833,186686,2.01,0,0,0,0,0,0,0,0,100
2021-01-15T00:00:00.000Z,30765,2114919,22.74,35937,222623,2.39,0,0,0,0,0,0,0,0,100
2021-01-16T00:00:00.000Z,29477,2144396,23.06,26004,248627,2.67,0,0,0,0,0,0,0,0,100
2021-01-17T00:00:00.000Z,68428,2212824,23.8,84590,333217,3.58,0,0,0,0,0,0,0.31,0,99.69
2021-01-18T00:00:00.000Z,69809,2282633,24.55,120421,453638,4.88,0,0,0,0,0,0,0.58,0,99.42
2021-01-19T00:00:00.000Z,72885,2355518,25.33,137825,591463,6.36,0,0,0,0,0,0,1.09,0,98.91
2021-01-20T00:00:00.000Z,76897,2432415,26.16,143752,735215,7.91,0,0,0,0,0,0,1.9,0,98.1
2021-01-21T00:00:00.000Z,69987,2502402,26.91,164442,899657,9.67,0,0,0,0,0,0,2.88,0,97.12
2021-01-22T00:00:00.000Z,37916,2540318,27.32,71127,970784,10.44,0,0,0,0,0,0,3.39,0,96.61
2021-01-23T00:00:00.000Z,39962,2580280,27.75,53581,1024365,11.02,0,0,0,0,0,0,3.77,0,96.23
2021-01-24T00:00:00.000Z,69138,2649418,28.49,140694,1165059,12.53,0,0,0,0,0,0,4.96,0,95.04
2021-01-25T00:00:00.000Z,80934,2730352,29.36,139502,1304561,14.03,0,0,0,0,0,0,6.61,0,93.39
2021-01-26T00:00:00.000Z,78715,2809067,30.21,126419,1430980,15.39,0,0,0,0,0,0,8.45,0,91.55
2021-01-27T00:00:00.000Z,77966,2887033,31.05,125052,1556032,16.73,0,0,0,0,0,0,10.34,0,89.66
2021-01-28T00:00:00.000Z,79563,2966596,31.9,130607,1686639,18.14,0,0,0,0,0,0,12.43,0,87.57
2021-01-29T00:00:00.000Z,36695,3003291,32.3,64784,1751423,18.83,0,0,0,0,0,0,13.34,0,86.66
2021-01-30T00:00:00.000Z,34392,3037683,32.67,42759,1794182,19.29,0,0,0,0,0,0,14.02,0,85.98
2021-01-31T00:00:00.000Z,73324,3111007,33.45,59493,1853675,19.93,0,0,0,0,0,0,15.76,0,84.24
2021-02-01T00:00:00.000Z,82493,3193500,34.34,35348,1889023,20.31,0,0,0,0,0,0,17.48,0,82.52
2021-02-02T00:00:00.000Z,70088,3263588,35.09,31062,1920085,20.65,0,0,0,0,0,0,19.01,0,80.99
2021-02-03T00:00:00.000Z,60303,3323891,35.74,51434,1971519,21.2,0,0,0,0,0,0,20.47,0,79.53
2021-02-04T00:00:00.000Z,72615,3396506,36.52,58085,2029604,21.83,0,0,0,0,0,0,22,0,78
2021-02-05T00:00:00.000Z,33939,3430445,36.89,28799,2058403,22.14,0,0,0,0,0,0,22.75,0,77.25
2021-02-06T00:00:00.000Z,21618,3452063,37.12,22228,2080631,22.37,0,0,0,0,0,0,23.23,0,76.77
2021-02-07T00:00:00.000Z,54075,3506138,37.7,68728,2149359,23.11,0,0,0,0,0,0,23.99,0,76.01
2021-02-08T00:00:00.000Z,58631,3564769,38.33,65457,2214816,23.82,0,0,0,0,0,0,24.52,0,75.48
2021-02-09T00:00:00.000Z,66339,3631108,39.05,67566,2282382,24.54,0,0,0,0,0,0,25.04,0,74.96
2021-02-10T00:00:00.000Z,70562,3701670,39.81,72300,2354682,25.32,0,0,0,0,0,0,25.77,0,74.23
2021-02-11T00:00:00.000Z,81154,3782824,40.68,72096,2426778,26.1,0,0,0,0,0,0,26.61,0,73.39
2021-02-12T00:00:00.000Z,39093,3821917,41.1,37587,2464365,26.5,0,0,0,0,0,0,27.02,0,72.98
2021-02-13T00:00:00.000Z,27458,3849375,41.39,30439,2494804,26.83,0,0,0,0,0,0,27.33,0,72.67
2021-02-14T00:00:00.000Z,74909,3924284,42.2,69077,2563881,27.57,0,0,0,0,0,0,28.25,0,71.75
2021-02-15T00:00:00.000Z,81539,4005823,43.08,75713,2639594,28.38,0,0,0,0,0,0,29.17,0,70.83
2021-02-16T00:00:00.000Z,83412,4089235,43.97,78284,2717878,29.23,0,0,0,0,0,0,30.11,0,69.89
2021-02-17T00:00:00.000Z,61974,4151209,44.64,75633,2793511,30.04,0,0,0,0,0,0,31.01,0,68.99
2021-02-18T00:00:00.000Z,69148,4220357,45.38,79728,2873239,30.9,0,0,0,0,0,0,31.94,0,68.06
2021-02-19T00:00:00.000Z,39665,4260022,45.81,38151,2911390,31.31,0,0,0,0,0,0,32.45,0,67.55
2021-02-20T00:00:00.000Z,31648,4291670,46.15,28723,2940113,31.62,0,0,0,0,0,0,32.85,0,67.15
2021-02-21T00:00:00.000Z,79427,4371097,47,78440,3018553,32.46,0,0,0,0,0,0,33.8,0,66.2
2021-02-22T00:00:00.000Z,85054,4456151,47.92,80586,3099139,33.33,0,0,0,0,0,0,34.83,0,65.17
2021-02-23T00:00:00.000Z,77320,4533471,48.75,70472,3169611,34.08,0,0,0,0,0,0,35.84,0,64.16
2021-02-24T00:00:00.000Z,61064,4594535,49.41,63136,3232747,34.76,0,0,0,0,0,0,36.76,0,63.24
2021-02-25T00:00:00.000Z,51725,4646260,49.96,64795,3297542,35.46,0,0,0,0,0,0,37.66,0,62.34
2021-02-26T00:00:00.000Z,25905,4672165,50.24,32037,3329579,35.8,0,0,0,0,0,0,38.1,0,61.9
2021-02-27T00:00:00.000Z,18347,4690512,50.44,21195,3350774,36.03,0,0,0,0,0,0,38.42,0,61.58
2021-02-28T00:00:00.000Z,40356,4730868,50.87,55869,3406643,36.63,0,0,0,0,0,0,39.24,0,60.76
2021-03-01T00:00:00.000Z,45737,4776605,51.37,61433,3468076,37.29,0,0,0,0,0,0,40.1,0,59.9
2021-03-02T00:00:00.000Z,41196,4817801,51.81,64790,3532866,37.99,0,0,0,0,0,0,40.85,0,59.15
2021-03-03T00:00:00.000Z,42022,4859823,52.26,66787,3599653,38.71,0,0,0,0,0,0,41.55,0,58.45
2021-03-04T00:00:00.000Z,39707,4899530,52.69,79110,3678763,39.56,0,0,0,0,0,0,42.24,0,57.76
2021-03-05T00:00:00.000Z,17358,4916888,52.87,40460,3719223,39.99,0,0,0,0,0,0,42.57,0,57.43
2021-03-06T00:00:00.000Z,10716,4927604,52.99,25342,3744565,40.27,0,0,0,0,0,0,42.78,0,57.22
2021-03-07T00:00:00.000Z,31151,4958755,53.32,72837,3817402,41.05,0,0,0,0,0,0,43.36,0,56.64
2021-03-08T00:00:00.000Z,27379,4986134,53.62,73290,3890692,41.84,0,0,0,0,0,0,43.97,0,56.03
2021-03-09T00:00:00.000Z,26746,5012880,53.91,76595,3967287,42.66,0,0,0,0,0,0,44.62,0,55.38
2021-03-10T00:00:00.000Z,23361,5036241,54.16,58678,4025965,43.29,0,0,0,0,0,0,45.27,0,54.73
2021-03-11T00:00:00.000Z,23295,5059536,54.41,69084,4095049,44.04,0,0,0,0,0,0,45.99,0,54.01
2021-03-12T00:00:00.000Z,11290,5070826,54.53,41407,4136456,44.48,0,0,0,0,0,0,46.34,0,53.66
2021-03-13T00:00:00.000Z,7945,5078771,54.61,25236,4161692,44.75,0,0,0,0,0,0,46.57,0,53.43
2021-03-14T00:00:00.000Z,20982,5099753,54.84,73930,4235622,45.55,0,0,0,0,0,0,47.2,0,52.8
2021-03-15T00:00:00.000Z,20138,5119891,55.06,78275,4313897,46.39,0,0,0,0,0,0,47.81,0,52.19
2021-03-16T00:00:00.000Z,18749,5138640,55.26,71473,4385370,47.16,0,0,0,0,0,0,48.43,0,51.57
2021-03-17T00:00:00.000Z,17697,5156337,55.45,59000,4444370,47.79,0,0,0,0,0,0,48.92,0,51.08
2021-03-18T00:00:00.000Z,16043,5172380,55.62,58126,4502496,48.42,0,0,0,0,0,0,49.45,0,50.55
2021-03-19T00:00:00.000Z,6947,5179327,55.7,27974,4530470,48.72,0,0,0,0,0,0,49.75,0,50.25
2021-03-20T00:00:00.000Z,5223,5184550,55.75,15296,4545766,48.88,0,0,0,0,0,0,49.93,0,50.07
2021-03-21T00:00:00.000Z,13165,5197715,55.89,40503,4586269,49.32,0,0,0,0,0,0,50.46,0,49.54
2021-03-22T00:00:00.000Z,13570,5211285,56.04,40533,4626802,49.75,0,0,0,0,0,0,51,0,49
2021-03-23T00:00:00.000Z,2837,5214122,56.07,7297,4634099,49.83,0,0,0,0,0,0,51.43,0,48.57
2021-03-24T00:00:00.000Z,10989,5225111,56.19,46552,4680651,50.33,0,0,0,0,0,0,51.84,0,48.16
2021-03-25T00:00:00.000Z,10257,5235368,56.3,35430,4716081,50.71,0,0,0,0,0,0,52.22,0,47.78
2021-03-26T00:00:00.000Z,4180,5239548,56.34,13327,4729408,50.86,0,0,0,0,0,0,52.4,0,47.6
2021-03-27T00:00:00.000Z,1784,5241332,56.36,4265,4733673,50.9,0,0,0,0,0,0,52.5,0,47.5
2021-03-28T00:00:00.000Z,2109,5243441,56.39,4606,4738279,50.95,0,0,0,0,0,0,52.74,0,47.26
2021-03-29T00:00:00.000Z,6904,5250345,56.46,30014,4768293,51.28,0,0,0,0,0,0,53,0,47
2021-03-30T00:00:00.000Z,7882,5258227,56.54,22446,4790739,51.52,0,0,0,0,0,0,53.08,0,46.92
2021-03-31T00:00:00.000Z,8146,5266373,56.63,19488,4810227,51.73,0,0,0,0,0,0,53.38,0,46.62
2021-04-01T00:00:00.000Z,8196,5274569,56.72,18698,4828925,51.93,0,0,0,0,0,0,53.62,0,46.38
2021-04-02T00:00:00.000Z,2927,5277496,56.75,8126,4837051,52.02,0,0,0,0,0,0,53.71,0,46.29
2021-04-03T00:00:00.000Z,1430,5278926,56.77,2976,4840027,52.05,0,0,0,0,0,0,53.74,0,46.26
2021-04-04T00:00:00.000Z,9616,5288542,56.87,22830,4862857,52.29,0,0,0,0,0,0,53.82,0,46.18
2021-04-05T00:00:00.000Z,10356,5298898,56.98,21268,4884125,52.52,0,0,0,0,0,0,54.04,0,45.96
2021-04-06T00:00:00.000Z,9019,5307917,57.08,16786,4900911,52.7,0,0,0,0,0,0,54.21,0,45.79
2021-04-07T00:00:00.000Z,8919,5316836,57.17,15301,4916212,52.87,0,0,0,0,0,0,54.36,0,45.64
2021-04-08T00:00:00.000Z,9416,5326252,57.28,17002,4933214,53.05,0,0,0,0,0,0,54.52,0,45.48
2021-04-09T00:00:00.000Z,3602,5329854,57.31,6242,4939456,53.12,0,0,0,0,0,0,54.58,0,45.42
2021-04-10T00:00:00.000Z,1630,5331484,57.33,3519,4942975,53.15,0,0,0,0,0,0,54.61,0,45.39
2021-04-11T00:00:00.000Z,9032,5340516,57.43,14244,4957219,53.31,0,0,0,0,0,0,54.78,0,45.22
2021-04-12T00:00:00.000Z,8929,5349445,57.53,13224,4970443,53.45,0,0,0,0,0,0,54.95,0,45.05
2021-04-13T00:00:00.000Z,5833,5355278,57.59,4953,4975396,53.5,0,0,0,0,0,0,55.08,0,44.92
2021-04-14T00:00:00.000Z,3641,5358919,57.63,5299,4980695,53.56,0,0,0,0,0,0,55.18,0,44.82
2021-04-15T00:00:00.000Z,688,5359607,57.63,572,4981267,53.57,0,0,0,0,0,0,55.27,0,44.73
2021-04-16T00:00:00.000Z,3408,5363015,57.67,6641,4987908,53.64,0,0,0,0,0,0,55.33,0,44.67
2021-04-17T00:00:00.000Z,817,5363832,57.68,1970,4989878,53.66,0,0,0,0,0,0,55.35,0,44.65
2021-04-18T00:00:00.000Z,7091,5370923,57.76,7432,4997310,53.74,0,0,0,0,0,0,55.47,0,44.53
2021-04-19T00:00:00.000Z,6393,5377316,57.83,7123,5004433,53.82,0,0,0,0,0,0,55.58,0,44.42
2021-04-20T00:00:00.000Z,6272,5383588,57.89,6881,5011314,53.89,0,0,0,0,0,0,55.65,0,44.35
2021-04-21T00:00:00.000Z,6370,5389958,57.96,7098,5018412,53.97,0,0,0,0,0,0,55.71,0,44.29
2021-04-22T00:00:00.000Z,5941,5395899,58.02,7679,5026091,54.05,0,0,0,0,0,0,55.75,0,44.25
2021-04-23T00:00:00.000Z,2756,5398655,58.05,3382,5029473,54.08,0,0,0,0,0,0,55.8,0,44.2
2021-04-24T00:00:00.000Z,766,5399421,58.06,1285,5030758,54.1,0,0,0,0,0,0,55.82,0,44.18
2021-04-25T00:00:00.000Z,4827,5404248,58.11,6917,5037675,54.17,0,0,0,0,0,0,55.89,0,44.11
2021-04-26T00:00:00.000Z,5472,5409720,58.17,7885,5045560,54.26,0,0,0,0,0,0,55.96,0,44.04
2021-04-27T00:00:00.000Z,4499,5414219,58.22,6618,5052178,54.33,0,0,0,0,0,0,56.03,0,43.97
2021-04-28T00:00:00.000Z,4488,5418707,58.27,7319,5059497,54.41,0,0,0,0,0,0,56.09,0,43.91
2021-04-29T00:00:00.000Z,4369,5423076,58.32,7283,5066780,54.49,0,0,0,0,0,0,56.16,0,43.84
2021-04-30T00:00:00.000Z,1917,5424993,58.34,3194,5069974,54.52,0,0,0,0,0,0,56.19,0,43.81
2021-05-01T00:00:00.000Z,456,5425449,58.34,891,5070865,54.53,0,0,0,0,0,0,56.2,0,43.8
2021-05-02T00:00:00.000Z,3224,5428673,58.38,6085,5076950,54.6,0,0,0,0,0,0,56.26,0,43.74
2021-05-03T00:00:00.000Z,3533,5432206,58.42,5827,5082777,54.66,0,0,0,0,0,0,56.32,0,43.68
2021-05-04T00:00:00.000Z,3582,5435788,58.45,4723,5087500,54.71,0,0,0,0,0,0,56.38,0,43.62
2021-05-05T00:00:00.000Z,3284,5439072,58.49,4086,5091586,54.75,0,0,0,0,0,0,56.44,0,43.56
2021-05-06T00:00:00.000Z,3636,5442708,58.53,3138,5094724,54.79,0,0,0,0,0,0,56.5,0,43.5
2021-05-07T00:00:00.000Z,1834,5444542,58.55,2498,5097222,54.81,0,0,0,0,0,0,56.52,0,43.48
2021-05-08T00:00:00.000Z,235,5444777,58.55,505,5097727,54.82,0,0,0,0,0,0,56.53,0,43.47
2021-05-09T00:00:00.000Z,2845,5447622,58.58,4743,5102470,54.87,0,0,0,0,0,0,56.58,0,43.42
2021-05-10T00:00:00.000Z,2891,5450513,58.61,4701,5107171,54.92,0,0,0,0,0,0,56.63,0,43.37
2021-05-11T00:00:00.000Z,2619,5453132,58.64,3873,5111044,54.96,0,0,0,0,0,0,56.67,0,43.33
2021-05-12T00:00:00.000Z,2022,5455154,58.66,3333,5114377,55,0,0,0,0,0,0,56.7,0,43.3
2021-05-13T00:00:00.000Z,2037,5457191,58.68,3675,5118052,55.04,0,0,0,0,0,0,56.73,0,43.27
2021-05-14T00:00:00.000Z,971,5458162,58.69,1488,5119540,55.05,0,0,0,0,0,0,56.75,0,43.25
2021-05-15T00:00:00.000Z,250,5458412,58.7,255,5119795,55.06,0,0,0,0,0,0,56.75,0,43.25
2021-05-16T00:00:00.000Z,526,5458938,58.7,1201,5120996,55.07,0,0,0,0,0,0,56.78,0,43.22
2021-05-17T00:00:00.000Z,295,5459233,58.71,841,5121837,55.08,0,0,0,0,0,0,56.81,0,43.19
2021-05-18T00:00:00.000Z,1956,5461189,58.73,4933,5126770,55.13,0,0,0,0,0,0,56.84,0,43.16
2021-05-19T00:00:00.000Z,2221,5463410,58.75,5033,5131803,55.18,0,0,0,0,0,0,56.87,0,43.13
2021-05-20T00:00:00.000Z,2307,5465717,58.78,3875,5135678,55.23,0,0,0,0,0,0,56.9,0,43.1
2021-05-21T00:00:00.000Z,1179,5466896,58.79,1402,5137080,55.24,0,0,0,0,0,0,56.92,0,43.08
2021-05-22T00:00:00.000Z,205,5467101,58.79,395,5137475,55.25,0,0,0,0,0,0,56.92,0,43.08
2021-05-23T00:00:00.000Z,2269,5469370,58.81,3214,5140689,55.28,0,0,0,0,0,0,56.94,0,43.06
2021-05-24T00:00:00.000Z,2126,5471496,58.84,3595,5144284,55.32,0,0,0,0,0,0,56.96,0,43.04
2021-05-25T00:00:00.000Z,1815,5473311,58.86,2583,5146867,55.35,0,0,0,0,0,0,56.99,0,43.01
2021-05-26T00:00:00.000Z,1400,5474711,58.87,2499,5149366,55.37,0,0,0,0,0,0,57.03,0,42.97
2021-05-27T00:00:00.000Z,1846,5476557,58.89,3180,5152546,55.41,0,0,0,0,0,0,57.06,0,42.94
2021-05-28T00:00:00.000Z,775,5477332,58.9,1401,5153947,55.42,0,0,0,0,0,0,57.07,0,42.93
2021-05-29T00:00:00.000Z,187,5477519,58.9,223,5154170,55.43,0,0,0,0,0,0,57.07,0,42.93
2021-05-30T00:00:00.000Z,1639,5479158,58.92,1931,5156101,55.45,0,0,0,0,0,0,57.1,0,42.9
2021-05-31T00:00:00.000Z,1729,5480887,58.94,2088,5158189,55.47,0,0,0,0,0,0,57.13,0,42.87
2021-06-01T00:00:00.000Z,1370,5482257,58.95,1816,5160005,55.49,0,0,0,0,0,0,57.47,0,42.53
2021-06-02T00:00:00.000Z,1506,5483763,58.97,1603,5161608,55.51,0,0,0,0,0,0,57.25,0,42.75
2021-06-03T00:00:00.000Z,1676,5485439,58.99,1486,5163094,55.52,0,0,0,0,0,0,57.27,0,42.73
2021-06-04T00:00:00.000Z,1088,5486527,59,776,5163870,55.53,0,0,0,0,0,0,57.28,0,42.72
2021-06-05T00:00:00.000Z,180,5486707,59,158,5164028,55.53,0,0,0,0,0,0,57.29,0,42.71
2021-06-06T00:00:00.000Z,4286,5490993,59.05,1001,5165029,55.54,0,0,0,0,0,0,57.31,0,42.69
2021-06-07T00:00:00.000Z,4430,5495423,59.1,807,5165836,55.55,0,0,0,0,0,0,57.34,0,42.66
2021-06-08T00:00:00.000Z,3732,5499155,59.14,1167,5167003,55.56,0,0,0,0,0,0,57.36,0,42.64
2021-06-09T00:00:00.000Z,3609,5502764,59.17,1320,5168323,55.58,0,0,0,0,0,0,57.4,0,42.6
2021-06-10T00:00:00.000Z,3351,5506115,59.21,1292,5169615,55.59,0,0,0,0,0,0,57.42,0,42.58
2021-06-11T00:00:00.000Z,1390,5507505,59.23,580,5170195,55.6,0,0,0,0,0,0,57.43,0,42.57
2021-06-12T00:00:00.000Z,213,5507718,59.23,169,5170364,55.6,0,0,0,0,0,0,57.43,0,42.57
2021-06-13T00:00:00.000Z,3100,5510818,59.26,1255,5171619,55.61,0,0,0,0,0,0,57.45,0,42.55
2021-06-14T00:00:00.000Z,3047,5513865,59.29,1523,5173142,55.63,0,0,0,0,0,0,57.46,0,42.54
2021-06-15T00:00:00.000Z,3135,5517000,59.33,1367,5174509,55.64,0,0,0,0,0,0,57.48,0,42.52
2021-06-16T00:00:00.000Z,2724,5519724,59.36,993,5175502,55.65,0,0,0,0,0,0,57.49,0,42.51
2021-06-17T00:00:00.000Z,2719,5522443,59.39,1192,5176694,55.67,0,0,0,0,0,0,57.51,0,42.49
2021-06-18T00:00:00.000Z,1263,5523706,59.4,497,5177191,55.67,0,0,0,0,0,0,57.52,0,42.48
2021-06-19T00:00:00.000Z,235,5523941,59.4,139,5177330,55.67,0,0,0,0,0,0,57.52,0,42.48
2021-06-20T00:00:00.000Z,3311,5527252,59.44,1330,5178660,55.69,0,0,0,0,0,0,57.54,0,42.46
2021-06-21T00:00:00.000Z,5232,5532484,59.49,1210,5179870,55.7,0,0,0,0,0,0,57.56,0,42.44
2021-06-22T00:00:00.000Z,6918,5539402,59.57,1092,5180962,55.71,0,0,0,0,0,0,57.58,0,42.42
2021-06-23T00:00:00.000Z,10742,5550144,59.68,1289,5182251,55.73,0,0,0,0,0,0,57.6,0,42.4
2021-06-24T00:00:00.000Z,12037,5562181,59.81,1460,5183711,55.74,0,0,0,0,0,0,57.62,0,42.38
2021-06-25T00:00:00.000Z,7103,5569284,59.89,938,5184649,55.75,0,0,0,0,0,0,57.62,0,42.38
2021-06-26T00:00:00.000Z,2265,5571549,59.91,196,5184845,55.76,0,0,0,0,0,0,57.63,0,42.37
2021-06-27T00:00:00.000Z,13628,5585177,60.06,3434,5188279,55.79,0,0,0,0,0,0,57.65,0,42.35
2021-06-28T00:00:00.000Z,14512,5599689,60.22,3672,5191951,55.83,0,0,0,0,0,0,57.68,0,42.32
2021-06-29T00:00:00.000Z,16704,5616393,60.4,3735,5195686,55.87,0,0,0,0,0,0,57.69,0,42.31
2021-06-30T00:00:00.000Z,16477,5632870,60.57,3392,5199078,55.91,0,0,0,0,0,0,57.72,0,42.28
2021-07-01T00:00:00.000Z,16819,5649689,60.75,3368,5202446,55.94,119,119,0,0,0,0,57.78,0,42.22
2021-07-02T00:00:00.000Z,9824,5659513,60.86,1594,5204040,55.96,7,126,0,0,0,0,57.79,0,42.21
2021-07-03T00:00:00.000Z,2671,5662184,60.89,296,5204336,55.96,1,127,0,0,0,0,57.79,0,42.21
2021-07-04T00:00:00.000Z,17730,5679914,61.08,3155,5207491,56,1,128,0,0,0,0,57.85,0,42.15
2021-07-05T00:00:00.000Z,17844,5697758,61.27,3040,5210531,56.03,7,135,0,0,0,0,57.91,0,42.09
2021-07-06T00:00:00.000Z,17835,5715593,61.46,3404,5213935,56.07,11,146,0,0,0,0,57.99,0,42.01
2021-07-07T00:00:00.000Z,15521,5731114,61.63,2694,5216629,56.1,12,158,0,0,0,0,58.05,0,41.95
2021-07-08T00:00:00.000Z,16577,5747691,61.81,2871,5219500,56.13,17,175,0,0,0,0,58.12,0,41.88
2021-07-09T00:00:00.000Z,11119,5758810,61.93,1530,5221030,56.14,4,179,0,0,0,0,58.15,0,41.85
2021-07-10T00:00:00.000Z,4980,5763790,61.98,384,5221414,56.15,6,185,0,0,0,0,58.15,0,41.85
2021-07-11T00:00:00.000Z,1453,5765243,62,2846,5224260,56.18,8,193,0,0,0,0,58.22,0,41.78
2021-07-12T00:00:00.000Z,2416,5767659,62.02,3677,5227937,56.22,56,249,0,0,0,0,58.29,0,41.71
2021-07-13T00:00:00.000Z,2954,5770613,62.05,5455,5233392,56.28,124,373,0,0,0,0,58.36,0,41.64
2021-07-14T00:00:00.000Z,2738,5773351,62.08,7522,5240914,56.36,441,814,0.01,0,0,0,58.42,0,41.58
2021-07-15T00:00:00.000Z,2995,5776346,62.12,9284,5250198,56.46,374,1188,0.01,0,0,0,58.5,0,41.5
2021-07-16T00:00:00.000Z,1279,5777625,62.13,5889,5256087,56.52,65,1253,0.01,0,0,0,58.54,0,41.46
2021-07-17T00:00:00.000Z,365,5777990,62.13,1387,5257474,56.54,7,1260,0.01,0,0,0,58.55,0,41.44
2021-07-18T00:00:00.000Z,2067,5780057,62.16,9765,5267239,56.64,235,1495,0.02,0,0,0,58.6,0,41.4
2021-07-19T00:00:00.000Z,3206,5783263,62.19,11339,5278578,56.76,461,1956,0.02,0,0,0,58.65,0,41.35
2021-07-20T00:00:00.000Z,2678,5785941,62.22,11904,5290482,56.89,373,2329,0.03,0,0,0,58.72,0,41.28
2021-07-21T00:00:00.000Z,2391,5788332,62.24,11872,5302354,57.02,323,2652,0.03,0,0,0,58.81,0,41.19
2021-07-22T00:00:00.000Z,2870,5791202,62.28,13262,5315616,57.16,391,3043,0.03,0,0,0,58.93,0,41.07
2021-07-23T00:00:00.000Z,2025,5793227,62.3,8230,5323846,57.25,106,3149,0.03,0,0,0,58.99,0,41.01
2021-07-24T00:00:00.000Z,639,5793866,62.3,1477,5325323,57.27,7,3156,0.03,0,0,0,58.99,0,41
2021-07-25T00:00:00.000Z,4413,5798279,62.35,15485,5340808,57.43,223,3379,0.04,0,0,0,59.1,0,40.89
2021-07-26T00:00:00.000Z,5160,5803439,62.41,13522,5354330,57.58,323,3702,0.04,0,0,0,59.24,0,40.75
2021-07-27T00:00:00.000Z,5485,5808924,62.47,13565,5367895,57.72,413,4115,0.04,0,0,0,59.37,0.01,40.62
2021-07-28T00:00:00.000Z,3982,5812906,62.51,12337,5380232,57.86,472,4587,0.05,0,0,0,59.5,0.01,40.49
2021-07-29T00:00:00.000Z,4656,5817562,62.56,14187,5394419,58.01,530,5117,0.06,0,0,0,59.65,0.01,40.33
2021-07-30T00:00:00.000Z,2644,5820206,62.59,10844,5405263,58.13,4121,9238,0.1,0,0,0,59.74,0.02,40.25
2021-07-31T00:00:00.000Z,1402,5821608,62.6,3547,5408810,58.16,6159,15397,0.17,0,0,0,59.75,0.02,40.23
2021-08-01T00:00:00.000Z,3072,5824680,62.64,3361,5412171,58.2,31046,46443,0.5,0,0,0,59.91,0.02,40.06
2021-08-02T00:00:00.000Z,3125,5827805,62.67,3165,5415336,58.23,58508,104951,1.13,0,0,0,60.06,0.03,39.91
2021-08-03T00:00:00.000Z,3380,5831185,62.71,3318,5418654,58.27,78951,183902,1.98,0,0,0,60.21,0.03,39.76
2021-08-04T00:00:00.000Z,3519,5834704,62.74,3246,5421900,58.3,80762,264664,2.85,0,0,0,60.34,0.03,39.63
2021-08-05T00:00:00.000Z,4504,5839208,62.79,3565,5425465,58.34,88440,353104,3.8,0,0,0,60.49,0.04,39.47
2021-08-06T00:00:00.000Z,2430,5841638,62.82,1844,5427309,58.36,44741,397845,4.28,0,0,0,60.6,0.04,39.36
2021-08-07T00:00:00.000Z,1026,5842664,62.83,686,5427995,58.37,27352,425197,4.57,0,0,0,60.63,0.04,39.32
2021-08-08T00:00:00.000Z,4987,5847651,62.88,3073,5431068,58.4,80084,505281,5.43,0,0,0,60.68,0.04,39.28
2021-08-09T00:00:00.000Z,5336,5852987,62.94,3051,5434119,58.44,76487,581768,6.26,0,0,0,60.72,0.04,39.24
2021-08-10T00:00:00.000Z,5541,5858528,63,3197,5437316,58.47,75425,657193,7.07,0,0,0,60.75,0.04,39.2
2021-08-11T00:00:00.000Z,5690,5864218,63.06,2936,5440252,58.5,62634,719827,7.74,0,0,0,60.79,0.04,39.17
2021-08-12T00:00:00.000Z,7023,5871241,63.14,3283,5443535,58.54,59459,779286,8.38,0,0,0,60.83,0.04,39.12
2021-08-13T00:00:00.000Z,3809,5875050,63.18,2059,5445594,58.56,43868,823154,8.85,0,0,0,60.84,0.05,39.11
2021-08-14T00:00:00.000Z,2247,5877297,63.2,849,5446443,58.57,44484,867638,9.33,0,0,0,60.85,0.05,39.1
2021-08-15T00:00:00.000Z,7139,5884436,63.28,4528,5450971,58.62,97977,965615,10.38,0,0,0,60.89,0.05,39.06
2021-08-16T00:00:00.000Z,6983,5891419,63.35,4737,5455708,58.67,89513,1055128,11.35,0,0,0,60.92,0.04,39.03
2021-08-17T00:00:00.000Z,7570,5898989,63.43,5129,5460837,58.72,83315,1138443,12.24,0,0,0,60.96,0.04,39
2021-08-18T00:00:00.000Z,8632,5907621,63.53,4599,5465436,58.77,69258,1207701,12.99,0,0,0,60.99,0.04,38.96
2021-08-19T00:00:00.000Z,10067,5917688,63.64,5210,5470646,58.83,65971,1273672,13.7,0,0,0,61.03,0.04,38.92
2021-08-20T00:00:00.000Z,4762,5922450,63.69,2821,5473467,58.86,60446,1334118,14.35,0,0,0,61.05,0.05,38.9
2021-08-21T00:00:00.000Z,3490,5925940,63.72,1574,5475041,58.88,50723,1384841,14.89,0,0,0,61.06,0.05,38.89
2021-08-22T00:00:00.000Z,9823,5935763,63.83,4800,5479841,58.93,105095,1489936,16.02,0,0,0,61.12,0.04,38.84
2021-08-23T00:00:00.000Z,10930,5946693,63.95,4441,5484282,58.98,94009,1583945,17.03,0,0,0,61.17,0.04,38.79
2021-08-24T00:00:00.000Z,11725,5958418,64.07,4696,5488978,59.03,98530,1682475,18.09,0,0,0,61.23,0.04,38.73
2021-08-25T00:00:00.000Z,9614,5968032,64.18,4477,5493455,59.07,99517,1781992,19.16,0,0,0,61.29,0.04,38.67
2021-08-26T00:00:00.000Z,10111,5978143,64.29,5048,5498503,59.13,101198,1883190,20.25,0,0,0,61.36,0.03,38.61
2021-08-27T00:00:00.000Z,4320,5982463,64.33,2778,5501281,59.16,56687,1939877,20.86,0,0,0,61.35,0.04,38.61
2021-08-28T00:00:00.000Z,3696,5986159,64.37,1494,5502775,59.17,33535,1973412,21.22,0,0,0,61.4,0.04,38.57
2021-08-29T00:00:00.000Z,10328,5996487,64.48,5931,5508706,59.24,79521,2052933,22.08,0,0,0,61.46,0.03,38.5
2021-08-30T00:00:00.000Z,12336,6008823,64.62,7011,5515717,59.31,115981,2168914,23.32,0,0,0,61.53,0.03,38.44
2021-08-31T00:00:00.000Z,12079,6020902,64.75,6519,5522236,59.38,114851,2283765,24.56,0,0,0,61.6,0.03,38.37
2021-09-01T00:00:00.000Z,9035,6029937,64.84,6027,5528263,59.45,112472,2396237,25.77,0,0,0,61.43,0.03,38.54
2021-09-02T00:00:00.000Z,8784,6038721,64.94,7176,5535439,59.53,111521,2507758,26.97,0,0,0,61.49,0.03,38.48
2021-09-03T00:00:00.000Z,3745,6042466,64.98,4108,5539547,59.57,58878,2566636,27.6,0,0,0,61.56,0.03,38.42
2021-09-04T00:00:00.000Z,2692,6045158,65.01,2017,5541564,59.59,29943,2596579,27.92,0,0,0,61.59,0.03,38.38
2021-09-05T00:00:00.000Z,6992,6052150,65.08,6456,5548020,59.66,73316,2669895,28.71,0,0,0,61.68,0.03,38.29
2021-09-06T00:00:00.000Z,2826,6054976,65.11,2704,5550724,59.69,22793,2692688,28.96,0,0,0,61.77,0.03,38.2
2021-09-07T00:00:00.000Z,1196,6056172,65.13,875,5551599,59.7,5396,2698084,29.01,0,0,0,61.85,0.03,38.12
2021-09-08T00:00:00.000Z,1375,6057547,65.14,1190,5552789,59.71,6619,2704703,29.09,0,0,0,61.93,0.03,38.05
2021-09-09T00:00:00.000Z,7088,6064635,65.22,12563,5565352,59.85,73832,2778535,29.88,0,0,0,62.02,0.03,37.95
2021-09-10T00:00:00.000Z,3255,6067890,65.25,5007,5570359,59.9,37929,2816464,30.29,0,0,0,62.06,0.03,37.91
2021-09-11T00:00:00.000Z,2105,6069995,65.27,2500,5572859,59.93,14813,2831277,30.45,0,0,0,62.08,0.03,37.89
2021-09-12T00:00:00.000Z,6113,6076108,65.34,8585,5581444,60.02,54119,2885396,31.03,0,0,0,62.16,0.03,37.81
2021-09-13T00:00:00.000Z,5608,6081716,65.4,8254,5589698,60.11,47971,2933367,31.54,0,0,0,62.15,0.03,37.82
2021-09-14T00:00:00.000Z,4957,6086673,65.45,7414,5597112,60.19,48846,2982213,32.07,0,0,0,62.2,0.03,37.77
2021-09-15T00:00:00.000Z,1743,6088416,65.47,2712,5599824,60.22,16683,2998896,32.25,0,0,0,62.25,0.03,37.72
2021-09-16T00:00:00.000Z,337,6088753,65.48,544,5600368,60.22,1740,3000636,32.27,0,0,0,62.37,0.03,37.6
2021-09-17T00:00:00.000Z,3675,6092428,65.52,7013,5607381,60.3,42895,3043531,32.73,0,0,0,62.42,0.03,37.54
2021-09-18T00:00:00.000Z,2255,6094683,65.54,2941,5610322,60.33,12782,3056313,32.87,0,0,0,62.45,0.03,37.52
2021-09-19T00:00:00.000Z,5941,6100624,65.6,10708,5621030,60.45,44327,3100640,33.34,0,0,0,62.55,0.03,37.42
2021-09-20T00:00:00.000Z,3241,6103865,65.64,4639,5625669,60.5,16702,3117342,33.52,0,0,0,62.63,0.03,37.34
2021-09-21T00:00:00.000Z,1334,6105199,65.65,2053,5627722,60.52,3474,3120816,33.56,0,0,0,62.69,0.03,37.28
2021-09-22T00:00:00.000Z,4256,6109455,65.7,7244,5634966,60.6,25064,3145880,33.83,0,0,0,62.72,0.03,37.25
2021-09-23T00:00:00.000Z,4388,6113843,65.75,5902,5640868,60.66,27829,3173709,34.13,0,0,0,62.75,0.03,37.22
2021-09-24T00:00:00.000Z,3198,6117041,65.78,4182,5645050,60.7,27716,3201425,34.43,0,0,0,62.82,0.03,37.15
2021-09-25T00:00:00.000Z,2073,6119114,65.8,2255,5647305,60.73,10440,3211865,34.54,0,0,0,62.85,0.03,37.12
2021-09-26T00:00:00.000Z,5604,6124718,65.86,5968,5653273,60.79,36262,3248127,34.93,0,0,0,62.96,0.03,37
2021-09-27T00:00:00.000Z,4692,6129410,65.91,4460,5657733,60.84,30448,3278575,35.26,0,0,0,63.02,0.03,36.94
2021-09-28T00:00:00.000Z,1465,6130875,65.93,1178,5658911,60.85,6248,3284823,35.32,0,0,0,63.06,0.04,36.91
2021-09-29T00:00:00.000Z,9620,6140495,66.03,8342,5667253,60.94,60321,3345144,35.97,0,0,0,63.13,0.03,36.84
2021-09-30T00:00:00.000Z,10969,6151464,66.15,8567,5675820,61.03,79696,3424840,36.83,0,0,0,63.18,0.03,36.79
2021-10-01T00:00:00.000Z,5118,6156582,66.2,3870,5679690,61.08,46536,3471376,37.33,0,0,0,63.23,0.03,36.73
2021-10-02T00:00:00.000Z,2859,6159441,66.24,2123,5681813,61.1,22428,3493804,37.57,0,0,0,63.26,0.03,36.71
2021-10-03T00:00:00.000Z,11666,6171107,66.36,7271,5689084,61.18,70721,3564525,38.33,0,0,0,63.35,0.03,36.62
2021-10-04T00:00:00.000Z,10316,6181423,66.47,6753,5695837,61.25,51900,3616425,38.89,0,0,0,63.4,0.03,36.57
2021-10-05T00:00:00.000Z,8455,6189878,66.56,5304,5701141,61.31,40471,3656896,39.32,0,0,0,63.41,0.03,36.55
2021-10-06T00:00:00.000Z,7542,6197420,66.64,4173,5705314,61.35,34131,3691027,39.69,0,0,0,63.52,0.03,36.45
2021-10-07T00:00:00.000Z,6889,6204309,66.72,4002,5709316,61.4,34054,3725081,40.06,0,0,0,63.63,0.03,36.34
2021-10-08T00:00:00.000Z,3088,6207397,66.75,2632,5711948,61.42,19238,3744319,40.26,0,0,0,63.68,0.03,36.29
2021-10-09T00:00:00.000Z,1335,6208732,66.77,1440,5713388,61.44,7440,3751759,40.34,0,0,0,63.71,0.03,36.26
2021-10-10T00:00:00.000Z,4675,6213407,66.82,3743,5717131,61.48,21512,3773271,40.58,0,0,0,63.82,0.04,36.14
2021-10-11T00:00:00.000Z,4293,6217700,66.86,2941,5720072,61.51,17257,3790528,40.76,0,0,0,63.91,0.04,36.05
2021-10-12T00:00:00.000Z,3972,6221672,66.9,3001,5723073,61.54,15353,3805881,40.93,0,0,0,63.99,0.05,35.96
2021-10-13T00:00:00.000Z,3485,6225157,66.94,2446,5725519,61.57,13578,3819459,41.07,0,0,0,64.09,0.05,35.86
2021-10-14T00:00:00.000Z,3864,6229021,66.98,2681,5728200,61.6,16562,3836021,41.25,0,0,0,64.19,0.06,35.75
2021-10-15T00:00:00.000Z,1697,6230718,67,1678,5729878,61.62,9005,3845026,41.35,0,0,0,64.23,0.07,35.7
2021-10-16T00:00:00.000Z,725,6231443,67.01,951,5730829,61.63,4034,3849060,41.39,0,0,0,64.25,0.08,35.67
2021-10-17T00:00:00.000Z,3087,6234530,67.04,2521,5733350,61.65,12792,3861852,41.53,0,0,0,64.36,0.09,35.56
2021-10-18T00:00:00.000Z,2454,6236984,67.07,1681,5735031,61.67,10065,3871917,41.64,0,0,0,64.43,0.1,35.47
2021-10-19T00:00:00.000Z,2392,6239376,67.1,1277,5736308,61.69,9296,3881213,41.74,0,0,0,64.49,0.1,35.4
2021-10-20T00:00:00.000Z,2431,6241807,67.12,2302,5738610,61.71,10089,3891302,41.85,0,0,0,64.14,0.52,35.34
2021-10-21T00:00:00.000Z,3032,6244839,67.15,3087,5741697,61.74,12157,3903459,41.98,0,0,0,54.23,10.41,35.36
2021-10-22T00:00:00.000Z,1274,6246113,67.17,1428,5743125,61.76,5827,3909286,42.04,0,0,0,54.36,10.26,35.38
2021-10-23T00:00:00.000Z,570,6246683,67.17,1262,5744387,61.77,2559,3911845,42.07,0,0,0,54.42,10.19,35.39
2021-10-24T00:00:00.000Z,2511,6249194,67.2,2652,5747039,61.8,9852,3921697,42.17,0,0,0,54.22,10.43,35.35
2021-10-25T00:00:00.000Z,2632,6251826,67.23,2740,5749779,61.83,8502,3930199,42.26,0,0,0,54.59,10.22,35.19
2021-10-26T00:00:00.000Z,2375,6254201,67.25,2044,5751823,61.85,8515,3938714,42.35,0,0,0,54.64,10.26,35.1
2021-10-27T00:00:00.000Z,2285,6256486,67.28,2560,5754383,61.88,7950,3946664,42.44,0,0,0,54.58,10.37,35.06
2021-10-28T00:00:00.000Z,2496,6258982,67.31,2771,5757154,61.91,8660,3955324,42.53,0,0,0,54.69,10.76,34.55
2021-10-29T00:00:00.000Z,897,6259879,67.32,1143,5758297,61.92,4129,3959453,42.58,0,0,0,54.73,10.75,34.52
2021-10-30T00:00:00.000Z,363,6260242,67.32,528,5758825,61.93,1709,3961162,42.6,0,0,0,54.68,10.81,34.52
2021-10-31T00:00:00.000Z,2258,6262500,67.34,2490,5761315,61.95,8250,3969412,42.69,0,0,0,54.83,10.7,34.47
2021-11-01T00:00:00.000Z,1732,6264232,67.36,2088,5763403,61.98,6475,3975887,42.75,0,0,0,54.95,10.63,34.42
2021-11-02T00:00:00.000Z,2020,6266252,67.38,2041,5765444,62,6283,3982170,42.82,0,0,0,54.89,10.69,34.42
2021-11-03T00:00:00.000Z,1757,6268009,67.4,1887,5767331,62.02,5550,3987720,42.88,0,0,0,54.86,10.75,34.39
2021-11-04T00:00:00.000Z,2104,6270113,67.43,2793,5770124,62.05,7125,3994845,42.96,0,0,0,54.85,10.81,34.33
2021-11-05T00:00:00.000Z,782,6270895,67.43,898,5771022,62.06,3475,3998320,43,0,0,0,54.85,10.83,34.32
2021-11-06T00:00:00.000Z,344,6271239,67.44,384,5771406,62.06,1370,3999690,43.01,0,0,0,54.82,10.86,34.32
2021-11-07T00:00:00.000Z,1579,6272818,67.45,1768,5773174,62.08,6129,4005819,43.08,0,0,0,54.92,10.8,34.28
2021-11-08T00:00:00.000Z,1515,6274333,67.47,1598,5774772,62.1,5405,4011224,43.13,0,0,0,55.01,10.75,34.24
2021-11-09T00:00:00.000Z,1427,6275760,67.49,1602,5776374,62.12,5327,4016551,43.19,0,0,0,55.05,10.74,34.21
2021-11-10T00:00:00.000Z,1423,6277183,67.5,1652,5778026,62.13,4775,4021326,43.24,0,0,0,55.08,10.73,34.19
2021-11-11T00:00:00.000Z,1624,6278807,67.52,1940,5779966,62.15,5706,4027032,43.3,0,0,0,55.15,10.69,34.15
2021-11-12T00:00:00.000Z,632,6279439,67.53,820,5780786,62.16,2920,4029952,43.34,0,0,0,55.17,10.69,34.14
2021-11-13T00:00:00.000Z,252,6279691,67.53,283,5781069,62.17,1125,4031077,43.35,0,0,0,55.14,10.72,34.14
2021-11-14T00:00:00.000Z,1538,6281229,67.55,1636,5782705,62.18,5106,4036183,43.4,0,0,0,55.21,10.68,34.11
2021-11-15T00:00:00.000Z,1272,6282501,67.56,1616,5784321,62.2,4766,4040949,43.45,0,0,0,55.28,10.63,34.09
2021-11-16T00:00:00.000Z,1271,6283772,67.57,1406,5785727,62.22,4339,4045288,43.5,0,0,0,55.32,10.62,34.07
2021-11-17T00:00:00.000Z,1201,6284973,67.59,1558,5787285,62.23,3905,4049193,43.54,0,0,0,55.35,10.6,34.05
2021-11-18T00:00:00.000Z,1358,6286331,67.6,1684,5788969,62.25,5004,4054197,43.6,0,0,0,55.41,10.58,34.02
2021-11-19T00:00:00.000Z,586,6286917,67.61,757,5789726,62.26,2451,4056648,43.62,0,0,0,55.42,10.57,34.01
2021-11-20T00:00:00.000Z,236,6287153,67.61,254,5789980,62.26,925,4057573,43.63,0,0,0,55.41,10.58,34
2021-11-21T00:00:00.000Z,1410,6288563,67.62,1536,5791516,62.28,4873,4062446,43.69,0,0,0,55.47,10.54,33.98
2021-11-22T00:00:00.000Z,1680,6290243,67.64,1516,5793032,62.3,4231,4066677,43.73,0,0,0,55.54,10.5,33.96
2021-11-23T00:00:00.000Z,8614,6298857,67.73,1675,5794707,62.31,3999,4070676,43.77,0,0,0,55.57,10.48,33.95
2021-11-24T00:00:00.000Z,9348,6308205,67.84,1311,5796018,62.33,3916,4074592,43.82,0,0,0,55.6,10.44,33.95
2021-11-25T00:00:00.000Z,9810,6318015,67.94,1598,5797616,62.34,4831,4079423,43.87,0,0,0,55.64,10.43,33.93
2021-11-26T00:00:00.000Z,5611,6323626,68,743,5798359,62.35,2797,4082220,43.9,0,0,0,55.63,10.45,33.92
2021-11-27T00:00:00.000Z,4777,6328403,68.05,321,5798680,62.36,1160,4083380,43.91,0,0,0,55.62,10.46,33.92
2021-11-28T00:00:00.000Z,10147,6338550,68.16,1476,5800156,62.37,4896,4088276,43.96,0,0,0,55.67,10.43,33.9
2021-11-29T00:00:00.000Z,9038,6347588,68.26,1129,5801285,62.38,4365,4092641,44.01,0,0,0,55.73,10.39,33.88
2021-11-30T00:00:00.000Z,10041,6357629,68.37,1028,5802313,62.4,4080,4096721,44.05,0,0,0,55.77,10.37,33.86
2021-12-01T00:00:00.000Z,8624,6366253,68.46,1092,5803405,62.41,4435,4101156,44.1,5,5,0,55.79,10.36,33.84
2021-12-02T00:00:00.000Z,9169,6375422,68.56,1447,5804852,62.42,5115,4106271,44.16,6,11,0,55.84,10.34,33.82
2021-12-03T00:00:00.000Z,6331,6381753,68.63,670,5805522,62.43,2859,4109130,44.19,1,12,0,55.86,10.33,33.81
2021-12-04T00:00:00.000Z,2508,6384261,68.65,232,5805754,62.43,914,4110044,44.2,3,15,0,55.85,10.34,33.81
2021-12-05T00:00:00.000Z,8334,6392595,68.74,1250,5807004,62.45,4679,4114723,44.25,1,16,0,55.9,10.31,33.79
2021-12-06T00:00:00.000Z,6722,6399317,68.82,1193,5808197,62.46,4346,4119069,44.29,4,20,0,55.95,10.27,33.78
2021-12-07T00:00:00.000Z,5553,6404870,68.87,1496,5809693,62.47,3956,4123025,44.34,9,29,0,55.99,10.25,33.76
2021-12-08T00:00:00.000Z,4929,6409799,68.93,1197,5810890,62.49,3874,4126899,44.38,10,39,0,56.03,10.22,33.75
2021-12-09T00:00:00.000Z,6237,6416036,68.99,1232,5812122,62.5,4499,4131398,44.43,8,47,0,56.08,10.19,33.73
2021-12-10T00:00:00.000Z,3006,6419042,69.03,696,5812818,62.51,2675,4134073,44.46,4,51,0,56.1,10.18,33.72
2021-12-11T00:00:00.000Z,1491,6420533,69.04,251,5813069,62.51,1011,4135084,44.47,0,51,0,56.1,10.18,33.71
2021-12-12T00:00:00.000Z,7271,6427804,69.12,1441,5814510,62.53,5243,4140327,44.52,3,54,0,56.16,10.15,33.69
2021-12-13T00:00:00.000Z,6176,6433980,69.19,1371,5815881,62.54,4343,4144670,44.57,4,58,0,56.21,10.11,33.67
2021-12-14T00:00:00.000Z,7315,6441295,69.27,6100,5821981,62.61,4928,4149598,44.62,11,69,0,56.27,10.09,33.65
2021-12-15T00:00:00.000Z,7201,6448496,69.34,7402,5829383,62.69,5439,4155037,44.68,6,75,0,56.34,10.06,33.6
2021-12-16T00:00:00.000Z,8079,6456575,69.43,8609,5837992,62.78,6552,4161589,44.75,7,82,0,56.53,10.05,33.42
2021-12-17T00:00:00.000Z,4404,6460979,69.48,5134,5843126,62.83,3945,4165534,44.79,3,85,0,56.64,10.05,33.3
2021-12-18T00:00:00.000Z,3940,6464919,69.52,2914,5846040,62.87,1351,4166885,44.81,2,87,0,56.73,10.07,33.2
2021-12-19T00:00:00.000Z,6980,6471899,69.6,9331,5855371,62.97,6267,4173152,44.88,5,92,0,56.92,10.04,33.04
2021-12-20T00:00:00.000Z,7969,6479868,69.68,7514,5862885,63.05,5436,4178588,44.93,9,101,0,57.07,10.02,32.91
2021-12-21T00:00:00.000Z,9547,6489415,69.78,8644,5871529,63.14,6476,4185064,45,8,109,0,57.27,10.01,32.71
2021-12-22T00:00:00.000Z,9665,6499080,69.89,8148,5879677,63.23,6238,4191302,45.07,12,121,0,57.49,10,32.52
2021-12-23T00:00:00.000Z,11541,6510621,70.01,10260,5889937,63.34,8134,4199436,45.16,15,136,0,57.7,9.97,32.33
2021-12-24T00:00:00.000Z,5870,6516491,70.08,6241,5896178,63.4,5271,4204707,45.22,12,148,0,57.83,9.96,32.21
2021-12-25T00:00:00.000Z,3338,6519829,70.11,2565,5898743,63.43,2020,4206727,45.24,6,154,0,57.9,9.96,32.15
2021-12-26T00:00:00.000Z,10653,6530482,70.23,8908,5907651,63.53,8193,4214920,45.33,8,162,0,58.1,9.92,31.98
2021-12-27T00:00:00.000Z,10368,6540850,70.34,7142,5914793,63.6,8182,4223102,45.41,21,183,0,58.27,9.9,31.83
2021-12-28T00:00:00.000Z,11373,6552223,70.46,7449,5922242,63.68,9626,4232728,45.52,24,207,0,58.46,9.88,31.66
2021-12-29T00:00:00.000Z,9935,6562158,70.57,5959,5928201,63.75,8361,4241089,45.61,17,224,0,58.64,9.85,31.51
2021-12-30T00:00:00.000Z,11008,6573166,70.68,7733,5935934,63.83,12236,4253325,45.74,9,233,0,58.84,9.82,31.34
2021-12-31T00:00:00.000Z,4828,6577994,70.74,3671,5939605,63.87,7291,4260616,45.82,134,367,0,58.9,9.79,31.3
2022-01-01T00:00:00.000Z,1992,6579986,70.76,1591,5941196,63.89,2741,4263357,45.85,65,432,0,58.93,9.79,31.28
2022-01-02T00:00:00.000Z,10216,6590202,70.87,6486,5947682,63.96,13000,4276357,45.99,590,1022,0.01,59.14,9.76,31.1
2022-01-03T00:00:00.000Z,9382,6599584,70.97,5256,5952938,64.02,11328,4287685,46.11,25055,26077,0.28,59.29,9.71,31
2022-01-04T00:00:00.000Z,8969,6608553,71.07,5942,5958880,64.08,10517,4298202,46.22,50652,76729,0.83,59.46,9.68,30.86
2022-01-05T00:00:00.000Z,8551,6617104,71.16,5737,5964617,64.14,10486,4308688,46.33,59576,136305,1.47,59.56,9.65,30.79
2022-01-06T00:00:00.000Z,10339,6627443,71.27,7959,5972576,64.23,13528,4322216,46.48,63991,200296,2.15,59.81,9.63,30.56
2022-01-07T00:00:00.000Z,4752,6632195,71.32,4555,5977131,64.28,8151,4330367,46.57,31132,231428,2.49,59.89,9.61,30.49
2022-01-08T00:00:00.000Z,2750,6634945,71.35,2451,5979582,64.3,5500,4335867,46.63,27626,259054,2.79,59.9,9.64,30.46
2022-01-09T00:00:00.000Z,9310,6644255,71.45,7721,5987303,64.38,11861,4347728,46.75,66759,325813,3.5,60.06,9.59,30.35
2022-01-10T00:00:00.000Z,8353,6652608,71.54,7650,5994953,64.47,11864,4359592,46.88,64758,390571,4.2,60.21,9.54,30.25
2022-01-11T00:00:00.000Z,8102,6660710,71.63,8622,6003575,64.56,11962,4371554,47.01,56652,447223,4.81,60.38,9.49,30.13
2022-01-12T00:00:00.000Z,7279,6667989,71.7,8306,6011881,64.65,11104,4382658,47.13,44623,491846,5.29,60.51,9.45,30.04
2022-01-13T00:00:00.000Z,7512,6675501,71.78,9617,6021498,64.75,11536,4394194,47.25,34749,526595,5.66,60.7,9.35,29.94
2022-01-14T00:00:00.000Z,2555,6678056,71.81,4931,6026429,64.81,6138,4400332,47.32,11138,537733,5.78,60.79,9.31,29.9
2022-01-15T00:00:00.000Z,1466,6679522,71.83,3166,6029595,64.84,3878,4404210,47.36,5715,543448,5.84,60.83,9.29,29.87
2022-01-16T00:00:00.000Z,3818,6683340,71.87,8521,6038116,64.93,7677,4411887,47.44,19989,563437,6.06,60.97,9.2,29.82
2022-01-17T00:00:00.000Z,2808,6686148,71.9,7045,6045161,65.01,6164,4418051,47.51,17834,581271,6.25,61.09,9.13,29.78
2022-01-18T00:00:00.000Z,2475,6688623,71.93,7380,6052541,65.09,5522,4423573,47.57,14811,596082,6.41,61.23,9.07,29.7
2022-01-19T00:00:00.000Z,1915,6690538,71.95,6362,6058903,65.15,4514,4428087,47.62,8456,604538,6.5,61.37,8.98,29.65
2022-01-20T00:00:00.000Z,1779,6692317,71.97,6965,6065868,65.23,4785,4432872,47.67,8040,612578,6.59,61.44,8.85,29.71
2022-01-21T00:00:00.000Z,902,6693219,71.98,3725,6069593,65.27,2635,4435507,47.7,3358,615936,6.62,61.51,8.81,29.68
2022-01-22T00:00:00.000Z,328,6693547,71.98,1461,6071054,65.29,1059,4436566,47.71,1113,617049,6.64,61.51,8.75,29.74
2022-01-23T00:00:00.000Z,1067,6694614,71.99,5628,6076682,65.35,2873,4439439,47.74,6080,623129,6.7,61.61,8.7,29.69
2022-01-24T00:00:00.000Z,758,6695372,72,4480,6081162,65.39,2259,4441698,47.76,5054,628183,6.76,61.73,8.62,29.65
2022-01-25T00:00:00.000Z,741,6696113,72.01,4398,6085560,65.44,2171,4443869,47.79,7102,635285,6.83,61.9,8.51,29.59
2022-01-26T00:00:00.000Z,614,6696727,72.01,3283,6088843,65.48,1603,4445472,47.8,4261,639546,6.88,62.02,8.42,29.57
2022-01-27T00:00:00.000Z,797,6697524,72.02,4405,6093248,65.52,2001,4447473,47.83,5439,644985,6.94,62.12,8.35,29.52
2022-01-28T00:00:00.000Z,394,6697918,72.03,2372,6095620,65.55,1169,4448642,47.84,3449,648434,6.97,62.16,8.33,29.5
2022-01-29T00:00:00.000Z,124,6698042,72.03,1045,6096665,65.56,423,4449065,47.84,1160,649594,6.99,62.23,8.29,29.48
2022-01-30T00:00:00.000Z,768,6698810,72.04,4718,6101383,65.61,2014,4451079,47.86,8098,657692,7.07,62.3,8.24,29.46
2022-01-31T00:00:00.000Z,528,6699338,72.04,3185,6104568,65.65,1607,4452686,47.88,6471,664163,7.14,62.39,8.17,29.43
2022-02-01T00:00:00.000Z,477,6699815,72.05,2804,6107372,65.68,1516,4454202,47.9,5719,669882,7.2,62.45,8.15,29.4
2022-02-02T00:00:00.000Z,372,6700187,72.05,2389,6109761,65.7,1376,4455578,47.91,5071,674953,7.26,62.28,8.13,29.59
2022-02-03T00:00:00.000Z,445,6700632,72.06,2775,6112536,65.73,1453,4457031,47.93,5605,680558,7.32,62.34,8.08,29.57
2022-02-04T00:00:00.000Z,174,6700806,72.06,989,6113525,65.74,753,4457784,47.94,2454,683012,7.34,62.37,8.06,29.57
2022-02-05T00:00:00.000Z,62,6700868,72.06,340,6113865,65.75,215,4457999,47.94,420,683432,7.35,62.34,8.09,29.56
2022-02-06T00:00:00.000Z,406,6701274,72.06,2322,6116187,65.77,1341,4459340,47.95,5684,689116,7.41,62.41,8.05,29.55
2022-02-07T00:00:00.000Z,280,6701554,72.07,1306,6117493,65.78,980,4460320,47.96,5960,695076,7.47,62.47,8.01,29.52
2022-02-08T00:00:00.000Z,315,6701869,72.07,1497,6118990,65.8,1061,4461381,47.98,6137,701213,7.54,62.54,7.97,29.49
2022-02-09T00:00:00.000Z,253,6702122,72.07,1102,6120092,65.81,941,4462322,47.99,4570,705783,7.59,62.6,7.95,29.45
2022-02-10T00:00:00.000Z,270,6702392,72.07,1293,6121385,65.83,930,4463252,48,4815,710598,7.64,62.63,7.93,29.44
2022-02-11T00:00:00.000Z,211,6702603,72.08,554,6121939,65.83,513,4463765,48,2534,713132,7.67,62.67,7.91,29.42
2022-02-12T00:00:00.000Z,31,6702634,72.08,90,6122029,65.83,125,4463890,48,268,713400,7.67,62.67,7.91,29.41
2022-02-13T00:00:00.000Z,286,6702920,72.08,945,6122974,65.84,964,4464854,48.01,4996,718396,7.73,62.73,7.87,29.39
2022-02-14T00:00:00.000Z,179,6703099,72.08,625,6123599,65.85,747,4465601,48.02,3143,721539,7.76,62.89,7.74,29.36
2022-02-15T00:00:00.000Z,265,6703364,72.08,764,6124363,65.86,929,4466530,48.03,3815,725354,7.8,62.92,7.73,29.35
2022-02-16T00:00:00.000Z,180,6703544,72.09,576,6124939,65.86,800,4467330,48.04,2487,727841,7.83,62.95,7.72,29.34
2022-02-17T00:00:00.000Z,247,6703791,72.09,738,6125677,65.87,770,4468100,48.05,3057,730898,7.86,62.96,7.7,29.34
2022-02-18T00:00:00.000Z,128,6703919,72.09,333,6126010,65.88,432,4468532,48.05,1118,732016,7.87,62.98,7.69,29.33
2022-02-19T00:00:00.000Z,33,6703952,72.09,83,6126093,65.88,78,4468610,48.05,79,732095,7.87,62.99,7.69,29.32
2022-02-20T00:00:00.000Z,202,6704154,72.09,604,6126697,65.88,717,4469327,48.06,2574,734669,7.9,63.01,7.67,29.32
2022-02-21T00:00:00.000Z,173,6704327,72.09,413,6127110,65.89,488,4469815,48.07,1541,736210,7.92,63.04,7.65,29.31
2022-02-22T00:00:00.000Z,158,6704485,72.1,452,6127562,65.89,561,4470376,48.07,1870,738080,7.94,63.05,7.65,29.3
2022-02-23T00:00:00.000Z,109,6704594,72.1,352,6127914,65.9,450,4470826,48.08,1152,739232,7.95,63.06,7.65,29.29
2022-02-24T00:00:00.000Z,137,6704731,72.1,454,6128368,65.9,563,4471389,48.08,1492,740724,7.97,63.05,7.66,29.29
2022-02-25T00:00:00.000Z,58,6704789,72.1,138,6128506,65.9,188,4471577,48.09,455,741179,7.97,63.06,7.66,29.28
2022-02-26T00:00:00.000Z,15,6704804,72.1,28,6128534,65.9,156,4471733,48.09,35,741214,7.97,63.05,7.67,29.28
2022-02-27T00:00:00.000Z,111,6704915,72.1,340,6128874,65.91,448,4472181,48.09,1118,742332,7.98,63.05,7.67,29.28
2022-02-28T00:00:00.000Z,109,6705024,72.1,268,6129142,65.91,417,4472598,48.1,906,743238,7.99,63.07,7.65,29.28
2022-03-01T00:00:00.000Z,97,6705121,72.1,281,6129423,65.91,371,4472969,48.1,796,744034,8,63.1,7.63,29.27
2022-03-02T00:00:00.000Z,77,6705198,72.1,198,6129621,65.91,323,4473292,48.1,694,744728,8.01,63.11,7.62,29.27
2022-03-03T00:00:00.000Z,156,6705354,72.11,369,6129990,65.92,496,4473788,48.11,985,745713,8.02,63.05,7.67,29.27
2022-03-04T00:00:00.000Z,52,6705406,72.11,167,6130157,65.92,165,4473953,48.11,227,745940,8.02,63.05,7.68,29.27
2022-03-05T00:00:00.000Z,3,6705409,72.11,25,6130182,65.92,43,4473996,48.11,31,745971,8.02,63.04,7.69,29.27
2022-03-06T00:00:00.000Z,98,6705507,72.11,258,6130440,65.92,413,4474409,48.12,759,746730,8.03,63.04,7.69,29.27
2022-03-07T00:00:00.000Z,87,6705594,72.11,259,6130699,65.93,346,4474755,48.12,604,747334,8.04,63.05,7.69,29.26
2022-03-08T00:00:00.000Z,98,6705692,72.11,263,6130962,65.93,333,4475088,48.12,550,747884,8.04,63.04,7.7,29.26
2022-03-09T00:00:00.000Z,88,6705780,72.11,212,6131174,65.93,332,4475420,48.13,492,748376,8.05,63.02,7.72,29.25
2022-03-10T00:00:00.000Z,113,6705893,72.11,373,6131547,65.94,424,4475844,48.13,616,748992,8.05,63.01,7.74,29.25
2022-03-11T00:00:00.000Z,24,6705917,72.11,86,6131633,65.94,121,4475965,48.13,144,749136,8.06,63,7.75,29.25
2022-03-12T00:00:00.000Z,10,6705927,72.11,10,6131643,65.94,31,4475996,48.13,27,749163,8.06,62.98,7.77,29.24
2022-03-13T00:00:00.000Z,100,6706027,72.11,270,6131913,65.94,358,4476354,48.14,594,749757,8.06,62.98,7.78,29.24
2022-03-14T00:00:00.000Z,65,6706092,72.11,252,6132165,65.94,316,4476670,48.14,559,750316,8.07,62.98,7.78,29.24
2022-03-15T00:00:00.000Z,79,6706171,72.11,183,6132348,65.94,291,4476961,48.14,587,750903,8.07,62.95,7.81,29.24
2022-03-16T00:00:00.000Z,74,6706245,72.12,205,6132553,65.95,300,4477261,48.15,669,751572,8.08,62.94,7.82,29.24
2022-03-17T00:00:00.000Z,65,6706310,72.12,121,6132674,65.95,286,4477547,48.15,613,752185,8.09,62.94,7.82,29.24
2022-03-18T00:00:00.000Z,18,6706328,72.12,54,6132728,65.95,99,4477646,48.15,234,752419,8.09,62.94,7.82,29.24
2022-03-19T00:00:00.000Z,5,6706333,72.12,10,6132738,65.95,27,4477673,48.15,38,752457,8.09,62.89,7.88,29.23
2022-03-20T00:00:00.000Z,119,6706452,72.12,258,6132996,65.95,485,4478158,48.16,1428,753885,8.11,62.87,7.89,29.23
2022-03-21T00:00:00.000Z,97,6706549,72.12,246,6133242,65.95,374,4478532,48.16,1132,755017,8.12,62.87,7.9,29.23
2022-03-22T00:00:00.000Z,140,6706689,72.12,341,6133583,65.96,504,4479036,48.17,1769,756786,8.14,62.84,7.94,29.23
2022-03-23T00:00:00.000Z,109,6706798,72.12,210,6133793,65.96,461,4479497,48.17,1674,758460,8.16,62.81,7.97,29.22
2022-03-24T00:00:00.000Z,175,6706973,72.12,344,6134137,65.96,763,4480260,48.18,2359,760819,8.18,62.78,8,29.22
2022-03-25T00:00:00.000Z,38,6707011,72.12,79,6134216,65.96,156,4480416,48.18,628,761447,8.19,62.78,8,29.23
2022-03-26T00:00:00.000Z,12,6707023,72.12,11,6134227,65.96,33,4480449,48.18,91,761538,8.19,62.77,8,29.22
2022-03-27T00:00:00.000Z,165,6707188,72.13,343,6134570,65.97,757,4481206,48.19,3190,764728,8.22,62.75,8.02,29.22
2022-03-28T00:00:00.000Z,113,6707301,72.13,269,6134839,65.97,621,4481827,48.2,2414,767142,8.25,62.75,8.03,29.22
2022-03-29T00:00:00.000Z,125,6707426,72.13,257,6135096,65.97,639,4482466,48.2,2770,769912,8.28,62.7,8.07,29.22
2022-03-30T00:00:00.000Z,132,6707558,72.13,207,6135303,65.98,538,4483004,48.21,2369,772281,8.3,62.81,8.11,29.07
2022-03-31T00:00:00.000Z,166,6707724,72.13,300,6135603,65.98,729,4483733,48.22,2845,775126,8.34,62.79,8.11,29.1
2022-04-01T00:00:00.000Z,121,6707845,72.13,159,6135762,65.98,274,4484007,48.22,583,775709,8.34,62.72,8.13,29.15
2022-04-02T00:00:00.000Z,6,6707851,72.13,6,6135768,65.98,35,4484042,48.22,52,775761,8.34,62.69,8.15,29.16
2022-04-03T00:00:00.000Z,159,6708010,72.13,269,6136037,65.98,570,4484612,48.23,2474,778235,8.37,62.65,8.16,29.19
2022-04-04T00:00:00.000Z,103,6708113,72.14,206,6136243,65.99,482,4485094,48.23,2218,780453,8.39,62.62,8.16,29.22
2022-04-05T00:00:00.000Z,123,6708236,72.14,219,6136462,65.99,512,4485606,48.24,2241,782694,8.42,62.57,8.19,29.25
2022-04-06T00:00:00.000Z,92,6708328,72.14,155,6136617,65.99,381,4485987,48.24,2017,784711,8.44,62.55,8.2,29.25
2022-04-07T00:00:00.000Z,191,6708519,72.14,214,6136831,65.99,641,4486628,48.25,2553,787264,8.47,62.56,8.2,29.24
2022-04-08T00:00:00.000Z,30,6708549,72.14,59,6136890,65.99,151,4486779,48.25,475,787739,8.47,62.54,8.22,29.23
2022-04-09T00:00:00.000Z,6,6708555,72.14,17,6136907,65.99,26,4486805,48.25,46,787785,8.47,62.52,8.25,29.23
2022-04-10T00:00:00.000Z,102,6708657,72.14,264,6137171,66,429,4487234,48.25,1845,789630,8.49,62.51,8.26,29.23
2022-04-11T00:00:00.000Z,78,6708735,72.14,201,6137372,66,370,4487604,48.26,1425,791055,8.51,62.54,8.26,29.2
2022-04-12T00:00:00.000Z,203,6708938,72.14,167,6137539,66,372,4487976,48.26,1359,792414,8.52,62.58,8.29,29.12
2022-04-13T00:00:00.000Z,119,6709057,72.15,150,6137689,66,295,4488271,48.26,1215,793629,8.53,62.58,8.31,29.1
2022-04-14T00:00:00.000Z,84,6709141,72.15,221,6137910,66,320,4488591,48.27,1068,794697,8.55,62.57,8.33,29.1
2022-04-15T00:00:00.000Z,9,6709150,72.15,51,6137961,66,47,4488638,48.27,80,794777,8.55,62.55,8.35,29.1
2022-04-16T00:00:00.000Z,3,6709153,72.15,8,6137969,66,21,4488659,48.27,29,794806,8.55,62.53,8.37,29.1
2022-04-17T00:00:00.000Z,62,6709215,72.15,131,6138100,66.01,228,4488887,48.27,807,795613,8.56,62.52,8.38,29.1
2022-04-18T00:00:00.000Z,68,6709283,72.15,107,6138207,66.01,251,4489138,48.27,749,796362,8.56,62.51,8.38,29.1
2022-04-19T00:00:00.000Z,60,6709343,72.15,143,6138350,66.01,272,4489410,48.28,840,797202,8.57,62.5,8.4,29.1
2022-04-20T00:00:00.000Z,60,6709403,72.15,117,6138467,66.01,234,4489644,48.28,651,797853,8.58,62.48,8.42,29.1
2022-04-21T00:00:00.000Z,52,6709455,72.15,107,6138574,66.01,192,4489836,48.28,479,798332,8.58,62.47,8.43,29.1
2022-04-22T00:00:00.000Z,2,6709457,72.15,16,6138590,66.01,18,4489854,48.28,16,798348,8.59,62.45,8.44,29.11
2022-04-23T00:00:00.000Z,6,6709463,72.15,9,6138599,66.01,14,4489868,48.28,13,798361,8.59,62.43,8.46,29.11
2022-04-24T00:00:00.000Z,92,6709555,72.15,250,6138849,66.01,328,4490196,48.29,869,799230,8.59,62.43,8.47,29.1
2022-04-25T00:00:00.000Z,105,6709660,72.15,191,6139040,66.02,315,4490511,48.29,738,799968,8.6,62.43,8.47,29.1
2022-04-26T00:00:00.000Z,75,6709735,72.15,175,6139215,66.02,302,4490813,48.29,786,800754,8.61,62.42,8.48,29.1
2022-04-27T00:00:00.000Z,55,6709790,72.15,160,6139375,66.02,227,4491040,48.29,638,801392,8.62,62.41,8.49,29.1
2022-04-28T00:00:00.000Z,96,6709886,72.15,232,6139607,66.02,326,4491366,48.3,869,802261,8.63,62.41,8.5,29.1
2022-04-29T00:00:00.000Z,108,6709994,72.16,158,6139765,66.02,182,4491548,48.3,196,802457,8.63,62.39,8.51,29.1
2022-04-30T00:00:00.000Z,1,6709995,72.16,3,6139768,66.02,24,4491572,48.3,19,802476,8.63,62.38,8.52,29.1
2022-05-01T00:00:00.000Z,135,6710130,72.16,185,6139953,66.03,316,4491888,48.3,630,803106,8.64,62.38,8.53,29.09
2022-05-02T00:00:00.000Z,62,6710192,72.16,152,6140105,66.03,235,4492123,48.31,489,803595,8.64,62.37,8.54,29.09
2022-05-03T00:00:00.000Z,72,6710264,72.16,151,6140256,66.03,287,4492410,48.31,505,804100,8.65,62.36,8.55,29.09
2022-05-04T00:00:00.000Z,23,6710287,72.16,55,6140311,66.03,63,4492473,48.31,125,804225,8.65,62.35,8.57,29.08
2022-05-05T00:00:00.000Z,4,6710291,72.16,1,6140312,66.03,3,4492476,48.31,11,804236,8.65,62.34,8.58,29.08
2022-05-06T00:00:00.000Z,19,6710310,72.16,59,6140371,66.03,64,4492540,48.31,151,804387,8.65,62.33,8.59,29.08
2022-05-07T00:00:00.000Z,0,6710310,72.16,6,6140377,66.03,25,4492565,48.31,24,804411,8.65,62.32,8.6,29.08
2022-05-08T00:00:00.000Z,118,6710428,72.16,207,6140584,66.03,270,4492835,48.31,456,804867,8.66,62.31,8.61,29.08
2022-05-09T00:00:00.000Z,59,6710487,72.16,162,6140746,66.03,251,4493086,48.32,502,805369,8.66,62.31,8.61,29.08
2022-05-10T00:00:00.000Z,131,6710618,72.16,168,6140914,66.04,260,4493346,48.32,508,805877,8.67,62.3,8.62,29.08
2022-05-11T00:00:00.000Z,58,6710676,72.16,116,6141030,66.04,179,4493525,48.32,463,806340,8.67,62.3,8.63,29.08
2022-05-12T00:00:00.000Z,118,6710794,72.16,200,6141230,66.04,275,4493800,48.32,663,807003,8.68,62.29,8.64,29.07
2022-05-13T00:00:00.000Z,11,6710805,72.16,42,6141272,66.04,70,4493870,48.32,108,807111,8.68,62.28,8.65,29.07
2022-05-14T00:00:00.000Z,6,6710811,72.16,12,6141284,66.04,10,4493880,48.33,22,807133,8.68,62.26,8.66,29.07
2022-05-15T00:00:00.000Z,91,6710902,72.17,175,6141459,66.04,241,4494121,48.33,663,807796,8.69,62.26,8.67,29.07
2022-05-16T00:00:00.000Z,68,6710970,72.17,142,6141601,66.04,229,4494350,48.33,508,808304,8.69,62.19,8.65,29.16
2022-05-17T00:00:00.000Z,73,6711043,72.17,155,6141756,66.05,265,4494615,48.33,616,808920,8.7,62.18,8.66,29.16
2022-05-18T00:00:00.000Z,43,6711086,72.17,98,6141854,66.05,169,4494784,48.33,445,809365,8.7,62.17,8.67,29.16
2022-05-19T00:00:00.000Z,64,6711150,72.17,170,6142024,66.05,211,4494995,48.34,498,809863,8.71,62.16,8.68,29.16
2022-05-20T00:00:00.000Z,76,6711226,72.17,113,6142137,66.05,127,4495122,48.34,137,810000,8.71,62.15,8.69,29.16
2022-05-21T00:00:00.000Z,4,6711230,72.17,7,6142144,66.05,13,4495135,48.34,18,810018,8.71,62.14,8.7,29.16
2022-05-22T00:00:00.000Z,87,6711317,72.17,188,6142332,66.05,216,4495351,48.34,424,810442,8.72,62.14,8.71,29.16
2022-05-23T00:00:00.000Z,64,6711381,72.17,120,6142452,66.05,154,4495505,48.34,343,810785,8.72,62.14,8.71,29.16
2022-05-24T00:00:00.000Z,43,6711424,72.17,119,6142571,66.05,155,4495660,48.34,393,811178,8.72,62.13,8.71,29.15
2022-05-25T00:00:00.000Z,61,6711485,72.17,103,6142674,66.06,165,4495825,48.35,337,811515,8.73,62.12,8.72,29.15
2022-05-26T00:00:00.000Z,72,6711557,72.17,136,6142810,66.06,184,4496009,48.35,348,811863,8.73,62.11,8.73,29.16
2022-05-27T00:00:00.000Z,11,6711568,72.17,28,6142838,66.06,43,4496052,48.35,59,811922,8.73,62.1,8.74,29.16
2022-05-28T00:00:00.000Z,1,6711569,72.17,4,6142842,66.06,7,4496059,48.35,11,811933,8.73,62.09,8.75,29.16
2022-05-29T00:00:00.000Z,89,6711658,72.17,152,6142994,66.06,163,4496222,48.35,314,812247,8.73,62.09,8.75,29.16
2022-05-30T00:00:00.000Z,56,6711714,72.17,132,6143126,66.06,122,4496344,48.35,291,812538,8.74,62.09,8.76,29.16
2022-05-31T00:00:00.000Z,45,6711759,72.17,104,6143230,66.06,153,4496497,48.35,350,812888,8.74,62.07,8.78,29.15
2022-06-01T00:00:00.000Z,62,6711821,72.18,89,6143319,66.06,117,4496614,48.35,274,813162,8.74,61.95,8.9,29.16
2022-06-02T00:00:00.000Z,76,6711897,72.18,156,6143475,66.06,172,4496786,48.36,254,813416,8.75,45.96,24.88,29.15
2022-06-03T00:00:00.000Z,10,6711907,72.18,23,6143498,66.06,21,4496807,48.36,31,813447,8.75,45.9,24.95,29.16
2022-06-04T00:00:00.000Z,0,6711907,72.18,7,6143505,66.06,7,4496814,48.36,5,813452,8.75,45.84,25,29.16
2022-06-05T00:00:00.000Z,7,6711914,72.18,14,6143519,66.06,6,4496820,48.36,2,813454,8.75,45.8,25.05,29.16
2022-06-06T00:00:00.000Z,58,6711972,72.18,144,6143663,66.07,161,4496981,48.36,261,813715,8.75,39.96,30.89,29.16
2022-06-07T00:00:00.000Z,54,6712026,72.18,133,6143796,66.07,141,4497122,48.36,375,814090,8.75,39.92,30.93,29.15
2022-06-08T00:00:00.000Z,57,6712083,72.18,105,6143901,66.07,130,4497252,48.36,495,814585,8.76,39.89,30.96,29.15
2022-06-09T00:00:00.000Z,84,6712167,72.18,206,6144107,66.07,234,4497486,48.36,641,815226,8.77,39.86,30.99,29.15
2022-06-10T00:00:00.000Z,14,6712181,72.18,51,6144158,66.07,59,4497545,48.36,138,815364,8.77,39.83,31.02,29.15
2022-06-11T00:00:00.000Z,0,6712181,72.18,3,6144161,66.07,7,4497552,48.36,19,815383,8.77,39.8,31.05,29.15
2022-06-12T00:00:00.000Z,105,6712286,72.18,199,6144360,66.07,191,4497743,48.37,767,816150,8.78,39.8,31.05,29.15
2022-06-13T00:00:00.000Z,81,6712367,72.18,142,6144502,66.07,166,4497909,48.37,625,816775,8.78,39.81,31.04,29.15
2022-06-14T00:00:00.000Z,116,6712483,72.18,172,6144674,66.08,208,4498117,48.37,759,817534,8.79,39.79,31.06,29.15
2022-06-15T00:00:00.000Z,72,6712555,72.18,141,6144815,66.08,207,4498324,48.37,696,818230,8.8,39.78,31.08,29.15
2022-06-16T00:00:00.000Z,92,6712647,72.18,136,6144951,66.08,217,4498541,48.38,740,818970,8.81,39.74,31.11,29.14
2022-06-17T00:00:00.000Z,16,6712663,72.18,63,6145014,66.08,52,4498593,48.38,122,819092,8.81,39.72,31.14,29.15
2022-06-18T00:00:00.000Z,3,6712666,72.18,4,6145018,66.08,11,4498604,48.38,15,819107,8.81,39.68,31.17,29.14
2022-06-19T00:00:00.000Z,115,6712781,72.19,206,6145224,66.08,317,4498921,48.38,877,819984,8.82,39.53,31.33,29.15
2022-06-20T00:00:00.000Z,99,6712880,72.19,151,6145375,66.08,306,4499227,48.38,922,820906,8.83,33.92,36.85,29.23
2022-06-21T00:00:00.000Z,94,6712974,72.19,154,6145529,66.09,375,4499602,48.39,1228,822134,8.84,33.58,37.19,29.23
2022-06-22T00:00:00.000Z,110,6713084,72.19,133,6145662,66.09,339,4499941,48.39,894,823028,8.85,33.28,37.49,29.23
2022-06-23T00:00:00.000Z,131,6713215,72.19,216,6145878,66.09,523,4500464,48.4,1146,824174,8.86,32.84,37.92,29.23
2022-06-24T00:00:00.000Z,19,6713234,72.19,35,6145913,66.09,109,4500573,48.4,207,824381,8.87,32.43,38.34,29.24
2022-06-25T00:00:00.000Z,1,6713235,72.19,1,6145914,66.09,12,4500585,48.4,16,824397,8.87,32.04,38.72,29.24
2022-06-26T00:00:00.000Z,107,6713342,72.19,158,6146072,66.09,379,4500964,48.4,933,825330,8.88,31.63,39.13,29.24
2022-06-27T00:00:00.000Z,85,6713427,72.19,172,6146244,66.09,391,4501355,48.41,1027,826357,8.89,31.29,39.47,29.24
2022-06-28T00:00:00.000Z,84,6713511,72.19,151,6146395,66.1,362,4501717,48.41,930,827287,8.9,30.86,39.91,29.24
2022-06-29T00:00:00.000Z,76,6713587,72.19,106,6146501,66.1,261,4501978,48.41,813,828100,8.91,30.48,40.28,29.24
2022-06-30T00:00:00.000Z,84,6713671,72.2,164,6146665,66.1,355,4502333,48.42,1057,829157,8.92,30.05,40.71,29.24
2022-07-01T00:00:00.000Z,21,6713692,72.2,28,6146693,66.1,54,4502387,48.42,77,829234,8.92,29.62,41.14,29.24
2022-07-02T00:00:00.000Z,0,6713692,72.2,2,6146695,66.1,6,4502393,48.42,18,829252,8.92,29.2,41.56,29.24
2022-07-03T00:00:00.000Z,86,6713778,72.2,172,6146867,66.1,318,4502711,48.42,636,829888,8.92,28.81,41.95,29.24
2022-07-04T00:00:00.000Z,77,6713855,72.2,140,6147007,66.1,275,4502986,48.42,746,830634,8.93,28.5,42.26,29.24
2022-07-05T00:00:00.000Z,58,6713913,72.2,142,6147149,66.1,301,4503287,48.43,688,831322,8.94,28.06,42.7,29.24
2022-07-06T00:00:00.000Z,77,6713990,72.2,125,6147274,66.1,212,4503499,48.43,643,831965,8.95,27.39,43.37,29.24
2022-07-07T00:00:00.000Z,81,6714071,72.2,164,6147438,66.11,265,4503764,48.43,722,832687,8.95,26.48,44.28,29.24
2022-07-08T00:00:00.000Z,17,6714088,72.2,33,6147471,66.11,68,4503832,48.43,131,832818,8.96,25.47,45.29,29.24
2022-07-09T00:00:00.000Z,0,6714088,72.2,0,6147471,66.11,1,4503833,48.43,1,832819,8.96,24.42,46.34,29.24
2022-07-10T00:00:00.000Z,85,6714173,72.2,164,6147635,66.11,230,4504063,48.43,469,833288,8.96,23.77,46.99,29.24
2022-07-11T00:00:00.000Z,65,6714238,72.2,140,6147775,66.11,244,4504307,48.44,571,833859,8.97,23.22,47.54,29.24
2022-07-12T00:00:00.000Z,69,6714307,72.2,128,6147903,66.11,207,4504514,48.44,556,834415,8.97,22.13,48.63,29.24
2022-07-13T00:00:00.000Z,43,6714350,72.2,100,6148003,66.11,163,4504677,48.44,488,834903,8.98,21.1,49.66,29.24
2022-07-14T00:00:00.000Z,69,6714419,72.2,147,6148150,66.11,207,4504884,48.44,511,835414,8.98,20.12,50.63,29.24
2022-07-15T00:00:00.000Z,57,6714476,72.2,77,6148227,66.11,129,4505013,48.44,166,835580,8.99,19.27,51.48,29.25
2022-07-16T00:00:00.000Z,0,6714476,72.2,6,6148233,66.12,7,4505020,48.44,7,835587,8.99,18.29,52.46,29.25
2022-07-17T00:00:00.000Z,75,6714551,72.2,180,6148413,66.12,241,4505261,48.45,468,836055,8.99,17.83,52.92,29.25
2022-07-18T00:00:00.000Z,62,6714613,72.21,157,6148570,66.12,206,4505467,48.45,510,836565,9,17.48,53.26,29.26
2022-07-19T00:00:00.000Z,62,6714675,72.21,146,6148716,66.12,173,4505640,48.45,368,836933,9,16.77,53.97,29.26
2022-07-20T00:00:00.000Z,51,6714726,72.21,135,6148851,66.12,135,4505775,48.45,421,837354,9,16.09,54.64,29.26
2022-07-21T00:00:00.000Z,64,6714790,72.21,152,6149003,66.12,175,4505950,48.45,340,837694,9.01,15.43,55.3,29.27
2022-07-22T00:00:00.000Z,10,6714800,72.21,36,6149039,66.12,41,4505991,48.46,56,837750,9.01,14.64,56.08,29.28
2022-07-23T00:00:00.000Z,0,6714800,72.21,3,6149042,66.12,2,4505993,48.46,9,837759,9.01,14.17,56.55,29.28
2022-07-24T00:00:00.000Z,58,6714858,72.21,125,6149167,66.13,197,4506190,48.46,363,838122,9.01,13.55,57.16,29.29
2022-07-25T00:00:00.000Z,48,6714906,72.21,105,6149272,66.13,170,4506360,48.46,334,838456,9.02,13.09,57.61,29.3
2022-07-26T00:00:00.000Z,47,6714953,72.21,100,6149372,66.13,108,4506468,48.46,270,838726,9.02,12.46,58.23,29.3
2022-07-27T00:00:00.000Z,45,6714998,72.21,124,6149496,66.13,131,4506599,48.46,242,838968,9.02,11.89,58.8,29.31
2022-07-28T00:00:00.000Z,62,6715060,72.21,139,6149635,66.13,147,4506746,48.46,219,839187,9.02,11.35,59.34,29.31
2022-07-29T00:00:00.000Z,10,6715070,72.21,25,6149660,66.13,27,4506773,48.46,30,839217,9.02,10.85,59.83,29.32
2022-07-30T00:00:00.000Z,0,6715070,72.21,0,6149660,66.13,1,4506774,48.46,1,839218,9.02,10.34,60.33,29.33
2022-07-31T00:00:00.000Z,58,6715128,72.21,133,6149793,66.13,131,4506905,48.47,251,839469,9.03,9.97,60.7,29.33
2022-08-01T00:00:00.000Z,54,6715182,72.21,75,6149868,66.13,88,4506993,48.47,153,839622,9.03,9.47,61.19,29.34
2022-08-02T00:00:00.000Z,111,6715293,72.21,119,6149987,66.13,155,4507148,48.47,264,839886,9.03,8.92,61.73,29.35
2022-08-03T00:00:00.000Z,75,6715368,72.21,70,6150057,66.13,92,4507240,48.47,177,840063,9.03,8.46,62.19,29.35
2022-08-04T00:00:00.000Z,125,6715493,72.22,130,6150187,66.14,111,4507351,48.47,244,840307,9.04,8.04,62.61,29.36
2022-08-05T00:00:00.000Z,30,6715523,72.22,22,6150209,66.14,13,4507364,48.47,23,840330,9.04,7.71,62.93,29.36
2022-08-06T00:00:00.000Z,1,6715524,72.22,2,6150211,66.14,1,4507365,48.47,4,840334,9.04,7.32,63.32,29.36
2022-08-07T00:00:00.000Z,76,6715600,72.22,81,6150292,66.14,66,4507431,48.47,168,840502,9.04,6.92,63.71,29.37
2022-08-08T00:00:00.000Z,76,6715676,72.22,92,6150384,66.14,122,4507553,48.47,170,840672,9.04,6.74,63.89,29.37
2022-08-09T00:00:00.000Z,99,6715775,72.22,87,6150471,66.14,96,4507649,48.47,212,840884,9.04,6.25,64.37,29.38
2022-08-10T00:00:00.000Z,78,6715853,72.22,57,6150528,66.14,71,4507720,48.47,115,840999,9.04,5.91,64.71,29.38
2022-08-11T00:00:00.000Z,52,6715905,72.22,100,6150628,66.14,91,4507811,48.47,154,841153,9.05,5.59,65.03,29.38
2022-08-12T00:00:00.000Z,8,6715913,72.22,12,6150640,66.14,17,4507828,48.48,27,841180,9.05,5.35,65.27,29.38
2022-08-13T00:00:00.000Z,0,6715913,72.22,1,6150641,66.14,2,4507830,48.48,3,841183,9.05,5.1,65.52,29.38
2022-08-14T00:00:00.000Z,73,6715986,72.22,74,6150715,66.14,81,4507911,48.48,150,841333,9.05,4.87,65.75,29.39
2022-08-15T00:00:00.000Z,69,6716055,72.22,81,6150796,66.14,92,4508003,48.48,142,841475,9.05,4.74,65.87,29.39
2022-08-16T00:00:00.000Z,81,6716136,72.22,85,6150881,66.14,83,4508086,48.48,186,841661,9.05,4.47,66.15,29.39
2022-08-17T00:00:00.000Z,48,6716184,72.22,55,6150936,66.14,35,4508121,48.48,114,841775,9.05,4.17,66.44,29.39
2022-08-18T00:00:00.000Z,64,6716248,72.22,93,6151029,66.15,119,4508240,48.48,173,841948,9.05,3.98,66.63,29.39
2022-08-19T00:00:00.000Z,75,6716323,72.22,55,6151084,66.15,54,4508294,48.48,45,841993,9.05,3.83,66.78,29.39
2022-08-20T00:00:00.000Z,1,6716324,72.22,1,6151085,66.15,3,4508297,48.48,3,841996,9.05,3.67,66.94,29.39
2022-08-21T00:00:00.000Z,51,6716375,72.22,85,6151170,66.15,84,4508381,48.48,193,842189,9.06,3.52,67.08,29.4
2022-08-22T00:00:00.000Z,89,6716464,72.23,74,6151244,66.15,102,4508483,48.48,142,842331,9.06,3.44,67.16,29.4
2022-08-23T00:00:00.000Z,73,6716537,72.23,105,6151349,66.15,84,4508567,48.48,176,842507,9.06,3.27,67.33,29.4
2022-08-24T00:00:00.000Z,0,6716537,72.23,0,6151349,66.15,0,4508567,48.48,0,842507,9.06,3.15,67.45,29.4
