Day_Date,vaccinated,vaccinated_cum,vaccinated_population_perc,vaccinated_seconde_dose,vaccinated_seconde_dose_cum,vaccinated_seconde_dose_population_perc
2020-12-19T00:00:00.000Z,43,60,0,0,0,0
2020-12-20T00:00:00.000Z,7373,7433,0.08,0,0,0
2020-12-21T00:00:00.000Z,24883,32316,0.35,0,0,0
2020-12-22T00:00:00.000Z,44613,76929,0.83,0,0,0
2020-12-23T00:00:00.000Z,62832,139761,1.5,0,0,0
2020-12-24T00:00:00.000Z,73330,213091,2.29,0,0,0
2020-12-25T00:00:00.000Z,38451,251542,2.71,0,0,0
2020-12-26T00:00:00.000Z,32573,284115,3.06,0,0,0
2020-12-27T00:00:00.000Z,104369,388484,4.18,0,0,0
2020-12-28T00:00:00.000Z,134807,523291,5.63,0,0,0
2020-12-29T00:00:00.000Z,155954,679245,7.3,0,0,0
2020-12-30T00:00:00.000Z,152728,831973,8.95,0,0,0
2020-12-31T00:00:00.000Z,158183,990156,10.65,0,0,0
2021-01-01T00:00:00.000Z,71231,1061387,11.41,0,0,0
2021-01-02T00:00:00.000Z,71625,1133012,12.18,0,0,0
2021-01-03T00:00:00.000Z,149405,1282417,13.79,0,0,0
2021-01-04T00:00:00.000Z,151841,1434258,15.42,1,1,0
2021-01-05T00:00:00.000Z,124859,1559117,16.77,0,1,0
2021-01-06T00:00:00.000Z,103074,1662191,17.87,0,1,0
2021-01-07T00:00:00.000Z,115826,1778017,19.12,4,5,0
2021-01-08T00:00:00.000Z,66294,1844311,19.83,3,8,0
2021-01-09T00:00:00.000Z,44456,1888767,20.31,22,30,0
2021-01-10T00:00:00.000Z,37540,1926307,20.71,5985,6015,0.06
2021-01-11T00:00:00.000Z,21014,1947321,20.94,19236,25251,0.27
2021-01-12T00:00:00.000Z,23909,1971230,21.2,35637,60888,0.65
2021-01-13T00:00:00.000Z,51919,2023149,21.76,56814,117702,1.27
2021-01-14T00:00:00.000Z,56302,2079451,22.36,68756,186458,2.01
2021-01-15T00:00:00.000Z,30616,2110067,22.69,35883,222341,2.39
2021-01-16T00:00:00.000Z,29366,2139433,23.01,25977,248318,2.67
2021-01-17T00:00:00.000Z,68253,2207686,23.74,84457,332775,3.58
2021-01-18T00:00:00.000Z,69527,2277213,24.49,120214,452989,4.87
2021-01-19T00:00:00.000Z,72581,2349794,25.27,137533,590522,6.35
2021-01-20T00:00:00.000Z,76536,2426330,26.09,143403,733925,7.89
2021-01-21T00:00:00.000Z,69580,2495910,26.84,163967,897892,9.66
2021-01-22T00:00:00.000Z,37713,2533623,27.25,70924,968816,10.42
2021-01-23T00:00:00.000Z,39852,2573475,27.67,53474,1022290,10.99
2021-01-24T00:00:00.000Z,68939,2642414,28.42,140340,1162630,12.5
2021-01-25T00:00:00.000Z,80734,2723148,29.28,139176,1301806,14
2021-01-26T00:00:00.000Z,78483,2801631,30.13,126073,1427879,15.35
2021-01-27T00:00:00.000Z,77693,2879324,30.96,124722,1552601,16.7
2021-01-28T00:00:00.000Z,79410,2958734,31.82,130297,1682898,18.1
2021-01-29T00:00:00.000Z,36524,2995258,32.21,64611,1747509,18.79
2021-01-30T00:00:00.000Z,34289,3029547,32.58,42663,1790172,19.25
2021-01-31T00:00:00.000Z,73179,3102726,33.37,59344,1849516,19.89
2021-02-01T00:00:00.000Z,82273,3184999,34.25,35210,1884726,20.27
2021-02-02T00:00:00.000Z,69863,3254862,35,30950,1915676,20.6
2021-02-03T00:00:00.000Z,60072,3314934,35.65,51271,1966947,21.15
2021-02-04T00:00:00.000Z,72389,3387323,36.43,57921,2024868,21.77
2021-02-05T00:00:00.000Z,33777,3421100,36.79,28657,2053525,22.08
2021-02-06T00:00:00.000Z,21535,3442635,37.02,22140,2075665,22.32
2021-02-07T00:00:00.000Z,53940,3496575,37.6,68545,2144210,23.06
2021-02-08T00:00:00.000Z,58480,3555055,38.23,65202,2209412,23.76
2021-02-09T00:00:00.000Z,66121,3621176,38.94,67282,2276694,24.48
2021-02-10T00:00:00.000Z,70338,3691514,39.7,71952,2348646,25.26
2021-02-11T00:00:00.000Z,80892,3772406,40.57,71534,2420180,26.03
2021-02-12T00:00:00.000Z,38937,3811343,40.99,37409,2457589,26.43
2021-02-13T00:00:00.000Z,27388,3838731,41.28,30348,2487937,26.75
2021-02-14T00:00:00.000Z,74729,3913460,42.08,68872,2556809,27.49
2021-02-15T00:00:00.000Z,81323,3994783,42.96,75489,2632298,28.31
2021-02-16T00:00:00.000Z,83319,4078102,43.85,78041,2710339,29.15
2021-02-17T00:00:00.000Z,61797,4139899,44.52,75339,2785678,29.96
2021-02-18T00:00:00.000Z,68977,4208876,45.26,79496,2865174,30.81
2021-02-19T00:00:00.000Z,39559,4248435,45.69,37995,2903169,31.22
2021-02-20T00:00:00.000Z,31583,4280018,46.03,28645,2931814,31.53
2021-02-21T00:00:00.000Z,79315,4359333,46.88,78344,3010158,32.37
2021-02-22T00:00:00.000Z,84878,4444211,47.79,80360,3090518,33.23
2021-02-23T00:00:00.000Z,77194,4521405,48.62,70229,3160747,33.99
2021-02-24T00:00:00.000Z,60876,4582281,49.28,62873,3223620,34.67
2021-02-25T00:00:00.000Z,51511,4633792,49.83,64544,3288164,35.36
2021-02-26T00:00:00.000Z,25753,4659545,50.11,31887,3320051,35.7
2021-02-27T00:00:00.000Z,18255,4677800,50.3,21128,3341179,35.93
2021-02-28T00:00:00.000Z,40166,4717966,50.73,55712,3396891,36.53
2021-03-01T00:00:00.000Z,45508,4763474,51.22,61266,3458157,37.19
2021-03-02T00:00:00.000Z,41005,4804479,51.67,64525,3522682,37.88
2021-03-03T00:00:00.000Z,41784,4846263,52.11,66561,3589243,38.6
2021-03-04T00:00:00.000Z,39474,4885737,52.54,78847,3668090,39.44
2021-03-05T00:00:00.000Z,17164,4902901,52.72,40321,3708411,39.88
2021-03-06T00:00:00.000Z,10568,4913469,52.84,25278,3733689,40.15
2021-03-07T00:00:00.000Z,30966,4944435,53.17,72680,3806369,40.93
2021-03-08T00:00:00.000Z,27163,4971598,53.46,73083,3879452,41.72
2021-03-09T00:00:00.000Z,26501,4998099,53.75,76477,3955929,42.54
2021-03-10T00:00:00.000Z,23089,5021188,54,58505,4014434,43.17
2021-03-11T00:00:00.000Z,23058,5044246,54.24,68886,4083320,43.91
2021-03-12T00:00:00.000Z,11096,5055342,54.36,41298,4124618,44.35
2021-03-13T00:00:00.000Z,7848,5063190,54.45,25182,4149800,44.62
2021-03-14T00:00:00.000Z,20828,5084018,54.67,73830,4223630,45.42
2021-03-15T00:00:00.000Z,19903,5103921,54.88,78055,4301685,46.26
2021-03-16T00:00:00.000Z,18532,5122453,55.08,71357,4373042,47.03
2021-03-17T00:00:00.000Z,17502,5139955,55.27,58831,4431873,47.66
2021-03-18T00:00:00.000Z,15823,5155778,55.44,57967,4489840,48.28
2021-03-19T00:00:00.000Z,6750,5162528,55.52,27871,4517711,48.58
2021-03-20T00:00:00.000Z,5118,5167646,55.57,15226,4532937,48.74
2021-03-21T00:00:00.000Z,13028,5180674,55.71,40364,4573301,49.18
2021-03-22T00:00:00.000Z,13355,5194029,55.85,40370,4613671,49.61
2021-03-23T00:00:00.000Z,2603,5196632,55.88,7155,4620826,49.69
2021-03-24T00:00:00.000Z,10792,5207424,56,46349,4667175,50.19
2021-03-25T00:00:00.000Z,10035,5217459,56.11,35254,4702429,50.57
2021-03-26T00:00:00.000Z,4005,5221464,56.15,13216,4715645,50.71
2021-03-27T00:00:00.000Z,1710,5223174,56.17,4200,4719845,50.75
2021-03-28T00:00:00.000Z,2039,5225213,56.19,4548,4724393,50.8
2021-03-29T00:00:00.000Z,6774,5231987,56.26,29859,4754252,51.12
2021-03-30T00:00:00.000Z,7658,5239645,56.34,22232,4776484,51.36
2021-03-31T00:00:00.000Z,7948,5247593,56.43,19250,4795734,51.57
2021-04-01T00:00:00.000Z,7943,5255536,56.52,18468,4814202,51.77
2021-04-02T00:00:00.000Z,2769,5258305,56.55,7964,4822166,51.86
2021-04-03T00:00:00.000Z,1339,5259644,56.56,2879,4825045,51.89
2021-04-04T00:00:00.000Z,9539,5269183,56.66,22718,4847763,52.13
2021-04-05T00:00:00.000Z,10174,5279357,56.77,21081,4868844,52.36
2021-04-06T00:00:00.000Z,8770,5288127,56.87,16556,4885400,52.54
2021-04-07T00:00:00.000Z,8672,5296799,56.96,15091,4900491,52.7
2021-04-08T00:00:00.000Z,9160,5305959,57.06,16750,4917241,52.88
2021-04-09T00:00:00.000Z,3370,5309329,57.09,6053,4923294,52.94
2021-04-10T00:00:00.000Z,1491,5310820,57.11,3429,4926723,52.98
2021-04-11T00:00:00.000Z,8893,5319713,57.21,14094,4940817,53.13
2021-04-12T00:00:00.000Z,8703,5328416,57.3,13024,4953841,53.27
2021-04-13T00:00:00.000Z,5602,5334018,57.36,4780,4958621,53.32
2021-04-14T00:00:00.000Z,3425,5337443,57.4,5110,4963731,53.38
2021-04-15T00:00:00.000Z,450,5337893,57.4,413,4964144,53.38
2021-04-16T00:00:00.000Z,3191,5341084,57.44,6458,4970602,53.45
2021-04-17T00:00:00.000Z,743,5341827,57.44,1912,4972514,53.47
2021-04-18T00:00:00.000Z,6965,5348792,57.52,7351,4979865,53.55
2021-04-19T00:00:00.000Z,6205,5354997,57.58,6969,4986834,53.63
2021-04-20T00:00:00.000Z,6044,5361041,57.65,6685,4993519,53.7
2021-04-21T00:00:00.000Z,6150,5367191,57.72,6900,5000419,53.77
2021-04-22T00:00:00.000Z,5742,5372933,57.78,7466,5007885,53.85
2021-04-23T00:00:00.000Z,2585,5375518,57.81,3232,5011117,53.89
2021-04-24T00:00:00.000Z,679,5376197,57.81,1212,5012329,53.9
2021-04-25T00:00:00.000Z,4716,5380913,57.86,6825,5019154,53.97
2021-04-26T00:00:00.000Z,5331,5386244,57.92,7725,5026879,54.06
2021-04-27T00:00:00.000Z,4347,5390591,57.97,6415,5033294,54.13
2021-04-28T00:00:00.000Z,4310,5394901,58.01,7095,5040389,54.2
2021-04-29T00:00:00.000Z,4191,5399092,58.06,7084,5047473,54.28
2021-04-30T00:00:00.000Z,1731,5400823,58.08,3001,5050474,54.31
2021-05-01T00:00:00.000Z,382,5401205,58.08,820,5051294,54.32
2021-05-02T00:00:00.000Z,3154,5404359,58.12,5953,5057247,54.38
2021-05-03T00:00:00.000Z,3400,5407759,58.15,5631,5062878,54.44
2021-05-04T00:00:00.000Z,3382,5411141,58.19,4530,5067408,54.49
2021-05-05T00:00:00.000Z,3110,5414251,58.22,3866,5071274,54.53
2021-05-06T00:00:00.000Z,3437,5417688,58.26,2922,5074196,54.57
2021-05-07T00:00:00.000Z,1661,5419349,58.28,2282,5076478,54.59
2021-05-08T00:00:00.000Z,175,5419524,58.28,423,5076901,54.59
2021-05-09T00:00:00.000Z,2766,5422290,58.31,4625,5081526,54.64
2021-05-10T00:00:00.000Z,2764,5425054,58.34,4524,5086050,54.69
2021-05-11T00:00:00.000Z,2414,5427468,58.36,3640,5089690,54.73
2021-05-12T00:00:00.000Z,1816,5429284,58.38,3095,5092785,54.77
2021-05-13T00:00:00.000Z,1816,5431100,58.4,3477,5096262,54.8
2021-05-14T00:00:00.000Z,773,5431873,58.41,1333,5097595,54.82
2021-05-15T00:00:00.000Z,134,5432007,58.41,173,5097768,54.82
2021-05-16T00:00:00.000Z,426,5432433,58.42,1136,5098904,54.83
2021-05-17T00:00:00.000Z,187,5432620,58.42,758,5099662,54.84
2021-05-18T00:00:00.000Z,1818,5434438,58.44,4799,5104461,54.89
2021-05-19T00:00:00.000Z,2030,5436468,58.46,4876,5109337,54.94
2021-05-20T00:00:00.000Z,2092,5438560,58.48,3717,5113054,54.98
2021-05-21T00:00:00.000Z,1009,5439569,58.49,1223,5114277,55
2021-05-22T00:00:00.000Z,139,5439708,58.5,323,5114600,55
2021-05-23T00:00:00.000Z,2198,5441906,58.52,3125,5117725,55.03
2021-05-24T00:00:00.000Z,1976,5443882,58.54,3462,5121187,55.07
2021-05-25T00:00:00.000Z,1650,5445532,58.56,2437,5123624,55.1
2021-05-26T00:00:00.000Z,1219,5446751,58.57,2324,5125948,55.12
2021-05-27T00:00:00.000Z,1636,5448387,58.59,2944,5128892,55.15
2021-05-28T00:00:00.000Z,616,5449003,58.6,1240,5130132,55.17
2021-05-29T00:00:00.000Z,104,5449107,58.6,161,5130293,55.17
2021-05-30T00:00:00.000Z,1546,5450653,58.61,1847,5132140,55.19
2021-05-31T00:00:00.000Z,1522,5452175,58.63,1948,5134088,55.21
2021-06-01T00:00:00.000Z,1177,5453352,58.64,1666,5135754,55.23
2021-06-02T00:00:00.000Z,1289,5454641,58.66,1435,5137189,55.24
2021-06-03T00:00:00.000Z,1504,5456145,58.67,1291,5138480,55.26
2021-06-04T00:00:00.000Z,926,5457071,58.68,546,5139026,55.26
2021-06-05T00:00:00.000Z,103,5457174,58.68,66,5139092,55.26
2021-06-06T00:00:00.000Z,4180,5461354,58.73,873,5139965,55.27
2021-06-07T00:00:00.000Z,4222,5465576,58.77,667,5140632,55.28
2021-06-08T00:00:00.000Z,3554,5469130,58.81,1019,5141651,55.29
2021-06-09T00:00:00.000Z,3454,5472584,58.85,1128,5142779,55.3
2021-06-10T00:00:00.000Z,3188,5475772,58.88,1122,5143901,55.32
2021-06-11T00:00:00.000Z,1241,5477013,58.9,406,5144307,55.32
2021-06-12T00:00:00.000Z,138,5477151,58.9,89,5144396,55.32
2021-06-13T00:00:00.000Z,3037,5480188,58.93,1165,5145561,55.33
2021-06-14T00:00:00.000Z,2886,5483074,58.96,1375,5146936,55.35
2021-06-15T00:00:00.000Z,2951,5486025,58.99,1181,5148117,55.36
2021-06-16T00:00:00.000Z,2561,5488586,59.02,831,5148948,55.37
2021-06-17T00:00:00.000Z,2548,5491134,59.05,1012,5149960,55.38
2021-06-18T00:00:00.000Z,1085,5492219,59.06,334,5150294,55.38
2021-06-19T00:00:00.000Z,141,5492360,59.06,78,5150372,55.38
2021-06-20T00:00:00.000Z,3226,5495586,59.1,1211,5151583,55.4
2021-06-21T00:00:00.000Z,5039,5500625,59.15,1055,5152638,55.41
2021-06-22T00:00:00.000Z,6751,5507376,59.22,908,5153546,55.42
2021-06-23T00:00:00.000Z,10545,5517921,59.34,1104,5154650,55.43
2021-06-24T00:00:00.000Z,11846,5529767,59.46,1303,5155953,55.44
2021-06-25T00:00:00.000Z,6918,5536685,59.54,768,5156721,55.45
2021-06-26T00:00:00.000Z,2186,5538871,59.56,112,5156833,55.45
2021-06-27T00:00:00.000Z,13528,5552399,59.71,3300,5160133,55.49
2021-06-28T00:00:00.000Z,14334,5566733,59.86,3472,5163605,55.53
2021-06-29T00:00:00.000Z,16498,5583231,60.04,3521,5167126,55.56
2021-06-30T00:00:00.000Z,16267,5599498,60.21,3191,5170317,55.6
2021-07-01T00:00:00.000Z,16676,5616174,60.39,3197,5173514,55.63
2021-07-02T00:00:00.000Z,9656,5625830,60.5,1399,5174913,55.65
2021-07-03T00:00:00.000Z,2589,5628419,60.53,238,5175151,55.65
2021-07-04T00:00:00.000Z,17624,5646043,60.71,3069,5178220,55.68
2021-07-05T00:00:00.000Z,17635,5663678,60.9,2868,5181088,55.71
2021-07-06T00:00:00.000Z,17696,5681374,61.09,3194,5184282,55.75
2021-07-07T00:00:00.000Z,15280,5696654,61.26,2499,5186781,55.78
2021-07-08T00:00:00.000Z,16384,5713038,61.44,2667,5189448,55.8
2021-07-09T00:00:00.000Z,10992,5724030,61.55,1305,5190753,55.82
2021-07-10T00:00:00.000Z,4880,5728910,61.61,303,5191056,55.82
2021-07-11T00:00:00.000Z,1387,5730297,61.62,2761,5193817,55.85
2021-07-12T00:00:00.000Z,2316,5732613,61.65,3497,5197314,55.89
2021-07-13T00:00:00.000Z,2843,5735456,61.68,5253,5202567,55.95
2021-07-14T00:00:00.000Z,2603,5738059,61.7,7319,5209886,56.02
2021-07-15T00:00:00.000Z,2858,5740917,61.73,9063,5218949,56.12
2021-07-16T00:00:00.000Z,1149,5742066,61.75,5721,5224670,56.18
2021-07-17T00:00:00.000Z,297,5742363,61.75,1297,5225967,56.2
2021-07-18T00:00:00.000Z,1978,5744341,61.77,9600,5235567,56.3
2021-07-19T00:00:00.000Z,2686,5747027,61.8,10432,5245999,56.41
2021-07-20T00:00:00.000Z,0,5747027,61.8,0,5245999,56.41
